"DATE:" "1/28/2015 9:09:24 AM"
"FILE:" "C:\Users\AndersenLab\Desktop\wmicrotracker\p00011\20150128_0857"
"SUBPROJECT:" "20150128_Longevity_1_3mgmL"

"<<<<<< Group Activity: Average Activity Counts per Data Interval>>>>>>"
Group/Time[m] 2 4 6 8 10
"000_Group0" 14 11 21 30 19
"001_Group1" 21 31 41 20 34
"002_Group2" 26 14 8 11 4
"003_Group3" 52 38 39 13 33
"004_Group4" 35 37 23 10 35
"005_Group5" 37 47 28 9 16
"006_Group6" 23 31 21 9 8
"007_Group7" 30 38 13 25 13
"008_Group8" 29 12 10 16 11
"009_Group9" 12 12 12 12 7
"010_Group10" 8 14 11 9 14
"011_Group11" 16 12 7 20 9
"012_Group12" 32 27 21 8 14
"013_Group13" 13 12 9 14 12
"014_Group14" 13 17 11 7 4
"015_Group15" 23 42 25 28 16
"016_Group16" 18 20 29 22 23
"017_Group17" 6 20 14 8 6
"018_Group18" 11 8 11 8 4
"019_Group19" 13 11 10 7 5
"020_Group20" 16 9 5 21 8
"021_Group21" 12 11 7 9 4
"022_Group22" 14 13 12 7 10
"023_Group23" 31 25 26 6 6
"024_Group24" 8 3 6 3 11
"025_Group25" 17 17 10 22 16
"026_Group26" 42 24 25 15 7
"027_Group27" 23 27 36 31 18
"028_Group28" 33 25 20 10 11
"029_Group29" 20 27 21 18 17
"030_Group30" 12 13 8 5 8
"031_Group31" 14 24 9 7 10
"032_Group32" 7 2 3 2 0
"033_Group33" 13 13 14 1 13
"034_Group34" 7 3 4 0 0
"035_Group35" 16 25 18 23 13
"036_Group36" 14 7 6 6 14
"037_Group37" 7 8 5 17 5
"038_Group38" 27 12 19 4 11
"039_Group39" 13 21 8 11 2
"040_Group40" 5 6 2 2 1
"041_Group41" 0 0 0 0 0
"042_Group42" 3 1 0 0 0
"043_Group43" 21 6 9 6 7
"044_Group44" 1 2 2 11 1
"045_Group45" 1 4 0 0 0
"046_Group46" 12 4 5 1 0
"047_Group47" 2 2 0 0 4
"048_Group48" 30 27 17 12 22
"049_Group49" 8 7 13 10 15
"050_Group50" 18 15 16 12 8
"051_Group51" 8 19 12 9 9
"052_Group52" 16 13 10 11 14
"053_Group53" 12 16 5 9 13
"054_Group54" 40 36 35 17 19
"055_Group55" 8 12 16 13 13
"056_Group56" 7 19 18 6 17
"057_Group57" 20 9 7 6 7
"058_Group58" 6 21 7 9 5
"059_Group59" 16 17 14 10 6
"060_Group60" 9 7 12 10 15
"061_Group61" 3 13 11 6 11
"062_Group62" 24 20 14 9 7
"063_Group63" 19 28 22 4 6
"064_Group64" 40 43 33 27 35
"065_Group65" 27 33 23 26 18
"066_Group66" 31 28 20 24 17
"067_Group67" 24 21 16 12 12
"068_Group68" 12 37 31 19 16
"069_Group69" 20 30 22 17 15
"070_Group70" 18 29 28 22 21
"071_Group71" 30 35 36 28 18
"072_Group72" 30 19 14 22 13
"073_Group73" 9 14 18 13 7
"074_Group74" 15 16 19 12 27
"075_Group75" 14 21 21 20 11
"076_Group76" 4 18 18 4 17
"077_Group77" 23 36 25 21 15
"078_Group78" 15 22 15 16 16
"079_Group79" 13 13 12 4 11
"080_Group80" 19 11 8 11 10
"081_Group81" 10 7 8 6 8
"082_Group82" 11 14 12 22 15
"083_Group83" 10 20 18 6 14
"084_Group84" 24 35 21 26 16
"085_Group85" 13 10 11 14 21
"086_Group86" 29 24 13 24 15
"087_Group87" 18 8 13 14 12
"088_Group88" 21 12 8 17 13
"089_Group89" 17 9 11 8 7
"090_Group90" 21 13 10 11 13
"091_Group91" 22 15 14 10 9
"092_Group92" 17 10 9 11 14
"093_Group93" 9 4 8 11 11
"094_Group94" 19 17 11 8 10
"095_Group95" 21 9 12 8 12

"<<<<<< Group Activity: Number of wells/group >>>>>>"
Group/Time[m] 2 4 6 8 10
"000_Group0" 1 1 1 1 1
"001_Group1" 1 1 1 1 1
"002_Group2" 1 1 1 1 1
"003_Group3" 1 1 1 1 1
"004_Group4" 1 1 1 1 1
"005_Group5" 1 1 1 1 1
"006_Group6" 1 1 1 1 1
"007_Group7" 1 1 1 1 1
"008_Group8" 1 1 1 1 1
"009_Group9" 1 1 1 1 1
"010_Group10" 1 1 1 1 1
"011_Group11" 1 1 1 1 1
"012_Group12" 1 1 1 1 1
"013_Group13" 1 1 1 1 1
"014_Group14" 1 1 1 1 1
"015_Group15" 1 1 1 1 1
"016_Group16" 1 1 1 1 1
"017_Group17" 1 1 1 1 1
"018_Group18" 1 1 1 1 1
"019_Group19" 1 1 1 1 1
"020_Group20" 1 1 1 1 1
"021_Group21" 1 1 1 1 1
"022_Group22" 1 1 1 1 1
"023_Group23" 1 1 1 1 1
"024_Group24" 1 1 1 1 1
"025_Group25" 1 1 1 1 1
"026_Group26" 1 1 1 1 1
"027_Group27" 1 1 1 1 1
"028_Group28" 1 1 1 1 1
"029_Group29" 1 1 1 1 1
"030_Group30" 1 1 1 1 1
"031_Group31" 1 1 1 1 1
"032_Group32" 1 1 1 1 1
"033_Group33" 1 1 1 1 1
"034_Group34" 1 1 1 1 1
"035_Group35" 1 1 1 1 1
"036_Group36" 1 1 1 1 1
"037_Group37" 1 1 1 1 1
"038_Group38" 1 1 1 1 1
"039_Group39" 1 1 1 1 1
"040_Group40" 1 1 1 1 1
"041_Group41" 1 1 1 1 1
"042_Group42" 1 1 1 1 1
"043_Group43" 1 1 1 1 1
"044_Group44" 1 1 1 1 1
"045_Group45" 1 1 1 1 1
"046_Group46" 1 1 1 1 1
"047_Group47" 1 1 1 1 1
"048_Group48" 1 1 1 1 1
"049_Group49" 1 1 1 1 1
"050_Group50" 1 1 1 1 1
"051_Group51" 1 1 1 1 1
"052_Group52" 1 1 1 1 1
"053_Group53" 1 1 1 1 1
"054_Group54" 1 1 1 1 1
"055_Group55" 1 1 1 1 1
"056_Group56" 1 1 1 1 1
"057_Group57" 1 1 1 1 1
"058_Group58" 1 1 1 1 1
"059_Group59" 1 1 1 1 1
"060_Group60" 1 1 1 1 1
"061_Group61" 1 1 1 1 1
"062_Group62" 1 1 1 1 1
"063_Group63" 1 1 1 1 1
"064_Group64" 1 1 1 1 1
"065_Group65" 1 1 1 1 1
"066_Group66" 1 1 1 1 1
"067_Group67" 1 1 1 1 1
"068_Group68" 1 1 1 1 1
"069_Group69" 1 1 1 1 1
"070_Group70" 1 1 1 1 1
"071_Group71" 1 1 1 1 1
"072_Group72" 1 1 1 1 1
"073_Group73" 1 1 1 1 1
"074_Group74" 1 1 1 1 1
"075_Group75" 1 1 1 1 1
"076_Group76" 1 1 1 1 1
"077_Group77" 1 1 1 1 1
"078_Group78" 1 1 1 1 1
"079_Group79" 1 1 1 1 1
"080_Group80" 1 1 1 1 1
"081_Group81" 1 1 1 1 1
"082_Group82" 1 1 1 1 1
"083_Group83" 1 1 1 1 1
"084_Group84" 1 1 1 1 1
"085_Group85" 1 1 1 1 1
"086_Group86" 1 1 1 1 1
"087_Group87" 1 1 1 1 1
"088_Group88" 1 1 1 1 1
"089_Group89" 1 1 1 1 1
"090_Group90" 1 1 1 1 1
"091_Group91" 1 1 1 1 1
"092_Group92" 1 1 1 1 1
"093_Group93" 1 1 1 1 1
"094_Group94" 1 1 1 1 1
"095_Group95" 1 1 1 1 1

"<<<<<< Number of Samples per Acquisition Interval [1unit=500values] >>>>>>"
Time[m] 2 4 6 8 10 
#Samples 2 2 2 2 2 

"<<<<<< Average Temperature [°C] >>>>>>"
Time[m] 2 4 6 8 10 
Temp[°C] 21.8 21.8 21.8 21.8 21.8 

"<<<<<< Well Activity >>>>>>"
Well Group/Time[m] 2 4 6 8 10
A1 "000_Group0" 14 11 21 30 19
B1 "001_Group1" 21 31 41 20 34
C1 "002_Group2" 26 14 8 11 4
D1 "003_Group3" 52 38 39 13 33
E1 "004_Group4" 35 37 23 10 35
F1 "005_Group5" 37 47 28 9 16
G1 "006_Group6" 23 31 21 9 8
H1 "007_Group7" 30 38 13 25 13
A2 "008_Group8" 29 12 10 16 11
B2 "009_Group9" 12 12 12 12 7
C2 "010_Group10" 8 14 11 9 14
D2 "011_Group11" 16 12 7 20 9
E2 "012_Group12" 32 27 21 8 14
F2 "013_Group13" 13 12 9 14 12
G2 "014_Group14" 13 17 11 7 4
H2 "015_Group15" 23 42 25 28 16
A3 "016_Group16" 18 20 29 22 23
B3 "017_Group17" 6 20 14 8 6
C3 "018_Group18" 11 8 11 8 4
D3 "019_Group19" 13 11 10 7 5
E3 "020_Group20" 16 9 5 21 8
F3 "021_Group21" 12 11 7 9 4
G3 "022_Group22" 14 13 12 7 10
H3 "023_Group23" 31 25 26 6 6
A4 "024_Group24" 8 3 6 3 11
B4 "025_Group25" 17 17 10 22 16
C4 "026_Group26" 42 24 25 15 7
D4 "027_Group27" 23 27 36 31 18
E4 "028_Group28" 33 25 20 10 11
F4 "029_Group29" 20 27 21 18 17
G4 "030_Group30" 12 13 8 5 8
H4 "031_Group31" 14 24 9 7 10
A5 "032_Group32" 7 2 3 2 0
B5 "033_Group33" 13 13 14 1 13
C5 "034_Group34" 7 3 4 0 0
D5 "035_Group35" 16 25 18 23 13
E5 "036_Group36" 14 7 6 6 14
F5 "037_Group37" 7 8 5 17 5
G5 "038_Group38" 27 12 19 4 11
H5 "039_Group39" 13 21 8 11 2
A6 "040_Group40" 5 6 2 2 1
B6 "041_Group41" 0 0 0 0 0
C6 "042_Group42" 3 1 0 0 0
D6 "043_Group43" 21 6 9 6 7
E6 "044_Group44" 1 2 2 11 1
F6 "045_Group45" 1 4 0 0 0
G6 "046_Group46" 12 4 5 1 0
H6 "047_Group47" 2 2 0 0 4
A7 "048_Group48" 30 27 17 12 22
B7 "049_Group49" 8 7 13 10 15
C7 "050_Group50" 18 15 16 12 8
D7 "051_Group51" 8 19 12 9 9
E7 "052_Group52" 16 13 10 11 14
F7 "053_Group53" 12 16 5 9 13
G7 "054_Group54" 40 36 35 17 19
H7 "055_Group55" 8 12 16 13 13
A8 "056_Group56" 7 19 18 6 17
B8 "057_Group57" 20 9 7 6 7
C8 "058_Group58" 6 21 7 9 5
D8 "059_Group59" 16 17 14 10 6
E8 "060_Group60" 9 7 12 10 15
F8 "061_Group61" 3 13 11 6 11
G8 "062_Group62" 24 20 14 9 7
H8 "063_Group63" 19 28 22 4 6
A9 "064_Group64" 40 43 33 27 35
B9 "065_Group65" 27 33 23 26 18
C9 "066_Group66" 31 28 20 24 17
D9 "067_Group67" 24 21 16 12 12
E9 "068_Group68" 12 37 31 19 16
F9 "069_Group69" 20 30 22 17 15
G9 "070_Group70" 18 29 28 22 21
H9 "071_Group71" 30 35 36 28 18
A10 "072_Group72" 30 19 14 22 13
B10 "073_Group73" 9 14 18 13 7
C10 "074_Group74" 15 16 19 12 27
D10 "075_Group75" 14 21 21 20 11
E10 "076_Group76" 4 18 18 4 17
F10 "077_Group77" 23 36 25 21 15
G10 "078_Group78" 15 22 15 16 16
H10 "079_Group79" 13 13 12 4 11
A11 "080_Group80" 19 11 8 11 10
B11 "081_Group81" 10 7 8 6 8
C11 "082_Group82" 11 14 12 22 15
D11 "083_Group83" 10 20 18 6 14
E11 "084_Group84" 24 35 21 26 16
F11 "085_Group85" 13 10 11 14 21
G11 "086_Group86" 29 24 13 24 15
H11 "087_Group87" 18 8 13 14 12
A12 "088_Group88" 21 12 8 17 13
B12 "089_Group89" 17 9 11 8 7
C12 "090_Group90" 21 13 10 11 13
D12 "091_Group91" 22 15 14 10 9
E12 "092_Group92" 17 10 9 11 14
F12 "093_Group93" 9 4 8 11 11
G12 "094_Group94" 19 17 11 8 10
H12 "095_Group95" 21 9 12 8 12

"<<<<<< Channel Activity >>>>>>"
Channel Well Group/Time[m] 2 4 6 8 10
CH0 A1.0 "000_Group0" 14 11 21 30 19
CH2 B1.0 "001_Group1" 21 31 41 20 34
CH4 C1.0 "002_Group2" 26 14 8 11 4
CH6 D1.0 "003_Group3" 52 38 39 13 33
CH8 E1.0 "004_Group4" 35 37 23 10 35
CH10 F1.0 "005_Group5" 37 47 28 9 16
CH12 G1.0 "006_Group6" 23 31 21 9 8
CH14 H1.0 "007_Group7" 30 38 13 25 13
CH32 A2.0 "008_Group8" 29 12 10 16 11
CH34 B2.0 "009_Group9" 12 12 12 12 7
CH36 C2.0 "010_Group10" 8 14 11 9 14
CH38 D2.0 "011_Group11" 16 12 7 20 9
CH40 E2.0 "012_Group12" 32 27 21 8 14
CH42 F2.0 "013_Group13" 13 12 9 14 12
CH44 G2.0 "014_Group14" 13 17 11 7 4
CH46 H2.0 "015_Group15" 23 42 25 28 16
CH64 A3.0 "016_Group16" 18 20 29 22 23
CH66 B3.0 "017_Group17" 6 20 14 8 6
CH68 C3.0 "018_Group18" 11 8 11 8 4
CH70 D3.0 "019_Group19" 13 11 10 7 5
CH72 E3.0 "020_Group20" 16 9 5 21 8
CH74 F3.0 "021_Group21" 12 11 7 9 4
CH76 G3.0 "022_Group22" 14 13 12 7 10
CH78 H3.0 "023_Group23" 31 25 26 6 6
CH96 A4.0 "024_Group24" 8 3 6 3 11
CH98 B4.0 "025_Group25" 17 17 10 22 16
CH100 C4.0 "026_Group26" 42 24 25 15 7
CH102 D4.0 "027_Group27" 23 27 36 31 18
CH104 E4.0 "028_Group28" 33 25 20 10 11
CH106 F4.0 "029_Group29" 20 27 21 18 17
CH108 G4.0 "030_Group30" 12 13 8 5 8
CH110 H4.0 "031_Group31" 14 24 9 7 10
CH128 A5.0 "032_Group32" 7 2 3 2 0
CH130 B5.0 "033_Group33" 13 13 14 1 13
CH132 C5.0 "034_Group34" 7 3 4 0 0
CH134 D5.0 "035_Group35" 16 25 18 23 13
CH136 E5.0 "036_Group36" 14 7 6 6 14
CH138 F5.0 "037_Group37" 7 8 5 17 5
CH140 G5.0 "038_Group38" 27 12 19 4 11
CH142 H5.0 "039_Group39" 13 21 8 11 2
CH160 A6.0 "040_Group40" 5 6 2 2 1
CH162 B6.0 "041_Group41" 0 0 0 0 0
CH164 C6.0 "042_Group42" 3 1 0 0 0
CH166 D6.0 "043_Group43" 21 6 9 6 7
CH168 E6.0 "044_Group44" 1 2 2 11 1
CH170 F6.0 "045_Group45" 1 4 0 0 0
CH172 G6.0 "046_Group46" 12 4 5 1 0
CH174 H6.0 "047_Group47" 2 2 0 0 4
CH192 A7.0 "048_Group48" 30 27 17 12 22
CH194 B7.0 "049_Group49" 8 7 13 10 15
CH196 C7.0 "050_Group50" 18 15 16 12 8
CH198 D7.0 "051_Group51" 8 19 12 9 9
CH200 E7.0 "052_Group52" 16 13 10 11 14
CH202 F7.0 "053_Group53" 12 16 5 9 13
CH204 G7.0 "054_Group54" 40 36 35 17 19
CH206 H7.0 "055_Group55" 8 12 16 13 13
CH224 A8.0 "056_Group56" 7 19 18 6 17
CH226 B8.0 "057_Group57" 20 9 7 6 7
CH228 C8.0 "058_Group58" 6 21 7 9 5
CH230 D8.0 "059_Group59" 16 17 14 10 6
CH232 E8.0 "060_Group60" 9 7 12 10 15
CH234 F8.0 "061_Group61" 3 13 11 6 11
CH236 G8.0 "062_Group62" 24 20 14 9 7
CH238 H8.0 "063_Group63" 19 28 22 4 6
CH256 A9.0 "064_Group64" 40 43 33 27 35
CH258 B9.0 "065_Group65" 27 33 23 26 18
CH260 C9.0 "066_Group66" 31 28 20 24 17
CH262 D9.0 "067_Group67" 24 21 16 12 12
CH264 E9.0 "068_Group68" 12 37 31 19 16
CH266 F9.0 "069_Group69" 20 30 22 17 15
CH268 G9.0 "070_Group70" 18 29 28 22 21
CH270 H9.0 "071_Group71" 30 35 36 28 18
CH288 A10.0 "072_Group72" 30 19 14 22 13
CH290 B10.0 "073_Group73" 9 14 18 13 7
CH292 C10.0 "074_Group74" 15 16 19 12 27
CH294 D10.0 "075_Group75" 14 21 21 20 11
CH296 E10.0 "076_Group76" 4 18 18 4 17
CH298 F10.0 "077_Group77" 23 36 25 21 15
CH300 G10.0 "078_Group78" 15 22 15 16 16
CH302 H10.0 "079_Group79" 13 13 12 4 11
CH320 A11.0 "080_Group80" 19 11 8 11 10
CH322 B11.0 "081_Group81" 10 7 8 6 8
CH324 C11.0 "082_Group82" 11 14 12 22 15
CH326 D11.0 "083_Group83" 10 20 18 6 14
CH328 E11.0 "084_Group84" 24 35 21 26 16
CH330 F11.0 "085_Group85" 13 10 11 14 21
CH332 G11.0 "086_Group86" 29 24 13 24 15
CH334 H11.0 "087_Group87" 18 8 13 14 12
CH352 A12.0 "088_Group88" 21 12 8 17 13
CH354 B12.0 "089_Group89" 17 9 11 8 7
CH356 C12.0 "090_Group90" 21 13 10 11 13
CH358 D12.0 "091_Group91" 22 15 14 10 9
CH360 E12.0 "092_Group92" 17 10 9 11 14
CH362 F12.0 "093_Group93" 9 4 8 11 11
CH364 G12.0 "094_Group94" 19 17 11 8 10
CH366 H12.0 "095_Group95" 21 9 12 8 12
