"DATE:" "1/26/2015 11:03:31 AM"
"FILE:" "C:\Users\AndersenLab\Desktop\wmicrotracker\p00011\20150124_0926"
"SUBPROJECT:" "Food Optimization 1 3mgmL 1-24"

"<<<<<< Group Activity: Average Activity Counts per Data Interval>>>>>>"
Group/Time[m] 2 4 6 8 10 12 14 16 18 20 22 24 26 28
"000_Group0" 45 33 43 42 38 31 47 25 43 15 23 31 38 25
"001_Group1" 38 28 40 31 24 24 19 23 11 9 18 14 28 14
"002_Group2" 39 38 32 28 34 21 13 11 10 10 14 13 17 21
"003_Group3" 45 46 21 38 42 27 39 13 24 17 21 21 25 15
"004_Group4" 48 51 35 39 39 49 38 42 53 13 45 27 17 46
"005_Group5" 50 46 21 42 27 41 36 26 20 11 26 39 18 31
"006_Group6" 43 47 34 38 43 30 37 31 28 5 22 34 17 10
"007_Group7" 57 35 39 33 37 33 36 23 27 16 30 29 38 39
"008_Group8" 43 38 34 42 40 32 31 28 22 17 30 33 39 19
"009_Group9" 34 37 22 41 33 21 25 29 27 11 23 27 30 29
"010_Group10" 30 38 21 38 26 27 25 16 18 8 15 20 17 17
"011_Group11" 32 20 33 23 41 35 32 45 27 20 38 15 21 30
"012_Group12" 22 37 34 19 23 28 19 24 24 6 19 30 15 32
"013_Group13" 33 47 38 29 36 37 42 34 16 6 22 14 31 34
"014_Group14" 24 34 38 32 26 39 18 42 25 13 34 16 30 30
"015_Group15" 25 32 32 32 35 34 32 33 33 10 41 28 31 35
"016_Group16" 13 17 11 14 41 26 19 11 13 12 12 17 18 26
"017_Group17" 14 22 18 23 15 18 13 17 7 13 16 11 27 16
"018_Group18" 50 20 26 28 11 12 24 7 8 5 13 25 19 26
"019_Group19" 13 15 15 13 10 28 9 15 17 6 13 9 12 11
"020_Group20" 30 25 34 28 28 15 16 19 13 14 23 13 24 24
"021_Group21" 23 22 23 25 19 11 24 27 19 8 13 17 8 19
"022_Group22" 19 12 26 34 25 12 15 23 13 10 26 22 29 20
"023_Group23" 57 29 48 21 20 18 15 10 16 6 11 14 17 24
"024_Group24" 22 10 11 11 10 15 8 13 8 8 22 13 16 11
"025_Group25" 16 29 22 19 13 15 15 13 11 8 6 8 11 15
"026_Group26" 14 16 8 14 10 8 7 8 10 5 15 9 14 10
"027_Group27" 11 14 11 10 17 9 25 15 21 9 12 11 16 17
"028_Group28" 9 13 13 11 11 14 14 16 7 2 17 13 12 14
"029_Group29" 29 9 9 12 7 11 10 9 13 7 15 11 16 12
"030_Group30" 9 20 26 31 15 13 13 11 11 5 14 16 2 12
"031_Group31" 20 8 9 12 9 11 6 18 14 6 13 6 4 9
"032_Group32" 54 38 24 34 27 11 34 33 24 15 33 25 28 33
"033_Group33" 34 28 24 31 27 39 36 37 21 13 43 19 22 29
"034_Group34" 45 38 14 16 40 34 13 32 27 7 17 14 12 16
"035_Group35" 57 18 18 16 10 20 20 21 8 5 22 13 11 14
"036_Group36" 46 44 32 11 32 24 14 23 24 19 21 21 20 16
"037_Group37" 28 36 42 32 28 41 43 12 23 21 24 17 17 17
"038_Group38" 12 29 18 21 7 18 18 12 20 6 16 22 11 12
"039_Group39" 25 18 19 22 17 14 15 4 9 4 10 10 13 4
"040_Group40" 3 7 4 1 0 9 5 3 1 5 6 5 2 6
"041_Group41" 21 18 10 8 6 0 0 5 0 1 0 0 0 0
"042_Group42" 0 15 6 0 0 0 0 0 0 0 0 0 0 0
"043_Group43" 13 7 14 4 8 0 3 0 0 1 0 2 3 0
"044_Group44" 1 1 2 8 9 2 0 0 0 0 0 0 0 0
"045_Group45" 2 1 2 0 0 0 0 0 0 0 0 0 1 0
"046_Group46" 1 0 0 0 0 0 0 0 0 5 0 10 6 9
"047_Group47" 11 3 0 1 1 0 0 0 0 8 1 0 0 1
"048_Group48" 31 33 38 36 34 28 30 47 19 12 17 32 32 21
"049_Group49" 6 11 27 25 20 24 23 29 37 16 12 28 31 27
"050_Group50" 24 35 34 40 34 46 23 35 31 10 17 30 9 19
"051_Group51" 26 32 40 47 47 37 36 29 35 8 22 24 25 24
"052_Group52" 7 30 15 11 26 16 22 21 25 9 24 23 41 35
"053_Group53" 11 13 18 19 15 15 9 19 22 8 33 23 18 31
"054_Group54" 37 29 13 18 7 13 8 26 18 16 25 34 34 21
"055_Group55" 29 7 15 24 32 11 9 12 15 4 28 22 16 12
"056_Group56" 46 44 15 13 21 11 23 12 9 9 10 14 15 12
"057_Group57" 12 12 12 14 17 15 16 10 8 7 7 14 10 18
"058_Group58" 38 32 29 20 9 10 8 46 25 5 6 25 10 15
"059_Group59" 27 28 21 13 14 14 21 9 19 8 10 17 11 25
"060_Group60" 28 9 7 5 10 18 11 8 11 2 10 9 10 8
"061_Group61" 24 12 28 23 10 10 11 14 21 13 22 23 26 22
"062_Group62" 40 26 31 10 17 16 15 14 5 11 13 11 11 12
"063_Group63" 34 33 21 13 13 9 12 15 17 5 22 15 8 10
"064_Group64" 22 46 31 38 36 20 30 29 31 22 23 33 10 11
"065_Group65" 32 15 33 37 35 21 28 19 22 13 21 10 16 13
"066_Group66" 10 15 19 33 30 28 26 34 25 10 38 26 21 28
"067_Group67" 46 33 27 33 23 19 16 26 22 10 26 16 16 20
"068_Group68" 28 47 39 48 51 37 44 36 43 17 24 35 30 22
"069_Group69" 40 46 37 14 22 19 14 13 27 20 23 16 18 8
"070_Group70" 20 15 29 48 38 21 29 29 20 6 10 35 23 21
"071_Group71" 32 33 52 26 18 33 20 13 15 9 16 13 17 17
"072_Group72" 11 7 21 11 15 15 12 19 14 7 8 15 10 14
"073_Group73" 5 23 30 32 23 31 25 28 43 4 25 32 27 33
"074_Group74" 45 37 16 16 24 10 16 28 17 15 18 20 18 5
"075_Group75" 34 30 23 22 27 25 17 18 10 18 11 29 23 16
"076_Group76" 19 36 40 21 11 19 20 9 12 5 11 9 12 10
"077_Group77" 13 20 15 16 24 26 19 12 13 5 12 9 16 13
"078_Group78" 16 30 42 28 26 22 15 16 30 14 30 29 19 20
"079_Group79" 37 27 46 38 19 23 21 23 11 6 28 20 14 14
"080_Group80" 18 20 18 20 14 15 18 29 11 5 17 16 12 11
"081_Group81" 13 12 7 13 12 8 13 15 8 3 12 17 12 10
"082_Group82" 23 22 12 17 9 21 29 13 11 6 18 15 12 13
"083_Group83" 18 12 20 16 5 7 10 12 7 8 10 8 19 18
"084_Group84" 14 16 16 9 20 8 11 12 14 3 11 20 12 14
"085_Group85" 8 16 20 15 20 8 14 13 6 11 17 14 12 12
"086_Group86" 9 16 10 7 15 16 21 16 14 3 18 13 9 22
"087_Group87" 14 14 10 9 7 13 16 14 16 7 25 13 6 7
"088_Group88" 4 14 7 10 15 18 13 14 8 6 23 13 23 6
"089_Group89" 37 17 16 14 22 13 18 7 10 6 22 24 27 33
"090_Group90" 19 17 11 9 15 10 14 13 15 6 19 25 17 20
"091_Group91" 10 36 22 13 22 11 10 17 16 6 11 7 17 9
"092_Group92" 10 11 16 23 11 26 22 23 16 4 25 20 21 27
"093_Group93" 3 9 23 13 19 22 8 16 11 10 23 25 14 13
"094_Group94" 22 22 17 25 17 10 14 18 13 19 21 13 18 24
"095_Group95" 17 12 9 13 29 15 9 15 12 12 32 24 12 21

"<<<<<< Group Activity: Number of wells/group >>>>>>"
Group/Time[m] 2 4 6 8 10 12 14 16 18 20 22 24 26 28
"000_Group0" 1 1 1 1 1 1 1 1 1 1 1 1 1 1
"001_Group1" 1 1 1 1 1 1 1 1 1 1 1 1 1 1
"002_Group2" 1 1 1 1 1 1 1 1 1 1 1 1 1 1
"003_Group3" 1 1 1 1 1 1 1 1 1 1 1 1 1 1
"004_Group4" 1 1 1 1 1 1 1 1 1 1 1 1 1 1
"005_Group5" 1 1 1 1 1 1 1 1 1 1 1 1 1 1
"006_Group6" 1 1 1 1 1 1 1 1 1 1 1 1 1 1
"007_Group7" 1 1 1 1 1 1 1 1 1 1 1 1 1 1
"008_Group8" 1 1 1 1 1 1 1 1 1 1 1 1 1 1
"009_Group9" 1 1 1 1 1 1 1 1 1 1 1 1 1 1
"010_Group10" 1 1 1 1 1 1 1 1 1 1 1 1 1 1
"011_Group11" 1 1 1 1 1 1 1 1 1 1 1 1 1 1
"012_Group12" 1 1 1 1 1 1 1 1 1 1 1 1 1 1
"013_Group13" 1 1 1 1 1 1 1 1 1 1 1 1 1 1
"014_Group14" 1 1 1 1 1 1 1 1 1 1 1 1 1 1
"015_Group15" 1 1 1 1 1 1 1 1 1 1 1 1 1 1
"016_Group16" 1 1 1 1 1 1 1 1 1 1 1 1 1 1
"017_Group17" 1 1 1 1 1 1 1 1 1 1 1 1 1 1
"018_Group18" 1 1 1 1 1 1 1 1 1 1 1 1 1 1
"019_Group19" 1 1 1 1 1 1 1 1 1 1 1 1 1 1
"020_Group20" 1 1 1 1 1 1 1 1 1 1 1 1 1 1
"021_Group21" 1 1 1 1 1 1 1 1 1 1 1 1 1 1
"022_Group22" 1 1 1 1 1 1 1 1 1 1 1 1 1 1
"023_Group23" 1 1 1 1 1 1 1 1 1 1 1 1 1 1
"024_Group24" 1 1 1 1 1 1 1 1 1 1 1 1 1 1
"025_Group25" 1 1 1 1 1 1 1 1 1 1 1 1 1 1
"026_Group26" 1 1 1 1 1 1 1 1 1 1 1 1 1 1
"027_Group27" 1 1 1 1 1 1 1 1 1 1 1 1 1 1
"028_Group28" 1 1 1 1 1 1 1 1 1 1 1 1 1 1
"029_Group29" 1 1 1 1 1 1 1 1 1 1 1 1 1 1
"030_Group30" 1 1 1 1 1 1 1 1 1 1 1 1 1 1
"031_Group31" 1 1 1 1 1 1 1 1 1 1 1 1 1 1
"032_Group32" 1 1 1 1 1 1 1 1 1 1 1 1 1 1
"033_Group33" 1 1 1 1 1 1 1 1 1 1 1 1 1 1
"034_Group34" 1 1 1 1 1 1 1 1 1 1 1 1 1 1
"035_Group35" 1 1 1 1 1 1 1 1 1 1 1 1 1 1
"036_Group36" 1 1 1 1 1 1 1 1 1 1 1 1 1 1
"037_Group37" 1 1 1 1 1 1 1 1 1 1 1 1 1 1
"038_Group38" 1 1 1 1 1 1 1 1 1 1 1 1 1 1
"039_Group39" 1 1 1 1 1 1 1 1 1 1 1 1 1 1
"040_Group40" 1 1 1 1 1 1 1 1 1 1 1 1 1 1
"041_Group41" 1 1 1 1 1 1 1 1 1 1 1 1 1 1
"042_Group42" 1 1 1 1 1 1 1 1 1 1 1 1 1 1
"043_Group43" 1 1 1 1 1 1 1 1 1 1 1 1 1 1
"044_Group44" 1 1 1 1 1 1 1 1 1 1 1 1 1 1
"045_Group45" 1 1 1 1 1 1 1 1 1 1 1 1 1 1
"046_Group46" 1 1 1 1 1 1 1 1 1 1 1 1 1 1
"047_Group47" 1 1 1 1 1 1 1 1 1 1 1 1 1 1
"048_Group48" 1 1 1 1 1 1 1 1 1 1 1 1 1 1
"049_Group49" 1 1 1 1 1 1 1 1 1 1 1 1 1 1
"050_Group50" 1 1 1 1 1 1 1 1 1 1 1 1 1 1
"051_Group51" 1 1 1 1 1 1 1 1 1 1 1 1 1 1
"052_Group52" 1 1 1 1 1 1 1 1 1 1 1 1 1 1
"053_Group53" 1 1 1 1 1 1 1 1 1 1 1 1 1 1
"054_Group54" 1 1 1 1 1 1 1 1 1 1 1 1 1 1
"055_Group55" 1 1 1 1 1 1 1 1 1 1 1 1 1 1
"056_Group56" 1 1 1 1 1 1 1 1 1 1 1 1 1 1
"057_Group57" 1 1 1 1 1 1 1 1 1 1 1 1 1 1
"058_Group58" 1 1 1 1 1 1 1 1 1 1 1 1 1 1
"059_Group59" 1 1 1 1 1 1 1 1 1 1 1 1 1 1
"060_Group60" 1 1 1 1 1 1 1 1 1 1 1 1 1 1
"061_Group61" 1 1 1 1 1 1 1 1 1 1 1 1 1 1
"062_Group62" 1 1 1 1 1 1 1 1 1 1 1 1 1 1
"063_Group63" 1 1 1 1 1 1 1 1 1 1 1 1 1 1
"064_Group64" 1 1 1 1 1 1 1 1 1 1 1 1 1 1
"065_Group65" 1 1 1 1 1 1 1 1 1 1 1 1 1 1
"066_Group66" 1 1 1 1 1 1 1 1 1 1 1 1 1 1
"067_Group67" 1 1 1 1 1 1 1 1 1 1 1 1 1 1
"068_Group68" 1 1 1 1 1 1 1 1 1 1 1 1 1 1
"069_Group69" 1 1 1 1 1 1 1 1 1 1 1 1 1 1
"070_Group70" 1 1 1 1 1 1 1 1 1 1 1 1 1 1
"071_Group71" 1 1 1 1 1 1 1 1 1 1 1 1 1 1
"072_Group72" 1 1 1 1 1 1 1 1 1 1 1 1 1 1
"073_Group73" 1 1 1 1 1 1 1 1 1 1 1 1 1 1
"074_Group74" 1 1 1 1 1 1 1 1 1 1 1 1 1 1
"075_Group75" 1 1 1 1 1 1 1 1 1 1 1 1 1 1
"076_Group76" 1 1 1 1 1 1 1 1 1 1 1 1 1 1
"077_Group77" 1 1 1 1 1 1 1 1 1 1 1 1 1 1
"078_Group78" 1 1 1 1 1 1 1 1 1 1 1 1 1 1
"079_Group79" 1 1 1 1 1 1 1 1 1 1 1 1 1 1
"080_Group80" 1 1 1 1 1 1 1 1 1 1 1 1 1 1
"081_Group81" 1 1 1 1 1 1 1 1 1 1 1 1 1 1
"082_Group82" 1 1 1 1 1 1 1 1 1 1 1 1 1 1
"083_Group83" 1 1 1 1 1 1 1 1 1 1 1 1 1 1
"084_Group84" 1 1 1 1 1 1 1 1 1 1 1 1 1 1
"085_Group85" 1 1 1 1 1 1 1 1 1 1 1 1 1 1
"086_Group86" 1 1 1 1 1 1 1 1 1 1 1 1 1 1
"087_Group87" 1 1 1 1 1 1 1 1 1 1 1 1 1 1
"088_Group88" 1 1 1 1 1 1 1 1 1 1 1 1 1 1
"089_Group89" 1 1 1 1 1 1 1 1 1 1 1 1 1 1
"090_Group90" 1 1 1 1 1 1 1 1 1 1 1 1 1 1
"091_Group91" 1 1 1 1 1 1 1 1 1 1 1 1 1 1
"092_Group92" 1 1 1 1 1 1 1 1 1 1 1 1 1 1
"093_Group93" 1 1 1 1 1 1 1 1 1 1 1 1 1 1
"094_Group94" 1 1 1 1 1 1 1 1 1 1 1 1 1 1
"095_Group95" 1 1 1 1 1 1 1 1 1 1 1 1 1 1

"<<<<<< Number of Samples per Acquisition Interval [1unit=500values] >>>>>>"
Time[m] 2 4 6 8 10 12 14 16 18 20 22 24 26 28 
#Samples 2 2 2 2 2 2 2 2 2 1 2 2 2 2 

"<<<<<< Average Temperature [°C] >>>>>>"
Time[m] 2 4 6 8 10 12 14 16 18 20 22 24 26 28 
Temp[°C] 21.8 21.8 22.0 21.8 21.9 22.0 22.0 22.0 22.0 22.0 22.0 22.0 22.0 22.0 

"<<<<<< Well Activity >>>>>>"
Well Group/Time[m] 2 4 6 8 10 12 14 16 18 20 22 24 26 28
A1 "000_Group0" 45 33 43 42 38 31 47 25 43 15 23 31 38 25
B1 "001_Group1" 38 28 40 31 24 24 19 23 11 9 18 14 28 14
C1 "002_Group2" 39 38 32 28 34 21 13 11 10 10 14 13 17 21
D1 "003_Group3" 45 46 21 38 42 27 39 13 24 17 21 21 25 15
E1 "004_Group4" 48 51 35 39 39 49 38 42 53 13 45 27 17 46
F1 "005_Group5" 50 46 21 42 27 41 36 26 20 11 26 39 18 31
G1 "006_Group6" 43 47 34 38 43 30 37 31 28 5 22 34 17 10
H1 "007_Group7" 57 35 39 33 37 33 36 23 27 16 30 29 38 39
A2 "008_Group8" 43 38 34 42 40 32 31 28 22 17 30 33 39 19
B2 "009_Group9" 34 37 22 41 33 21 25 29 27 11 23 27 30 29
C2 "010_Group10" 30 38 21 38 26 27 25 16 18 8 15 20 17 17
D2 "011_Group11" 32 20 33 23 41 35 32 45 27 20 38 15 21 30
E2 "012_Group12" 22 37 34 19 23 28 19 24 24 6 19 30 15 32
F2 "013_Group13" 33 47 38 29 36 37 42 34 16 6 22 14 31 34
G2 "014_Group14" 24 34 38 32 26 39 18 42 25 13 34 16 30 30
H2 "015_Group15" 25 32 32 32 35 34 32 33 33 10 41 28 31 35
A3 "016_Group16" 13 17 11 14 41 26 19 11 13 12 12 17 18 26
B3 "017_Group17" 14 22 18 23 15 18 13 17 7 13 16 11 27 16
C3 "018_Group18" 50 20 26 28 11 12 24 7 8 5 13 25 19 26
D3 "019_Group19" 13 15 15 13 10 28 9 15 17 6 13 9 12 11
E3 "020_Group20" 30 25 34 28 28 15 16 19 13 14 23 13 24 24
F3 "021_Group21" 23 22 23 25 19 11 24 27 19 8 13 17 8 19
G3 "022_Group22" 19 12 26 34 25 12 15 23 13 10 26 22 29 20
H3 "023_Group23" 57 29 48 21 20 18 15 10 16 6 11 14 17 24
A4 "024_Group24" 22 10 11 11 10 15 8 13 8 8 22 13 16 11
B4 "025_Group25" 16 29 22 19 13 15 15 13 11 8 6 8 11 15
C4 "026_Group26" 14 16 8 14 10 8 7 8 10 5 15 9 14 10
D4 "027_Group27" 11 14 11 10 17 9 25 15 21 9 12 11 16 17
E4 "028_Group28" 9 13 13 11 11 14 14 16 7 2 17 13 12 14
F4 "029_Group29" 29 9 9 12 7 11 10 9 13 7 15 11 16 12
G4 "030_Group30" 9 20 26 31 15 13 13 11 11 5 14 16 2 12
H4 "031_Group31" 20 8 9 12 9 11 6 18 14 6 13 6 4 9
A5 "032_Group32" 54 38 24 34 27 11 34 33 24 15 33 25 28 33
B5 "033_Group33" 34 28 24 31 27 39 36 37 21 13 43 19 22 29
C5 "034_Group34" 45 38 14 16 40 34 13 32 27 7 17 14 12 16
D5 "035_Group35" 57 18 18 16 10 20 20 21 8 5 22 13 11 14
E5 "036_Group36" 46 44 32 11 32 24 14 23 24 19 21 21 20 16
F5 "037_Group37" 28 36 42 32 28 41 43 12 23 21 24 17 17 17
G5 "038_Group38" 12 29 18 21 7 18 18 12 20 6 16 22 11 12
H5 "039_Group39" 25 18 19 22 17 14 15 4 9 4 10 10 13 4
A6 "040_Group40" 3 7 4 1 0 9 5 3 1 5 6 5 2 6
B6 "041_Group41" 21 18 10 8 6 0 0 5 0 1 0 0 0 0
C6 "042_Group42" 0 15 6 0 0 0 0 0 0 0 0 0 0 0
D6 "043_Group43" 13 7 14 4 8 0 3 0 0 1 0 2 3 0
E6 "044_Group44" 1 1 2 8 9 2 0 0 0 0 0 0 0 0
F6 "045_Group45" 2 1 2 0 0 0 0 0 0 0 0 0 1 0
G6 "046_Group46" 1 0 0 0 0 0 0 0 0 5 0 10 6 9
H6 "047_Group47" 11 3 0 1 1 0 0 0 0 8 1 0 0 1
A7 "048_Group48" 31 33 38 36 34 28 30 47 19 12 17 32 32 21
B7 "049_Group49" 6 11 27 25 20 24 23 29 37 16 12 28 31 27
C7 "050_Group50" 24 35 34 40 34 46 23 35 31 10 17 30 9 19
D7 "051_Group51" 26 32 40 47 47 37 36 29 35 8 22 24 25 24
E7 "052_Group52" 7 30 15 11 26 16 22 21 25 9 24 23 41 35
F7 "053_Group53" 11 13 18 19 15 15 9 19 22 8 33 23 18 31
G7 "054_Group54" 37 29 13 18 7 13 8 26 18 16 25 34 34 21
H7 "055_Group55" 29 7 15 24 32 11 9 12 15 4 28 22 16 12
A8 "056_Group56" 46 44 15 13 21 11 23 12 9 9 10 14 15 12
B8 "057_Group57" 12 12 12 14 17 15 16 10 8 7 7 14 10 18
C8 "058_Group58" 38 32 29 20 9 10 8 46 25 5 6 25 10 15
D8 "059_Group59" 27 28 21 13 14 14 21 9 19 8 10 17 11 25
E8 "060_Group60" 28 9 7 5 10 18 11 8 11 2 10 9 10 8
F8 "061_Group61" 24 12 28 23 10 10 11 14 21 13 22 23 26 22
G8 "062_Group62" 40 26 31 10 17 16 15 14 5 11 13 11 11 12
H8 "063_Group63" 34 33 21 13 13 9 12 15 17 5 22 15 8 10
A9 "064_Group64" 22 46 31 38 36 20 30 29 31 22 23 33 10 11
B9 "065_Group65" 32 15 33 37 35 21 28 19 22 13 21 10 16 13
C9 "066_Group66" 10 15 19 33 30 28 26 34 25 10 38 26 21 28
D9 "067_Group67" 46 33 27 33 23 19 16 26 22 10 26 16 16 20
E9 "068_Group68" 28 47 39 48 51 37 44 36 43 17 24 35 30 22
F9 "069_Group69" 40 46 37 14 22 19 14 13 27 20 23 16 18 8
G9 "070_Group70" 20 15 29 48 38 21 29 29 20 6 10 35 23 21
H9 "071_Group71" 32 33 52 26 18 33 20 13 15 9 16 13 17 17
A10 "072_Group72" 11 7 21 11 15 15 12 19 14 7 8 15 10 14
B10 "073_Group73" 5 23 30 32 23 31 25 28 43 4 25 32 27 33
C10 "074_Group74" 45 37 16 16 24 10 16 28 17 15 18 20 18 5
D10 "075_Group75" 34 30 23 22 27 25 17 18 10 18 11 29 23 16
E10 "076_Group76" 19 36 40 21 11 19 20 9 12 5 11 9 12 10
F10 "077_Group77" 13 20 15 16 24 26 19 12 13 5 12 9 16 13
G10 "078_Group78" 16 30 42 28 26 22 15 16 30 14 30 29 19 20
H10 "079_Group79" 37 27 46 38 19 23 21 23 11 6 28 20 14 14
A11 "080_Group80" 18 20 18 20 14 15 18 29 11 5 17 16 12 11
B11 "081_Group81" 13 12 7 13 12 8 13 15 8 3 12 17 12 10
C11 "082_Group82" 23 22 12 17 9 21 29 13 11 6 18 15 12 13
D11 "083_Group83" 18 12 20 16 5 7 10 12 7 8 10 8 19 18
E11 "084_Group84" 14 16 16 9 20 8 11 12 14 3 11 20 12 14
F11 "085_Group85" 8 16 20 15 20 8 14 13 6 11 17 14 12 12
G11 "086_Group86" 9 16 10 7 15 16 21 16 14 3 18 13 9 22
H11 "087_Group87" 14 14 10 9 7 13 16 14 16 7 25 13 6 7
A12 "088_Group88" 4 14 7 10 15 18 13 14 8 6 23 13 23 6
B12 "089_Group89" 37 17 16 14 22 13 18 7 10 6 22 24 27 33
C12 "090_Group90" 19 17 11 9 15 10 14 13 15 6 19 25 17 20
D12 "091_Group91" 10 36 22 13 22 11 10 17 16 6 11 7 17 9
E12 "092_Group92" 10 11 16 23 11 26 22 23 16 4 25 20 21 27
F12 "093_Group93" 3 9 23 13 19 22 8 16 11 10 23 25 14 13
G12 "094_Group94" 22 22 17 25 17 10 14 18 13 19 21 13 18 24
H12 "095_Group95" 17 12 9 13 29 15 9 15 12 12 32 24 12 21

"<<<<<< Channel Activity >>>>>>"
Channel Well Group/Time[m] 2 4 6 8 10 12 14 16 18 20 22 24 26 28
CH0 A1.0 "000_Group0" 45 33 43 42 38 31 47 25 43 15 23 31 38 25
CH2 B1.0 "001_Group1" 38 28 40 31 24 24 19 23 11 9 18 14 28 14
CH4 C1.0 "002_Group2" 39 38 32 28 34 21 13 11 10 10 14 13 17 21
CH6 D1.0 "003_Group3" 45 46 21 38 42 27 39 13 24 17 21 21 25 15
CH8 E1.0 "004_Group4" 48 51 35 39 39 49 38 42 53 13 45 27 17 46
CH10 F1.0 "005_Group5" 50 46 21 42 27 41 36 26 20 11 26 39 18 31
CH12 G1.0 "006_Group6" 43 47 34 38 43 30 37 31 28 5 22 34 17 10
CH14 H1.0 "007_Group7" 57 35 39 33 37 33 36 23 27 16 30 29 38 39
CH32 A2.0 "008_Group8" 43 38 34 42 40 32 31 28 22 17 30 33 39 19
CH34 B2.0 "009_Group9" 34 37 22 41 33 21 25 29 27 11 23 27 30 29
CH36 C2.0 "010_Group10" 30 38 21 38 26 27 25 16 18 8 15 20 17 17
CH38 D2.0 "011_Group11" 32 20 33 23 41 35 32 45 27 20 38 15 21 30
CH40 E2.0 "012_Group12" 22 37 34 19 23 28 19 24 24 6 19 30 15 32
CH42 F2.0 "013_Group13" 33 47 38 29 36 37 42 34 16 6 22 14 31 34
CH44 G2.0 "014_Group14" 24 34 38 32 26 39 18 42 25 13 34 16 30 30
CH46 H2.0 "015_Group15" 25 32 32 32 35 34 32 33 33 10 41 28 31 35
CH64 A3.0 "016_Group16" 13 17 11 14 41 26 19 11 13 12 12 17 18 26
CH66 B3.0 "017_Group17" 14 22 18 23 15 18 13 17 7 13 16 11 27 16
CH68 C3.0 "018_Group18" 50 20 26 28 11 12 24 7 8 5 13 25 19 26
CH70 D3.0 "019_Group19" 13 15 15 13 10 28 9 15 17 6 13 9 12 11
CH72 E3.0 "020_Group20" 30 25 34 28 28 15 16 19 13 14 23 13 24 24
CH74 F3.0 "021_Group21" 23 22 23 25 19 11 24 27 19 8 13 17 8 19
CH76 G3.0 "022_Group22" 19 12 26 34 25 12 15 23 13 10 26 22 29 20
CH78 H3.0 "023_Group23" 57 29 48 21 20 18 15 10 16 6 11 14 17 24
CH96 A4.0 "024_Group24" 22 10 11 11 10 15 8 13 8 8 22 13 16 11
CH98 B4.0 "025_Group25" 16 29 22 19 13 15 15 13 11 8 6 8 11 15
CH100 C4.0 "026_Group26" 14 16 8 14 10 8 7 8 10 5 15 9 14 10
CH102 D4.0 "027_Group27" 11 14 11 10 17 9 25 15 21 9 12 11 16 17
CH104 E4.0 "028_Group28" 9 13 13 11 11 14 14 16 7 2 17 13 12 14
CH106 F4.0 "029_Group29" 29 9 9 12 7 11 10 9 13 7 15 11 16 12
CH108 G4.0 "030_Group30" 9 20 26 31 15 13 13 11 11 5 14 16 2 12
CH110 H4.0 "031_Group31" 20 8 9 12 9 11 6 18 14 6 13 6 4 9
CH128 A5.0 "032_Group32" 54 38 24 34 27 11 34 33 24 15 33 25 28 33
CH130 B5.0 "033_Group33" 34 28 24 31 27 39 36 37 21 13 43 19 22 29
CH132 C5.0 "034_Group34" 45 38 14 16 40 34 13 32 27 7 17 14 12 16
CH134 D5.0 "035_Group35" 57 18 18 16 10 20 20 21 8 5 22 13 11 14
CH136 E5.0 "036_Group36" 46 44 32 11 32 24 14 23 24 19 21 21 20 16
CH138 F5.0 "037_Group37" 28 36 42 32 28 41 43 12 23 21 24 17 17 17
CH140 G5.0 "038_Group38" 12 29 18 21 7 18 18 12 20 6 16 22 11 12
CH142 H5.0 "039_Group39" 25 18 19 22 17 14 15 4 9 4 10 10 13 4
CH160 A6.0 "040_Group40" 3 7 4 1 0 9 5 3 1 5 6 5 2 6
CH162 B6.0 "041_Group41" 21 18 10 8 6 0 0 5 0 1 0 0 0 0
CH164 C6.0 "042_Group42" 0 15 6 0 0 0 0 0 0 0 0 0 0 0
CH166 D6.0 "043_Group43" 13 7 14 4 8 0 3 0 0 1 0 2 3 0
CH168 E6.0 "044_Group44" 1 1 2 8 9 2 0 0 0 0 0 0 0 0
CH170 F6.0 "045_Group45" 2 1 2 0 0 0 0 0 0 0 0 0 1 0
CH172 G6.0 "046_Group46" 1 0 0 0 0 0 0 0 0 5 0 10 6 9
CH174 H6.0 "047_Group47" 11 3 0 1 1 0 0 0 0 8 1 0 0 1
CH192 A7.0 "048_Group48" 31 33 38 36 34 28 30 47 19 12 17 32 32 21
CH194 B7.0 "049_Group49" 6 11 27 25 20 24 23 29 37 16 12 28 31 27
CH196 C7.0 "050_Group50" 24 35 34 40 34 46 23 35 31 10 17 30 9 19
CH198 D7.0 "051_Group51" 26 32 40 47 47 37 36 29 35 8 22 24 25 24
CH200 E7.0 "052_Group52" 7 30 15 11 26 16 22 21 25 9 24 23 41 35
CH202 F7.0 "053_Group53" 11 13 18 19 15 15 9 19 22 8 33 23 18 31
CH204 G7.0 "054_Group54" 37 29 13 18 7 13 8 26 18 16 25 34 34 21
CH206 H7.0 "055_Group55" 29 7 15 24 32 11 9 12 15 4 28 22 16 12
CH224 A8.0 "056_Group56" 46 44 15 13 21 11 23 12 9 9 10 14 15 12
CH226 B8.0 "057_Group57" 12 12 12 14 17 15 16 10 8 7 7 14 10 18
CH228 C8.0 "058_Group58" 38 32 29 20 9 10 8 46 25 5 6 25 10 15
CH230 D8.0 "059_Group59" 27 28 21 13 14 14 21 9 19 8 10 17 11 25
CH232 E8.0 "060_Group60" 28 9 7 5 10 18 11 8 11 2 10 9 10 8
CH234 F8.0 "061_Group61" 24 12 28 23 10 10 11 14 21 13 22 23 26 22
CH236 G8.0 "062_Group62" 40 26 31 10 17 16 15 14 5 11 13 11 11 12
CH238 H8.0 "063_Group63" 34 33 21 13 13 9 12 15 17 5 22 15 8 10
CH256 A9.0 "064_Group64" 22 46 31 38 36 20 30 29 31 22 23 33 10 11
CH258 B9.0 "065_Group65" 32 15 33 37 35 21 28 19 22 13 21 10 16 13
CH260 C9.0 "066_Group66" 10 15 19 33 30 28 26 34 25 10 38 26 21 28
CH262 D9.0 "067_Group67" 46 33 27 33 23 19 16 26 22 10 26 16 16 20
CH264 E9.0 "068_Group68" 28 47 39 48 51 37 44 36 43 17 24 35 30 22
CH266 F9.0 "069_Group69" 40 46 37 14 22 19 14 13 27 20 23 16 18 8
CH268 G9.0 "070_Group70" 20 15 29 48 38 21 29 29 20 6 10 35 23 21
CH270 H9.0 "071_Group71" 32 33 52 26 18 33 20 13 15 9 16 13 17 17
CH288 A10.0 "072_Group72" 11 7 21 11 15 15 12 19 14 7 8 15 10 14
CH290 B10.0 "073_Group73" 5 23 30 32 23 31 25 28 43 4 25 32 27 33
CH292 C10.0 "074_Group74" 45 37 16 16 24 10 16 28 17 15 18 20 18 5
CH294 D10.0 "075_Group75" 34 30 23 22 27 25 17 18 10 18 11 29 23 16
CH296 E10.0 "076_Group76" 19 36 40 21 11 19 20 9 12 5 11 9 12 10
CH298 F10.0 "077_Group77" 13 20 15 16 24 26 19 12 13 5 12 9 16 13
CH300 G10.0 "078_Group78" 16 30 42 28 26 22 15 16 30 14 30 29 19 20
CH302 H10.0 "079_Group79" 37 27 46 38 19 23 21 23 11 6 28 20 14 14
CH320 A11.0 "080_Group80" 18 20 18 20 14 15 18 29 11 5 17 16 12 11
CH322 B11.0 "081_Group81" 13 12 7 13 12 8 13 15 8 3 12 17 12 10
CH324 C11.0 "082_Group82" 23 22 12 17 9 21 29 13 11 6 18 15 12 13
CH326 D11.0 "083_Group83" 18 12 20 16 5 7 10 12 7 8 10 8 19 18
CH328 E11.0 "084_Group84" 14 16 16 9 20 8 11 12 14 3 11 20 12 14
CH330 F11.0 "085_Group85" 8 16 20 15 20 8 14 13 6 11 17 14 12 12
CH332 G11.0 "086_Group86" 9 16 10 7 15 16 21 16 14 3 18 13 9 22
CH334 H11.0 "087_Group87" 14 14 10 9 7 13 16 14 16 7 25 13 6 7
CH352 A12.0 "088_Group88" 4 14 7 10 15 18 13 14 8 6 23 13 23 6
CH354 B12.0 "089_Group89" 37 17 16 14 22 13 18 7 10 6 22 24 27 33
CH356 C12.0 "090_Group90" 19 17 11 9 15 10 14 13 15 6 19 25 17 20
CH358 D12.0 "091_Group91" 10 36 22 13 22 11 10 17 16 6 11 7 17 9
CH360 E12.0 "092_Group92" 10 11 16 23 11 26 22 23 16 4 25 20 21 27
CH362 F12.0 "093_Group93" 3 9 23 13 19 22 8 16 11 10 23 25 14 13
CH364 G12.0 "094_Group94" 22 22 17 25 17 10 14 18 13 19 21 13 18 24
CH366 H12.0 "095_Group95" 17 12 9 13 29 15 9 15 12 12 32 24 12 21
