"DATE:" "1/26/2015 11:36:43 AM"
"FILE:" "C:\Users\AndersenLab\Desktop\wmicrotracker\p00011\20150123_0926"
"SUBPROJECT:" "Food Optimization 1 3 mg/mL 1-23"

"<<<<<< Group Activity: Average Activity Counts per Data Interval>>>>>>"
Group/Time[m] 2 4 6 8 10 12 14 16 18 20 22 24 26 28
"000_Group0" 7 6 12 6 7 2 7 12 26 5 1 4 0 3
"001_Group1" 32 28 29 27 24 21 22 7 13 3 11 8 0 26
"002_Group2" 22 26 31 33 22 10 8 14 26 25 14 17 23 28
"003_Group3" 52 32 48 23 17 5 11 8 34 17 2 8 9 27
"004_Group4" 29 27 33 4 28 30 27 34 16 16 4 34 5 15
"005_Group5" 21 36 20 29 18 12 2 18 24 7 8 27 8 14
"006_Group6" 42 20 32 27 17 32 15 6 15 10 7 31 16 22
"007_Group7" 25 27 32 37 4 29 22 8 17 4 15 8 5 10
"008_Group8" 16 22 35 27 22 32 22 12 20 16 21 14 6 16
"009_Group9" 30 21 17 21 26 22 11 21 23 22 22 29 12 16
"010_Group10" 21 43 33 14 31 21 5 14 20 10 16 9 8 15
"011_Group11" 23 32 19 12 15 12 0 7 13 12 27 25 12 9
"012_Group12" 28 30 31 20 34 10 20 24 14 18 11 12 2 22
"013_Group13" 17 27 19 20 14 24 36 25 23 20 27 22 0 4
"014_Group14" 22 24 27 39 22 25 18 22 28 29 24 29 7 12
"015_Group15" 19 32 36 42 31 32 25 33 25 29 15 19 11 30
"016_Group16" 7 4 8 3 5 9 12 25 29 9 9 9 8 17
"017_Group17" 21 16 7 8 7 9 1 21 15 16 25 11 3 17
"018_Group18" 20 8 13 17 17 25 18 21 18 16 13 8 7 24
"019_Group19" 12 1 14 23 15 16 13 27 4 8 6 7 6 0
"020_Group20" 25 14 24 17 25 31 14 11 23 18 29 17 13 20
"021_Group21" 19 17 26 21 14 14 9 20 16 14 18 27 17 16
"022_Group22" 16 13 16 27 23 24 15 25 25 21 26 22 11 13
"023_Group23" 15 21 23 17 34 32 17 19 13 18 27 20 12 24
"024_Group24" 18 5 12 8 10 10 26 26 15 12 22 13 8 29
"025_Group25" 17 10 13 22 17 24 20 18 4 11 11 9 11 11
"026_Group26" 29 17 16 26 28 29 26 24 11 25 19 30 7 18
"027_Group27" 16 16 30 19 37 19 25 31 31 17 21 21 5 25
"028_Group28" 14 16 18 22 16 16 19 11 16 17 8 20 4 23
"029_Group29" 19 19 21 25 17 10 9 38 32 25 27 28 21 33
"030_Group30" 31 28 22 38 26 15 16 25 14 33 13 25 1 11
"031_Group31" 37 21 22 21 32 20 23 18 15 19 15 24 5 20
"032_Group32" 12 0 10 10 6 18 0 4 9 13 2 5 5 3
"033_Group33" 8 6 2 3 6 1 4 0 3 0 3 6 3 10
"034_Group34" 8 5 3 4 2 9 10 9 13 9 11 2 0 3
"035_Group35" 9 19 10 12 15 8 14 12 15 16 16 21 3 11
"036_Group36" 18 22 22 12 13 14 8 14 19 28 25 17 10 12
"037_Group37" 9 30 17 15 11 16 13 11 11 13 34 25 11 16
"038_Group38" 22 22 18 17 18 23 14 20 9 7 12 30 14 14
"039_Group39" 12 40 25 22 11 17 19 24 21 17 25 22 13 12
"040_Group40" 27 23 6 12 15 6 5 16 12 13 28 16 10 25
"041_Group41" 8 4 8 15 7 5 8 27 13 22 6 9 6 8
"042_Group42" 7 6 5 9 19 9 14 10 24 17 22 21 6 2
"043_Group43" 18 33 22 32 12 15 27 13 12 21 15 11 12 21
"044_Group44" 11 13 7 6 13 14 10 26 20 24 13 9 5 28
"045_Group45" 12 10 16 12 21 27 22 21 31 9 14 9 8 22
"046_Group46" 11 14 7 20 21 15 13 23 20 11 19 23 8 13
"047_Group47" 21 36 17 31 32 18 16 21 33 12 25 26 4 27
"048_Group48" 29 41 44 31 36 35 28 35 34 33 36 20 31 22
"049_Group49" 18 31 42 29 28 29 16 25 21 29 11 25 17 26
"050_Group50" 24 14 45 24 38 27 37 20 36 32 39 23 14 24
"051_Group51" 42 38 37 36 38 43 26 32 30 21 31 42 9 26
"052_Group52" 36 42 25 25 28 34 22 29 24 20 23 13 13 19
"053_Group53" 30 48 37 27 32 26 37 29 27 21 27 28 19 37
"054_Group54" 19 20 37 41 37 35 38 42 38 43 39 45 19 36
"055_Group55" 45 39 46 28 23 27 45 43 23 17 25 29 23 33
"056_Group56" 9 18 23 20 2 9 18 12 12 22 22 21 10 10
"057_Group57" 1 0 4 1 1 7 10 5 2 1 4 8 1 6
"058_Group58" 11 15 6 7 18 14 7 11 11 8 5 12 16 12
"059_Group59" 33 10 6 9 14 12 12 9 8 13 19 14 6 25
"060_Group60" 12 12 1 6 15 22 16 13 10 20 27 27 30 31
"061_Group61" 0 10 17 10 18 25 10 24 10 11 20 12 5 9
"062_Group62" 24 19 13 18 17 11 17 20 12 8 22 23 4 21
"063_Group63" 16 13 13 17 13 17 23 19 18 17 17 16 8 12
"064_Group64" 26 23 34 24 30 26 32 15 14 18 16 6 12 19
"065_Group65" 23 18 19 11 18 8 16 15 15 26 26 11 1 12
"066_Group66" 21 19 15 3 3 6 11 7 14 6 9 10 3 13
"067_Group67" 7 7 4 8 14 7 5 10 19 14 16 12 2 7
"068_Group68" 22 49 33 33 40 26 27 23 8 13 10 23 6 20
"069_Group69" 22 27 26 37 28 18 29 16 22 29 34 14 2 8
"070_Group70" 7 35 15 26 24 38 40 51 39 38 37 33 17 30
"071_Group71" 52 42 45 44 42 26 40 40 37 28 21 27 19 27
"072_Group72" 2 13 14 5 8 8 13 5 2 7 10 11 2 11
"073_Group73" 20 16 13 5 17 7 25 10 18 3 6 18 1 6
"074_Group74" 7 18 19 7 10 17 3 29 6 2 8 12 5 22
"075_Group75" 22 21 15 13 13 18 9 5 0 10 14 10 5 11
"076_Group76" 17 14 31 11 19 6 7 3 8 13 11 17 6 12
"077_Group77" 18 17 21 14 16 31 15 13 11 16 23 6 2 2
"078_Group78" 14 6 8 15 19 10 17 22 8 22 24 12 8 18
"079_Group79" 18 22 28 14 13 22 15 18 12 15 17 14 11 33
"080_Group80" 19 4 12 24 14 12 11 11 9 6 22 25 13 14
"081_Group81" 23 21 25 16 21 7 3 28 13 19 13 14 3 13
"082_Group82" 16 20 21 26 30 25 14 20 10 10 17 15 8 2
"083_Group83" 16 22 15 10 18 10 17 9 5 16 17 12 12 7
"084_Group84" 19 8 13 8 12 10 7 15 14 9 19 12 3 11
"085_Group85" 13 35 17 18 15 27 23 18 5 17 15 25 7 33
"086_Group86" 24 28 16 24 24 20 18 22 14 9 23 25 12 21
"087_Group87" 14 8 22 18 16 16 29 18 28 21 17 30 13 17
"088_Group88" 23 11 15 15 33 29 10 8 13 26 20 23 18 32
"089_Group89" 12 16 14 18 33 24 12 18 22 13 6 13 1 17
"090_Group90" 14 37 25 18 25 3 9 22 6 16 32 12 4 13
"091_Group91" 13 29 20 28 37 24 37 28 20 15 34 19 14 19
"092_Group92" 10 15 19 23 13 16 14 25 25 32 21 23 3 19
"093_Group93" 4 15 14 18 14 14 26 25 36 22 16 13 18 23
"094_Group94" 32 31 23 24 14 27 19 30 38 18 13 16 8 12
"095_Group95" 30 16 21 22 32 17 25 23 13 26 9 12 10 14

"<<<<<< Group Activity: Number of wells/group >>>>>>"
Group/Time[m] 2 4 6 8 10 12 14 16 18 20 22 24 26 28
"000_Group0" 1 1 1 1 1 1 1 1 1 1 1 1 1 1
"001_Group1" 1 1 1 1 1 1 1 1 1 1 1 1 1 1
"002_Group2" 1 1 1 1 1 1 1 1 1 1 1 1 1 1
"003_Group3" 1 1 1 1 1 1 1 1 1 1 1 1 1 1
"004_Group4" 1 1 1 1 1 1 1 1 1 1 1 1 1 1
"005_Group5" 1 1 1 1 1 1 1 1 1 1 1 1 1 1
"006_Group6" 1 1 1 1 1 1 1 1 1 1 1 1 1 1
"007_Group7" 1 1 1 1 1 1 1 1 1 1 1 1 1 1
"008_Group8" 1 1 1 1 1 1 1 1 1 1 1 1 1 1
"009_Group9" 1 1 1 1 1 1 1 1 1 1 1 1 1 1
"010_Group10" 1 1 1 1 1 1 1 1 1 1 1 1 1 1
"011_Group11" 1 1 1 1 1 1 1 1 1 1 1 1 1 1
"012_Group12" 1 1 1 1 1 1 1 1 1 1 1 1 1 1
"013_Group13" 1 1 1 1 1 1 1 1 1 1 1 1 1 1
"014_Group14" 1 1 1 1 1 1 1 1 1 1 1 1 1 1
"015_Group15" 1 1 1 1 1 1 1 1 1 1 1 1 1 1
"016_Group16" 1 1 1 1 1 1 1 1 1 1 1 1 1 1
"017_Group17" 1 1 1 1 1 1 1 1 1 1 1 1 1 1
"018_Group18" 1 1 1 1 1 1 1 1 1 1 1 1 1 1
"019_Group19" 1 1 1 1 1 1 1 1 1 1 1 1 1 1
"020_Group20" 1 1 1 1 1 1 1 1 1 1 1 1 1 1
"021_Group21" 1 1 1 1 1 1 1 1 1 1 1 1 1 1
"022_Group22" 1 1 1 1 1 1 1 1 1 1 1 1 1 1
"023_Group23" 1 1 1 1 1 1 1 1 1 1 1 1 1 1
"024_Group24" 1 1 1 1 1 1 1 1 1 1 1 1 1 1
"025_Group25" 1 1 1 1 1 1 1 1 1 1 1 1 1 1
"026_Group26" 1 1 1 1 1 1 1 1 1 1 1 1 1 1
"027_Group27" 1 1 1 1 1 1 1 1 1 1 1 1 1 1
"028_Group28" 1 1 1 1 1 1 1 1 1 1 1 1 1 1
"029_Group29" 1 1 1 1 1 1 1 1 1 1 1 1 1 1
"030_Group30" 1 1 1 1 1 1 1 1 1 1 1 1 1 1
"031_Group31" 1 1 1 1 1 1 1 1 1 1 1 1 1 1
"032_Group32" 1 1 1 1 1 1 1 1 1 1 1 1 1 1
"033_Group33" 1 1 1 1 1 1 1 1 1 1 1 1 1 1
"034_Group34" 1 1 1 1 1 1 1 1 1 1 1 1 1 1
"035_Group35" 1 1 1 1 1 1 1 1 1 1 1 1 1 1
"036_Group36" 1 1 1 1 1 1 1 1 1 1 1 1 1 1
"037_Group37" 1 1 1 1 1 1 1 1 1 1 1 1 1 1
"038_Group38" 1 1 1 1 1 1 1 1 1 1 1 1 1 1
"039_Group39" 1 1 1 1 1 1 1 1 1 1 1 1 1 1
"040_Group40" 1 1 1 1 1 1 1 1 1 1 1 1 1 1
"041_Group41" 1 1 1 1 1 1 1 1 1 1 1 1 1 1
"042_Group42" 1 1 1 1 1 1 1 1 1 1 1 1 1 1
"043_Group43" 1 1 1 1 1 1 1 1 1 1 1 1 1 1
"044_Group44" 1 1 1 1 1 1 1 1 1 1 1 1 1 1
"045_Group45" 1 1 1 1 1 1 1 1 1 1 1 1 1 1
"046_Group46" 1 1 1 1 1 1 1 1 1 1 1 1 1 1
"047_Group47" 1 1 1 1 1 1 1 1 1 1 1 1 1 1
"048_Group48" 1 1 1 1 1 1 1 1 1 1 1 1 1 1
"049_Group49" 1 1 1 1 1 1 1 1 1 1 1 1 1 1
"050_Group50" 1 1 1 1 1 1 1 1 1 1 1 1 1 1
"051_Group51" 1 1 1 1 1 1 1 1 1 1 1 1 1 1
"052_Group52" 1 1 1 1 1 1 1 1 1 1 1 1 1 1
"053_Group53" 1 1 1 1 1 1 1 1 1 1 1 1 1 1
"054_Group54" 1 1 1 1 1 1 1 1 1 1 1 1 1 1
"055_Group55" 1 1 1 1 1 1 1 1 1 1 1 1 1 1
"056_Group56" 1 1 1 1 1 1 1 1 1 1 1 1 1 1
"057_Group57" 1 1 1 1 1 1 1 1 1 1 1 1 1 1
"058_Group58" 1 1 1 1 1 1 1 1 1 1 1 1 1 1
"059_Group59" 1 1 1 1 1 1 1 1 1 1 1 1 1 1
"060_Group60" 1 1 1 1 1 1 1 1 1 1 1 1 1 1
"061_Group61" 1 1 1 1 1 1 1 1 1 1 1 1 1 1
"062_Group62" 1 1 1 1 1 1 1 1 1 1 1 1 1 1
"063_Group63" 1 1 1 1 1 1 1 1 1 1 1 1 1 1
"064_Group64" 1 1 1 1 1 1 1 1 1 1 1 1 1 1
"065_Group65" 1 1 1 1 1 1 1 1 1 1 1 1 1 1
"066_Group66" 1 1 1 1 1 1 1 1 1 1 1 1 1 1
"067_Group67" 1 1 1 1 1 1 1 1 1 1 1 1 1 1
"068_Group68" 1 1 1 1 1 1 1 1 1 1 1 1 1 1
"069_Group69" 1 1 1 1 1 1 1 1 1 1 1 1 1 1
"070_Group70" 1 1 1 1 1 1 1 1 1 1 1 1 1 1
"071_Group71" 1 1 1 1 1 1 1 1 1 1 1 1 1 1
"072_Group72" 1 1 1 1 1 1 1 1 1 1 1 1 1 1
"073_Group73" 1 1 1 1 1 1 1 1 1 1 1 1 1 1
"074_Group74" 1 1 1 1 1 1 1 1 1 1 1 1 1 1
"075_Group75" 1 1 1 1 1 1 1 1 1 1 1 1 1 1
"076_Group76" 1 1 1 1 1 1 1 1 1 1 1 1 1 1
"077_Group77" 1 1 1 1 1 1 1 1 1 1 1 1 1 1
"078_Group78" 1 1 1 1 1 1 1 1 1 1 1 1 1 1
"079_Group79" 1 1 1 1 1 1 1 1 1 1 1 1 1 1
"080_Group80" 1 1 1 1 1 1 1 1 1 1 1 1 1 1
"081_Group81" 1 1 1 1 1 1 1 1 1 1 1 1 1 1
"082_Group82" 1 1 1 1 1 1 1 1 1 1 1 1 1 1
"083_Group83" 1 1 1 1 1 1 1 1 1 1 1 1 1 1
"084_Group84" 1 1 1 1 1 1 1 1 1 1 1 1 1 1
"085_Group85" 1 1 1 1 1 1 1 1 1 1 1 1 1 1
"086_Group86" 1 1 1 1 1 1 1 1 1 1 1 1 1 1
"087_Group87" 1 1 1 1 1 1 1 1 1 1 1 1 1 1
"088_Group88" 1 1 1 1 1 1 1 1 1 1 1 1 1 1
"089_Group89" 1 1 1 1 1 1 1 1 1 1 1 1 1 1
"090_Group90" 1 1 1 1 1 1 1 1 1 1 1 1 1 1
"091_Group91" 1 1 1 1 1 1 1 1 1 1 1 1 1 1
"092_Group92" 1 1 1 1 1 1 1 1 1 1 1 1 1 1
"093_Group93" 1 1 1 1 1 1 1 1 1 1 1 1 1 1
"094_Group94" 1 1 1 1 1 1 1 1 1 1 1 1 1 1
"095_Group95" 1 1 1 1 1 1 1 1 1 1 1 1 1 1

"<<<<<< Number of Samples per Acquisition Interval [1unit=500values] >>>>>>"
Time[m] 2 4 6 8 10 12 14 16 18 20 22 24 26 28 
#Samples 2 2 2 2 2 2 2 2 2 2 2 2 1 2 

"<<<<<< Average Temperature [°C] >>>>>>"
Time[m] 2 4 6 8 10 12 14 16 18 20 22 24 26 28 
Temp[°C] 21.8 21.8 21.9 22.0 21.9 21.9 22.0 22.0 22.0 22.0 22.0 21.9 22.0 22.0 

"<<<<<< Well Activity >>>>>>"
Well Group/Time[m] 2 4 6 8 10 12 14 16 18 20 22 24 26 28
A1 "000_Group0" 7 6 12 6 7 2 7 12 26 5 1 4 0 3
B1 "001_Group1" 32 28 29 27 24 21 22 7 13 3 11 8 0 26
C1 "002_Group2" 22 26 31 33 22 10 8 14 26 25 14 17 23 28
D1 "003_Group3" 52 32 48 23 17 5 11 8 34 17 2 8 9 27
E1 "004_Group4" 29 27 33 4 28 30 27 34 16 16 4 34 5 15
F1 "005_Group5" 21 36 20 29 18 12 2 18 24 7 8 27 8 14
G1 "006_Group6" 42 20 32 27 17 32 15 6 15 10 7 31 16 22
H1 "007_Group7" 25 27 32 37 4 29 22 8 17 4 15 8 5 10
A2 "008_Group8" 16 22 35 27 22 32 22 12 20 16 21 14 6 16
B2 "009_Group9" 30 21 17 21 26 22 11 21 23 22 22 29 12 16
C2 "010_Group10" 21 43 33 14 31 21 5 14 20 10 16 9 8 15
D2 "011_Group11" 23 32 19 12 15 12 0 7 13 12 27 25 12 9
E2 "012_Group12" 28 30 31 20 34 10 20 24 14 18 11 12 2 22
F2 "013_Group13" 17 27 19 20 14 24 36 25 23 20 27 22 0 4
G2 "014_Group14" 22 24 27 39 22 25 18 22 28 29 24 29 7 12
H2 "015_Group15" 19 32 36 42 31 32 25 33 25 29 15 19 11 30
A3 "016_Group16" 7 4 8 3 5 9 12 25 29 9 9 9 8 17
B3 "017_Group17" 21 16 7 8 7 9 1 21 15 16 25 11 3 17
C3 "018_Group18" 20 8 13 17 17 25 18 21 18 16 13 8 7 24
D3 "019_Group19" 12 1 14 23 15 16 13 27 4 8 6 7 6 0
E3 "020_Group20" 25 14 24 17 25 31 14 11 23 18 29 17 13 20
F3 "021_Group21" 19 17 26 21 14 14 9 20 16 14 18 27 17 16
G3 "022_Group22" 16 13 16 27 23 24 15 25 25 21 26 22 11 13
H3 "023_Group23" 15 21 23 17 34 32 17 19 13 18 27 20 12 24
A4 "024_Group24" 18 5 12 8 10 10 26 26 15 12 22 13 8 29
B4 "025_Group25" 17 10 13 22 17 24 20 18 4 11 11 9 11 11
C4 "026_Group26" 29 17 16 26 28 29 26 24 11 25 19 30 7 18
D4 "027_Group27" 16 16 30 19 37 19 25 31 31 17 21 21 5 25
E4 "028_Group28" 14 16 18 22 16 16 19 11 16 17 8 20 4 23
F4 "029_Group29" 19 19 21 25 17 10 9 38 32 25 27 28 21 33
G4 "030_Group30" 31 28 22 38 26 15 16 25 14 33 13 25 1 11
H4 "031_Group31" 37 21 22 21 32 20 23 18 15 19 15 24 5 20
A5 "032_Group32" 12 0 10 10 6 18 0 4 9 13 2 5 5 3
B5 "033_Group33" 8 6 2 3 6 1 4 0 3 0 3 6 3 10
C5 "034_Group34" 8 5 3 4 2 9 10 9 13 9 11 2 0 3
D5 "035_Group35" 9 19 10 12 15 8 14 12 15 16 16 21 3 11
E5 "036_Group36" 18 22 22 12 13 14 8 14 19 28 25 17 10 12
F5 "037_Group37" 9 30 17 15 11 16 13 11 11 13 34 25 11 16
G5 "038_Group38" 22 22 18 17 18 23 14 20 9 7 12 30 14 14
H5 "039_Group39" 12 40 25 22 11 17 19 24 21 17 25 22 13 12
A6 "040_Group40" 27 23 6 12 15 6 5 16 12 13 28 16 10 25
B6 "041_Group41" 8 4 8 15 7 5 8 27 13 22 6 9 6 8
C6 "042_Group42" 7 6 5 9 19 9 14 10 24 17 22 21 6 2
D6 "043_Group43" 18 33 22 32 12 15 27 13 12 21 15 11 12 21
E6 "044_Group44" 11 13 7 6 13 14 10 26 20 24 13 9 5 28
F6 "045_Group45" 12 10 16 12 21 27 22 21 31 9 14 9 8 22
G6 "046_Group46" 11 14 7 20 21 15 13 23 20 11 19 23 8 13
H6 "047_Group47" 21 36 17 31 32 18 16 21 33 12 25 26 4 27
A7 "048_Group48" 29 41 44 31 36 35 28 35 34 33 36 20 31 22
B7 "049_Group49" 18 31 42 29 28 29 16 25 21 29 11 25 17 26
C7 "050_Group50" 24 14 45 24 38 27 37 20 36 32 39 23 14 24
D7 "051_Group51" 42 38 37 36 38 43 26 32 30 21 31 42 9 26
E7 "052_Group52" 36 42 25 25 28 34 22 29 24 20 23 13 13 19
F7 "053_Group53" 30 48 37 27 32 26 37 29 27 21 27 28 19 37
G7 "054_Group54" 19 20 37 41 37 35 38 42 38 43 39 45 19 36
H7 "055_Group55" 45 39 46 28 23 27 45 43 23 17 25 29 23 33
A8 "056_Group56" 9 18 23 20 2 9 18 12 12 22 22 21 10 10
B8 "057_Group57" 1 0 4 1 1 7 10 5 2 1 4 8 1 6
C8 "058_Group58" 11 15 6 7 18 14 7 11 11 8 5 12 16 12
D8 "059_Group59" 33 10 6 9 14 12 12 9 8 13 19 14 6 25
E8 "060_Group60" 12 12 1 6 15 22 16 13 10 20 27 27 30 31
F8 "061_Group61" 0 10 17 10 18 25 10 24 10 11 20 12 5 9
G8 "062_Group62" 24 19 13 18 17 11 17 20 12 8 22 23 4 21
H8 "063_Group63" 16 13 13 17 13 17 23 19 18 17 17 16 8 12
A9 "064_Group64" 26 23 34 24 30 26 32 15 14 18 16 6 12 19
B9 "065_Group65" 23 18 19 11 18 8 16 15 15 26 26 11 1 12
C9 "066_Group66" 21 19 15 3 3 6 11 7 14 6 9 10 3 13
D9 "067_Group67" 7 7 4 8 14 7 5 10 19 14 16 12 2 7
E9 "068_Group68" 22 49 33 33 40 26 27 23 8 13 10 23 6 20
F9 "069_Group69" 22 27 26 37 28 18 29 16 22 29 34 14 2 8
G9 "070_Group70" 7 35 15 26 24 38 40 51 39 38 37 33 17 30
H9 "071_Group71" 52 42 45 44 42 26 40 40 37 28 21 27 19 27
A10 "072_Group72" 2 13 14 5 8 8 13 5 2 7 10 11 2 11
B10 "073_Group73" 20 16 13 5 17 7 25 10 18 3 6 18 1 6
C10 "074_Group74" 7 18 19 7 10 17 3 29 6 2 8 12 5 22
D10 "075_Group75" 22 21 15 13 13 18 9 5 0 10 14 10 5 11
E10 "076_Group76" 17 14 31 11 19 6 7 3 8 13 11 17 6 12
F10 "077_Group77" 18 17 21 14 16 31 15 13 11 16 23 6 2 2
G10 "078_Group78" 14 6 8 15 19 10 17 22 8 22 24 12 8 18
H10 "079_Group79" 18 22 28 14 13 22 15 18 12 15 17 14 11 33
A11 "080_Group80" 19 4 12 24 14 12 11 11 9 6 22 25 13 14
B11 "081_Group81" 23 21 25 16 21 7 3 28 13 19 13 14 3 13
C11 "082_Group82" 16 20 21 26 30 25 14 20 10 10 17 15 8 2
D11 "083_Group83" 16 22 15 10 18 10 17 9 5 16 17 12 12 7
E11 "084_Group84" 19 8 13 8 12 10 7 15 14 9 19 12 3 11
F11 "085_Group85" 13 35 17 18 15 27 23 18 5 17 15 25 7 33
G11 "086_Group86" 24 28 16 24 24 20 18 22 14 9 23 25 12 21
H11 "087_Group87" 14 8 22 18 16 16 29 18 28 21 17 30 13 17
A12 "088_Group88" 23 11 15 15 33 29 10 8 13 26 20 23 18 32
B12 "089_Group89" 12 16 14 18 33 24 12 18 22 13 6 13 1 17
C12 "090_Group90" 14 37 25 18 25 3 9 22 6 16 32 12 4 13
D12 "091_Group91" 13 29 20 28 37 24 37 28 20 15 34 19 14 19
E12 "092_Group92" 10 15 19 23 13 16 14 25 25 32 21 23 3 19
F12 "093_Group93" 4 15 14 18 14 14 26 25 36 22 16 13 18 23
G12 "094_Group94" 32 31 23 24 14 27 19 30 38 18 13 16 8 12
H12 "095_Group95" 30 16 21 22 32 17 25 23 13 26 9 12 10 14

"<<<<<< Channel Activity >>>>>>"
Channel Well Group/Time[m] 2 4 6 8 10 12 14 16 18 20 22 24 26 28
CH0 A1.0 "000_Group0" 7 6 12 6 7 2 7 12 26 5 1 4 0 3
CH2 B1.0 "001_Group1" 32 28 29 27 24 21 22 7 13 3 11 8 0 26
CH4 C1.0 "002_Group2" 22 26 31 33 22 10 8 14 26 25 14 17 23 28
CH6 D1.0 "003_Group3" 52 32 48 23 17 5 11 8 34 17 2 8 9 27
CH8 E1.0 "004_Group4" 29 27 33 4 28 30 27 34 16 16 4 34 5 15
CH10 F1.0 "005_Group5" 21 36 20 29 18 12 2 18 24 7 8 27 8 14
CH12 G1.0 "006_Group6" 42 20 32 27 17 32 15 6 15 10 7 31 16 22
CH14 H1.0 "007_Group7" 25 27 32 37 4 29 22 8 17 4 15 8 5 10
CH32 A2.0 "008_Group8" 16 22 35 27 22 32 22 12 20 16 21 14 6 16
CH34 B2.0 "009_Group9" 30 21 17 21 26 22 11 21 23 22 22 29 12 16
CH36 C2.0 "010_Group10" 21 43 33 14 31 21 5 14 20 10 16 9 8 15
CH38 D2.0 "011_Group11" 23 32 19 12 15 12 0 7 13 12 27 25 12 9
CH40 E2.0 "012_Group12" 28 30 31 20 34 10 20 24 14 18 11 12 2 22
CH42 F2.0 "013_Group13" 17 27 19 20 14 24 36 25 23 20 27 22 0 4
CH44 G2.0 "014_Group14" 22 24 27 39 22 25 18 22 28 29 24 29 7 12
CH46 H2.0 "015_Group15" 19 32 36 42 31 32 25 33 25 29 15 19 11 30
CH64 A3.0 "016_Group16" 7 4 8 3 5 9 12 25 29 9 9 9 8 17
CH66 B3.0 "017_Group17" 21 16 7 8 7 9 1 21 15 16 25 11 3 17
CH68 C3.0 "018_Group18" 20 8 13 17 17 25 18 21 18 16 13 8 7 24
CH70 D3.0 "019_Group19" 12 1 14 23 15 16 13 27 4 8 6 7 6 0
CH72 E3.0 "020_Group20" 25 14 24 17 25 31 14 11 23 18 29 17 13 20
CH74 F3.0 "021_Group21" 19 17 26 21 14 14 9 20 16 14 18 27 17 16
CH76 G3.0 "022_Group22" 16 13 16 27 23 24 15 25 25 21 26 22 11 13
CH78 H3.0 "023_Group23" 15 21 23 17 34 32 17 19 13 18 27 20 12 24
CH96 A4.0 "024_Group24" 18 5 12 8 10 10 26 26 15 12 22 13 8 29
CH98 B4.0 "025_Group25" 17 10 13 22 17 24 20 18 4 11 11 9 11 11
CH100 C4.0 "026_Group26" 29 17 16 26 28 29 26 24 11 25 19 30 7 18
CH102 D4.0 "027_Group27" 16 16 30 19 37 19 25 31 31 17 21 21 5 25
CH104 E4.0 "028_Group28" 14 16 18 22 16 16 19 11 16 17 8 20 4 23
CH106 F4.0 "029_Group29" 19 19 21 25 17 10 9 38 32 25 27 28 21 33
CH108 G4.0 "030_Group30" 31 28 22 38 26 15 16 25 14 33 13 25 1 11
CH110 H4.0 "031_Group31" 37 21 22 21 32 20 23 18 15 19 15 24 5 20
CH128 A5.0 "032_Group32" 12 0 10 10 6 18 0 4 9 13 2 5 5 3
CH130 B5.0 "033_Group33" 8 6 2 3 6 1 4 0 3 0 3 6 3 10
CH132 C5.0 "034_Group34" 8 5 3 4 2 9 10 9 13 9 11 2 0 3
CH134 D5.0 "035_Group35" 9 19 10 12 15 8 14 12 15 16 16 21 3 11
CH136 E5.0 "036_Group36" 18 22 22 12 13 14 8 14 19 28 25 17 10 12
CH138 F5.0 "037_Group37" 9 30 17 15 11 16 13 11 11 13 34 25 11 16
CH140 G5.0 "038_Group38" 22 22 18 17 18 23 14 20 9 7 12 30 14 14
CH142 H5.0 "039_Group39" 12 40 25 22 11 17 19 24 21 17 25 22 13 12
CH160 A6.0 "040_Group40" 27 23 6 12 15 6 5 16 12 13 28 16 10 25
CH162 B6.0 "041_Group41" 8 4 8 15 7 5 8 27 13 22 6 9 6 8
CH164 C6.0 "042_Group42" 7 6 5 9 19 9 14 10 24 17 22 21 6 2
CH166 D6.0 "043_Group43" 18 33 22 32 12 15 27 13 12 21 15 11 12 21
CH168 E6.0 "044_Group44" 11 13 7 6 13 14 10 26 20 24 13 9 5 28
CH170 F6.0 "045_Group45" 12 10 16 12 21 27 22 21 31 9 14 9 8 22
CH172 G6.0 "046_Group46" 11 14 7 20 21 15 13 23 20 11 19 23 8 13
CH174 H6.0 "047_Group47" 21 36 17 31 32 18 16 21 33 12 25 26 4 27
CH192 A7.0 "048_Group48" 29 41 44 31 36 35 28 35 34 33 36 20 31 22
CH194 B7.0 "049_Group49" 18 31 42 29 28 29 16 25 21 29 11 25 17 26
CH196 C7.0 "050_Group50" 24 14 45 24 38 27 37 20 36 32 39 23 14 24
CH198 D7.0 "051_Group51" 42 38 37 36 38 43 26 32 30 21 31 42 9 26
CH200 E7.0 "052_Group52" 36 42 25 25 28 34 22 29 24 20 23 13 13 19
CH202 F7.0 "053_Group53" 30 48 37 27 32 26 37 29 27 21 27 28 19 37
CH204 G7.0 "054_Group54" 19 20 37 41 37 35 38 42 38 43 39 45 19 36
CH206 H7.0 "055_Group55" 45 39 46 28 23 27 45 43 23 17 25 29 23 33
CH224 A8.0 "056_Group56" 9 18 23 20 2 9 18 12 12 22 22 21 10 10
CH226 B8.0 "057_Group57" 1 0 4 1 1 7 10 5 2 1 4 8 1 6
CH228 C8.0 "058_Group58" 11 15 6 7 18 14 7 11 11 8 5 12 16 12
CH230 D8.0 "059_Group59" 33 10 6 9 14 12 12 9 8 13 19 14 6 25
CH232 E8.0 "060_Group60" 12 12 1 6 15 22 16 13 10 20 27 27 30 31
CH234 F8.0 "061_Group61" 0 10 17 10 18 25 10 24 10 11 20 12 5 9
CH236 G8.0 "062_Group62" 24 19 13 18 17 11 17 20 12 8 22 23 4 21
CH238 H8.0 "063_Group63" 16 13 13 17 13 17 23 19 18 17 17 16 8 12
CH256 A9.0 "064_Group64" 26 23 34 24 30 26 32 15 14 18 16 6 12 19
CH258 B9.0 "065_Group65" 23 18 19 11 18 8 16 15 15 26 26 11 1 12
CH260 C9.0 "066_Group66" 21 19 15 3 3 6 11 7 14 6 9 10 3 13
CH262 D9.0 "067_Group67" 7 7 4 8 14 7 5 10 19 14 16 12 2 7
CH264 E9.0 "068_Group68" 22 49 33 33 40 26 27 23 8 13 10 23 6 20
CH266 F9.0 "069_Group69" 22 27 26 37 28 18 29 16 22 29 34 14 2 8
CH268 G9.0 "070_Group70" 7 35 15 26 24 38 40 51 39 38 37 33 17 30
CH270 H9.0 "071_Group71" 52 42 45 44 42 26 40 40 37 28 21 27 19 27
CH288 A10.0 "072_Group72" 2 13 14 5 8 8 13 5 2 7 10 11 2 11
CH290 B10.0 "073_Group73" 20 16 13 5 17 7 25 10 18 3 6 18 1 6
CH292 C10.0 "074_Group74" 7 18 19 7 10 17 3 29 6 2 8 12 5 22
CH294 D10.0 "075_Group75" 22 21 15 13 13 18 9 5 0 10 14 10 5 11
CH296 E10.0 "076_Group76" 17 14 31 11 19 6 7 3 8 13 11 17 6 12
CH298 F10.0 "077_Group77" 18 17 21 14 16 31 15 13 11 16 23 6 2 2
CH300 G10.0 "078_Group78" 14 6 8 15 19 10 17 22 8 22 24 12 8 18
CH302 H10.0 "079_Group79" 18 22 28 14 13 22 15 18 12 15 17 14 11 33
CH320 A11.0 "080_Group80" 19 4 12 24 14 12 11 11 9 6 22 25 13 14
CH322 B11.0 "081_Group81" 23 21 25 16 21 7 3 28 13 19 13 14 3 13
CH324 C11.0 "082_Group82" 16 20 21 26 30 25 14 20 10 10 17 15 8 2
CH326 D11.0 "083_Group83" 16 22 15 10 18 10 17 9 5 16 17 12 12 7
CH328 E11.0 "084_Group84" 19 8 13 8 12 10 7 15 14 9 19 12 3 11
CH330 F11.0 "085_Group85" 13 35 17 18 15 27 23 18 5 17 15 25 7 33
CH332 G11.0 "086_Group86" 24 28 16 24 24 20 18 22 14 9 23 25 12 21
CH334 H11.0 "087_Group87" 14 8 22 18 16 16 29 18 28 21 17 30 13 17
CH352 A12.0 "088_Group88" 23 11 15 15 33 29 10 8 13 26 20 23 18 32
CH354 B12.0 "089_Group89" 12 16 14 18 33 24 12 18 22 13 6 13 1 17
CH356 C12.0 "090_Group90" 14 37 25 18 25 3 9 22 6 16 32 12 4 13
CH358 D12.0 "091_Group91" 13 29 20 28 37 24 37 28 20 15 34 19 14 19
CH360 E12.0 "092_Group92" 10 15 19 23 13 16 14 25 25 32 21 23 3 19
CH362 F12.0 "093_Group93" 4 15 14 18 14 14 26 25 36 22 16 13 18 23
CH364 G12.0 "094_Group94" 32 31 23 24 14 27 19 30 38 18 13 16 8 12
CH366 H12.0 "095_Group95" 30 16 21 22 32 17 25 23 13 26 9 12 10 14
