"DATE:" "1/27/2015 9:09:03 AM"
"FILE:" "C:\Users\AndersenLab\Desktop\wmicrotracker\p00011\20150127_0857"
"SUBPROJECT:" "20150127_Longevity_1_3mgmL"

"<<<<<< Group Activity: Average Activity Counts per Data Interval>>>>>>"
Group/Time[m] 2 4 6 8 10
"000_Group0" 38 26 27 19 17
"001_Group1" 21 24 24 24 21
"002_Group2" 45 31 19 10 10
"003_Group3" 48 38 44 23 22
"004_Group4" 35 23 17 27 21
"005_Group5" 42 42 42 24 28
"006_Group6" 19 29 29 27 39
"007_Group7" 22 42 17 31 30
"008_Group8" 28 19 20 14 16
"009_Group9" 23 28 22 13 8
"010_Group10" 19 28 27 21 14
"011_Group11" 33 28 26 4 22
"012_Group12" 34 35 13 24 8
"013_Group13" 8 13 4 8 10
"014_Group14" 11 24 20 14 8
"015_Group15" 46 36 28 32 16
"016_Group16" 26 12 8 4 12
"017_Group17" 14 10 13 25 13
"018_Group18" 12 17 10 9 8
"019_Group19" 11 8 10 12 9
"020_Group20" 13 13 10 10 8
"021_Group21" 27 13 11 8 3
"022_Group22" 12 12 10 21 14
"023_Group23" 41 24 17 5 15
"024_Group24" 14 33 31 13 11
"025_Group25" 33 40 36 26 29
"026_Group26" 10 10 16 8 6
"027_Group27" 18 31 5 9 5
"028_Group28" 15 14 25 15 11
"029_Group29" 16 14 12 12 28
"030_Group30" 26 33 37 27 10
"031_Group31" 46 34 34 31 11
"032_Group32" 1 1 1 0 2
"033_Group33" 14 13 13 3 1
"034_Group34" 16 11 2 0 2
"035_Group35" 4 1 3 3 1
"036_Group36" 6 3 6 2 1
"037_Group37" 0 0 7 7 3
"038_Group38" 1 5 3 3 1
"039_Group39" 18 5 8 0 3
"040_Group40" 2 0 0 0 0
"041_Group41" 4 1 0 0 0
"042_Group42" 4 9 0 0 2
"043_Group43" 0 0 0 0 6
"044_Group44" 1 0 0 2 1
"045_Group45" 4 4 3 5 3
"046_Group46" 8 6 11 0 1
"047_Group47" 6 7 0 0 0
"048_Group48" 54 35 10 31 21
"049_Group49" 31 40 37 9 14
"050_Group50" 8 10 8 12 7
"051_Group51" 11 12 9 11 7
"052_Group52" 20 20 16 11 7
"053_Group53" 33 30 27 13 13
"054_Group54" 52 29 23 18 22
"055_Group55" 21 25 15 11 15
"056_Group56" 7 17 20 18 4
"057_Group57" 17 15 21 16 19
"058_Group58" 27 16 7 14 7
"059_Group59" 22 22 19 14 21
"060_Group60" 63 19 10 7 13
"061_Group61" 32 20 21 13 6
"062_Group62" 38 17 21 16 23
"063_Group63" 41 25 24 9 10
"064_Group64" 30 29 21 16 11
"065_Group65" 10 35 40 23 12
"066_Group66" 10 11 16 22 10
"067_Group67" 35 24 43 27 21
"068_Group68" 15 27 28 16 10
"069_Group69" 32 36 23 38 16
"070_Group70" 21 39 16 25 22
"071_Group71" 31 40 50 30 32
"072_Group72" 11 25 18 20 12
"073_Group73" 18 12 13 3 11
"074_Group74" 9 13 10 11 4
"075_Group75" 36 25 31 21 18
"076_Group76" 16 16 11 15 18
"077_Group77" 11 10 6 9 12
"078_Group78" 15 14 11 18 12
"079_Group79" 32 26 35 27 17
"080_Group80" 10 14 15 10 16
"081_Group81" 7 7 3 8 12
"082_Group82" 17 11 15 6 10
"083_Group83" 33 21 12 20 6
"084_Group84" 13 3 22 11 5
"085_Group85" 5 10 12 14 19
"086_Group86" 17 15 11 11 6
"087_Group87" 7 7 10 14 7
"088_Group88" 14 15 10 10 9
"089_Group89" 11 20 5 9 16
"090_Group90" 13 10 16 10 9
"091_Group91" 10 12 9 17 11
"092_Group92" 6 17 12 8 11
"093_Group93" 10 15 8 14 12
"094_Group94" 13 18 6 11 8
"095_Group95" 14 14 11 5 12

"<<<<<< Group Activity: Number of wells/group >>>>>>"
Group/Time[m] 2 4 6 8 10
"000_Group0" 1 1 1 1 1
"001_Group1" 1 1 1 1 1
"002_Group2" 1 1 1 1 1
"003_Group3" 1 1 1 1 1
"004_Group4" 1 1 1 1 1
"005_Group5" 1 1 1 1 1
"006_Group6" 1 1 1 1 1
"007_Group7" 1 1 1 1 1
"008_Group8" 1 1 1 1 1
"009_Group9" 1 1 1 1 1
"010_Group10" 1 1 1 1 1
"011_Group11" 1 1 1 1 1
"012_Group12" 1 1 1 1 1
"013_Group13" 1 1 1 1 1
"014_Group14" 1 1 1 1 1
"015_Group15" 1 1 1 1 1
"016_Group16" 1 1 1 1 1
"017_Group17" 1 1 1 1 1
"018_Group18" 1 1 1 1 1
"019_Group19" 1 1 1 1 1
"020_Group20" 1 1 1 1 1
"021_Group21" 1 1 1 1 1
"022_Group22" 1 1 1 1 1
"023_Group23" 1 1 1 1 1
"024_Group24" 1 1 1 1 1
"025_Group25" 1 1 1 1 1
"026_Group26" 1 1 1 1 1
"027_Group27" 1 1 1 1 1
"028_Group28" 1 1 1 1 1
"029_Group29" 1 1 1 1 1
"030_Group30" 1 1 1 1 1
"031_Group31" 1 1 1 1 1
"032_Group32" 1 1 1 1 1
"033_Group33" 1 1 1 1 1
"034_Group34" 1 1 1 1 1
"035_Group35" 1 1 1 1 1
"036_Group36" 1 1 1 1 1
"037_Group37" 1 1 1 1 1
"038_Group38" 1 1 1 1 1
"039_Group39" 1 1 1 1 1
"040_Group40" 1 1 1 1 1
"041_Group41" 1 1 1 1 1
"042_Group42" 1 1 1 1 1
"043_Group43" 1 1 1 1 1
"044_Group44" 1 1 1 1 1
"045_Group45" 1 1 1 1 1
"046_Group46" 1 1 1 1 1
"047_Group47" 1 1 1 1 1
"048_Group48" 1 1 1 1 1
"049_Group49" 1 1 1 1 1
"050_Group50" 1 1 1 1 1
"051_Group51" 1 1 1 1 1
"052_Group52" 1 1 1 1 1
"053_Group53" 1 1 1 1 1
"054_Group54" 1 1 1 1 1
"055_Group55" 1 1 1 1 1
"056_Group56" 1 1 1 1 1
"057_Group57" 1 1 1 1 1
"058_Group58" 1 1 1 1 1
"059_Group59" 1 1 1 1 1
"060_Group60" 1 1 1 1 1
"061_Group61" 1 1 1 1 1
"062_Group62" 1 1 1 1 1
"063_Group63" 1 1 1 1 1
"064_Group64" 1 1 1 1 1
"065_Group65" 1 1 1 1 1
"066_Group66" 1 1 1 1 1
"067_Group67" 1 1 1 1 1
"068_Group68" 1 1 1 1 1
"069_Group69" 1 1 1 1 1
"070_Group70" 1 1 1 1 1
"071_Group71" 1 1 1 1 1
"072_Group72" 1 1 1 1 1
"073_Group73" 1 1 1 1 1
"074_Group74" 1 1 1 1 1
"075_Group75" 1 1 1 1 1
"076_Group76" 1 1 1 1 1
"077_Group77" 1 1 1 1 1
"078_Group78" 1 1 1 1 1
"079_Group79" 1 1 1 1 1
"080_Group80" 1 1 1 1 1
"081_Group81" 1 1 1 1 1
"082_Group82" 1 1 1 1 1
"083_Group83" 1 1 1 1 1
"084_Group84" 1 1 1 1 1
"085_Group85" 1 1 1 1 1
"086_Group86" 1 1 1 1 1
"087_Group87" 1 1 1 1 1
"088_Group88" 1 1 1 1 1
"089_Group89" 1 1 1 1 1
"090_Group90" 1 1 1 1 1
"091_Group91" 1 1 1 1 1
"092_Group92" 1 1 1 1 1
"093_Group93" 1 1 1 1 1
"094_Group94" 1 1 1 1 1
"095_Group95" 1 1 1 1 1

"<<<<<< Number of Samples per Acquisition Interval [1unit=500values] >>>>>>"
Time[m] 2 4 6 8 10 
#Samples 2 2 2 2 2 

"<<<<<< Average Temperature [°C] >>>>>>"
Time[m] 2 4 6 8 10 
Temp[°C] 21.6 21.6 21.6 21.6 21.6 

"<<<<<< Well Activity >>>>>>"
Well Group/Time[m] 2 4 6 8 10
A1 "000_Group0" 38 26 27 19 17
B1 "001_Group1" 21 24 24 24 21
C1 "002_Group2" 45 31 19 10 10
D1 "003_Group3" 48 38 44 23 22
E1 "004_Group4" 35 23 17 27 21
F1 "005_Group5" 42 42 42 24 28
G1 "006_Group6" 19 29 29 27 39
H1 "007_Group7" 22 42 17 31 30
A2 "008_Group8" 28 19 20 14 16
B2 "009_Group9" 23 28 22 13 8
C2 "010_Group10" 19 28 27 21 14
D2 "011_Group11" 33 28 26 4 22
E2 "012_Group12" 34 35 13 24 8
F2 "013_Group13" 8 13 4 8 10
G2 "014_Group14" 11 24 20 14 8
H2 "015_Group15" 46 36 28 32 16
A3 "016_Group16" 26 12 8 4 12
B3 "017_Group17" 14 10 13 25 13
C3 "018_Group18" 12 17 10 9 8
D3 "019_Group19" 11 8 10 12 9
E3 "020_Group20" 13 13 10 10 8
F3 "021_Group21" 27 13 11 8 3
G3 "022_Group22" 12 12 10 21 14
H3 "023_Group23" 41 24 17 5 15
A4 "024_Group24" 14 33 31 13 11
B4 "025_Group25" 33 40 36 26 29
C4 "026_Group26" 10 10 16 8 6
D4 "027_Group27" 18 31 5 9 5
E4 "028_Group28" 15 14 25 15 11
F4 "029_Group29" 16 14 12 12 28
G4 "030_Group30" 26 33 37 27 10
H4 "031_Group31" 46 34 34 31 11
A5 "032_Group32" 1 1 1 0 2
B5 "033_Group33" 14 13 13 3 1
C5 "034_Group34" 16 11 2 0 2
D5 "035_Group35" 4 1 3 3 1
E5 "036_Group36" 6 3 6 2 1
F5 "037_Group37" 0 0 7 7 3
G5 "038_Group38" 1 5 3 3 1
H5 "039_Group39" 18 5 8 0 3
A6 "040_Group40" 2 0 0 0 0
B6 "041_Group41" 4 1 0 0 0
C6 "042_Group42" 4 9 0 0 2
D6 "043_Group43" 0 0 0 0 6
E6 "044_Group44" 1 0 0 2 1
F6 "045_Group45" 4 4 3 5 3
G6 "046_Group46" 8 6 11 0 1
H6 "047_Group47" 6 7 0 0 0
A7 "048_Group48" 54 35 10 31 21
B7 "049_Group49" 31 40 37 9 14
C7 "050_Group50" 8 10 8 12 7
D7 "051_Group51" 11 12 9 11 7
E7 "052_Group52" 20 20 16 11 7
F7 "053_Group53" 33 30 27 13 13
G7 "054_Group54" 52 29 23 18 22
H7 "055_Group55" 21 25 15 11 15
A8 "056_Group56" 7 17 20 18 4
B8 "057_Group57" 17 15 21 16 19
C8 "058_Group58" 27 16 7 14 7
D8 "059_Group59" 22 22 19 14 21
E8 "060_Group60" 63 19 10 7 13
F8 "061_Group61" 32 20 21 13 6
G8 "062_Group62" 38 17 21 16 23
H8 "063_Group63" 41 25 24 9 10
A9 "064_Group64" 30 29 21 16 11
B9 "065_Group65" 10 35 40 23 12
C9 "066_Group66" 10 11 16 22 10
D9 "067_Group67" 35 24 43 27 21
E9 "068_Group68" 15 27 28 16 10
F9 "069_Group69" 32 36 23 38 16
G9 "070_Group70" 21 39 16 25 22
H9 "071_Group71" 31 40 50 30 32
A10 "072_Group72" 11 25 18 20 12
B10 "073_Group73" 18 12 13 3 11
C10 "074_Group74" 9 13 10 11 4
D10 "075_Group75" 36 25 31 21 18
E10 "076_Group76" 16 16 11 15 18
F10 "077_Group77" 11 10 6 9 12
G10 "078_Group78" 15 14 11 18 12
H10 "079_Group79" 32 26 35 27 17
A11 "080_Group80" 10 14 15 10 16
B11 "081_Group81" 7 7 3 8 12
C11 "082_Group82" 17 11 15 6 10
D11 "083_Group83" 33 21 12 20 6
E11 "084_Group84" 13 3 22 11 5
F11 "085_Group85" 5 10 12 14 19
G11 "086_Group86" 17 15 11 11 6
H11 "087_Group87" 7 7 10 14 7
A12 "088_Group88" 14 15 10 10 9
B12 "089_Group89" 11 20 5 9 16
C12 "090_Group90" 13 10 16 10 9
D12 "091_Group91" 10 12 9 17 11
E12 "092_Group92" 6 17 12 8 11
F12 "093_Group93" 10 15 8 14 12
G12 "094_Group94" 13 18 6 11 8
H12 "095_Group95" 14 14 11 5 12

"<<<<<< Channel Activity >>>>>>"
Channel Well Group/Time[m] 2 4 6 8 10
CH0 A1.0 "000_Group0" 38 26 27 19 17
CH2 B1.0 "001_Group1" 21 24 24 24 21
CH4 C1.0 "002_Group2" 45 31 19 10 10
CH6 D1.0 "003_Group3" 48 38 44 23 22
CH8 E1.0 "004_Group4" 35 23 17 27 21
CH10 F1.0 "005_Group5" 42 42 42 24 28
CH12 G1.0 "006_Group6" 19 29 29 27 39
CH14 H1.0 "007_Group7" 22 42 17 31 30
CH32 A2.0 "008_Group8" 28 19 20 14 16
CH34 B2.0 "009_Group9" 23 28 22 13 8
CH36 C2.0 "010_Group10" 19 28 27 21 14
CH38 D2.0 "011_Group11" 33 28 26 4 22
CH40 E2.0 "012_Group12" 34 35 13 24 8
CH42 F2.0 "013_Group13" 8 13 4 8 10
CH44 G2.0 "014_Group14" 11 24 20 14 8
CH46 H2.0 "015_Group15" 46 36 28 32 16
CH64 A3.0 "016_Group16" 26 12 8 4 12
CH66 B3.0 "017_Group17" 14 10 13 25 13
CH68 C3.0 "018_Group18" 12 17 10 9 8
CH70 D3.0 "019_Group19" 11 8 10 12 9
CH72 E3.0 "020_Group20" 13 13 10 10 8
CH74 F3.0 "021_Group21" 27 13 11 8 3
CH76 G3.0 "022_Group22" 12 12 10 21 14
CH78 H3.0 "023_Group23" 41 24 17 5 15
CH96 A4.0 "024_Group24" 14 33 31 13 11
CH98 B4.0 "025_Group25" 33 40 36 26 29
CH100 C4.0 "026_Group26" 10 10 16 8 6
CH102 D4.0 "027_Group27" 18 31 5 9 5
CH104 E4.0 "028_Group28" 15 14 25 15 11
CH106 F4.0 "029_Group29" 16 14 12 12 28
CH108 G4.0 "030_Group30" 26 33 37 27 10
CH110 H4.0 "031_Group31" 46 34 34 31 11
CH128 A5.0 "032_Group32" 1 1 1 0 2
CH130 B5.0 "033_Group33" 14 13 13 3 1
CH132 C5.0 "034_Group34" 16 11 2 0 2
CH134 D5.0 "035_Group35" 4 1 3 3 1
CH136 E5.0 "036_Group36" 6 3 6 2 1
CH138 F5.0 "037_Group37" 0 0 7 7 3
CH140 G5.0 "038_Group38" 1 5 3 3 1
CH142 H5.0 "039_Group39" 18 5 8 0 3
CH160 A6.0 "040_Group40" 2 0 0 0 0
CH162 B6.0 "041_Group41" 4 1 0 0 0
CH164 C6.0 "042_Group42" 4 9 0 0 2
CH166 D6.0 "043_Group43" 0 0 0 0 6
CH168 E6.0 "044_Group44" 1 0 0 2 1
CH170 F6.0 "045_Group45" 4 4 3 5 3
CH172 G6.0 "046_Group46" 8 6 11 0 1
CH174 H6.0 "047_Group47" 6 7 0 0 0
CH192 A7.0 "048_Group48" 54 35 10 31 21
CH194 B7.0 "049_Group49" 31 40 37 9 14
CH196 C7.0 "050_Group50" 8 10 8 12 7
CH198 D7.0 "051_Group51" 11 12 9 11 7
CH200 E7.0 "052_Group52" 20 20 16 11 7
CH202 F7.0 "053_Group53" 33 30 27 13 13
CH204 G7.0 "054_Group54" 52 29 23 18 22
CH206 H7.0 "055_Group55" 21 25 15 11 15
CH224 A8.0 "056_Group56" 7 17 20 18 4
CH226 B8.0 "057_Group57" 17 15 21 16 19
CH228 C8.0 "058_Group58" 27 16 7 14 7
CH230 D8.0 "059_Group59" 22 22 19 14 21
CH232 E8.0 "060_Group60" 63 19 10 7 13
CH234 F8.0 "061_Group61" 32 20 21 13 6
CH236 G8.0 "062_Group62" 38 17 21 16 23
CH238 H8.0 "063_Group63" 41 25 24 9 10
CH256 A9.0 "064_Group64" 30 29 21 16 11
CH258 B9.0 "065_Group65" 10 35 40 23 12
CH260 C9.0 "066_Group66" 10 11 16 22 10
CH262 D9.0 "067_Group67" 35 24 43 27 21
CH264 E9.0 "068_Group68" 15 27 28 16 10
CH266 F9.0 "069_Group69" 32 36 23 38 16
CH268 G9.0 "070_Group70" 21 39 16 25 22
CH270 H9.0 "071_Group71" 31 40 50 30 32
CH288 A10.0 "072_Group72" 11 25 18 20 12
CH290 B10.0 "073_Group73" 18 12 13 3 11
CH292 C10.0 "074_Group74" 9 13 10 11 4
CH294 D10.0 "075_Group75" 36 25 31 21 18
CH296 E10.0 "076_Group76" 16 16 11 15 18
CH298 F10.0 "077_Group77" 11 10 6 9 12
CH300 G10.0 "078_Group78" 15 14 11 18 12
CH302 H10.0 "079_Group79" 32 26 35 27 17
CH320 A11.0 "080_Group80" 10 14 15 10 16
CH322 B11.0 "081_Group81" 7 7 3 8 12
CH324 C11.0 "082_Group82" 17 11 15 6 10
CH326 D11.0 "083_Group83" 33 21 12 20 6
CH328 E11.0 "084_Group84" 13 3 22 11 5
CH330 F11.0 "085_Group85" 5 10 12 14 19
CH332 G11.0 "086_Group86" 17 15 11 11 6
CH334 H11.0 "087_Group87" 7 7 10 14 7
CH352 A12.0 "088_Group88" 14 15 10 10 9
CH354 B12.0 "089_Group89" 11 20 5 9 16
CH356 C12.0 "090_Group90" 13 10 16 10 9
CH358 D12.0 "091_Group91" 10 12 9 17 11
CH360 E12.0 "092_Group92" 6 17 12 8 11
CH362 F12.0 "093_Group93" 10 15 8 14 12
CH364 G12.0 "094_Group94" 13 18 6 11 8
CH366 H12.0 "095_Group95" 14 14 11 5 12
