"DATE:" "1/29/2015 9:10:33 AM"
"FILE:" "C:\Users\AndersenLab\Desktop\wmicrotracker\p00011\20150129_0858"
"SUBPROJECT:" "20150129_Longevity_1_3mgmL"

"<<<<<< Group Activity: Average Activity Counts per Data Interval>>>>>>"
Group/Time[m] 2 4 6 8 10
"000_Group0" 22 33 23 29 19
"001_Group1" 33 27 18 19 24
"002_Group2" 24 31 25 7 20
"003_Group3" 27 29 26 21 18
"004_Group4" 26 20 41 15 40
"005_Group5" 17 25 34 20 22
"006_Group6" 34 40 25 24 33
"007_Group7" 28 37 13 13 14
"008_Group8" 29 23 24 10 6
"009_Group9" 8 9 9 10 9
"010_Group10" 28 47 17 10 7
"011_Group11" 25 23 7 8 12
"012_Group12" 26 8 13 11 9
"013_Group13" 15 11 9 17 11
"014_Group14" 26 27 11 11 8
"015_Group15" 10 24 23 18 10
"016_Group16" 19 16 11 5 14
"017_Group17" 14 12 22 10 7
"018_Group18" 11 11 8 5 8
"019_Group19" 9 10 5 8 9
"020_Group20" 14 15 7 13 9
"021_Group21" 25 10 16 13 10
"022_Group22" 12 8 11 11 6
"023_Group23" 31 34 19 13 4
"024_Group24" 30 10 12 7 1
"025_Group25" 23 7 2 5 6
"026_Group26" 14 33 9 7 9
"027_Group27" 30 40 23 13 20
"028_Group28" 13 22 24 11 11
"029_Group29" 44 21 18 20 12
"030_Group30" 27 39 32 23 16
"031_Group31" 29 18 13 7 13
"032_Group32" 6 2 1 2 0
"033_Group33" 7 14 4 2 1
"034_Group34" 16 4 4 8 8
"035_Group35" 2 8 16 0 14
"036_Group36" 42 23 22 5 10
"037_Group37" 0 1 0 0 0
"038_Group38" 23 6 9 15 9
"039_Group39" 23 20 20 11 16
"040_Group40" 0 0 0 0 0
"041_Group41" 0 0 0 0 0
"042_Group42" 2 0 4 3 0
"043_Group43" 2 0 3 8 5
"044_Group44" 5 9 1 0 0
"045_Group45" 0 0 1 0 0
"046_Group46" 3 0 0 0 0
"047_Group47" 6 4 1 1 0
"048_Group48" 27 13 15 18 19
"049_Group49" 14 13 9 21 9
"050_Group50" 12 24 9 9 7
"051_Group51" 26 13 23 24 6
"052_Group52" 12 8 16 22 6
"053_Group53" 9 22 27 12 12
"054_Group54" 30 13 12 8 12
"055_Group55" 12 14 25 10 13
"056_Group56" 7 10 13 11 7
"057_Group57" 21 15 8 8 9
"058_Group58" 7 17 11 10 8
"059_Group59" 37 18 8 14 2
"060_Group60" 36 15 6 12 7
"061_Group61" 27 16 19 11 12
"062_Group62" 10 9 5 9 6
"063_Group63" 28 11 7 10 8
"064_Group64" 15 20 24 12 16
"065_Group65" 39 26 28 18 14
"066_Group66" 21 36 36 35 30
"067_Group67" 17 36 33 41 25
"068_Group68" 25 29 29 22 20
"069_Group69" 24 32 38 27 27
"070_Group70" 32 34 22 42 14
"071_Group71" 20 28 27 18 33
"072_Group72" 18 35 19 9 5
"073_Group73" 8 11 1 9 4
"074_Group74" 17 23 15 16 5
"075_Group75" 36 33 18 15 8
"076_Group76" 15 24 27 23 32
"077_Group77" 19 27 21 11 20
"078_Group78" 9 5 13 2 10
"079_Group79" 39 18 12 17 19
"080_Group80" 18 31 9 10 9
"081_Group81" 18 9 3 12 6
"082_Group82" 8 17 12 15 10
"083_Group83" 19 10 14 32 14
"084_Group84" 11 11 9 9 11
"085_Group85" 19 17 7 8 9
"086_Group86" 22 8 12 7 20
"087_Group87" 30 30 7 9 12
"088_Group88" 31 11 6 8 16
"089_Group89" 20 19 9 8 11
"090_Group90" 12 13 18 14 9
"091_Group91" 10 10 10 9 7
"092_Group92" 21 32 19 11 9
"093_Group93" 5 19 31 22 13
"094_Group94" 17 16 10 10 9
"095_Group95" 21 11 9 4 8

"<<<<<< Group Activity: Number of wells/group >>>>>>"
Group/Time[m] 2 4 6 8 10
"000_Group0" 1 1 1 1 1
"001_Group1" 1 1 1 1 1
"002_Group2" 1 1 1 1 1
"003_Group3" 1 1 1 1 1
"004_Group4" 1 1 1 1 1
"005_Group5" 1 1 1 1 1
"006_Group6" 1 1 1 1 1
"007_Group7" 1 1 1 1 1
"008_Group8" 1 1 1 1 1
"009_Group9" 1 1 1 1 1
"010_Group10" 1 1 1 1 1
"011_Group11" 1 1 1 1 1
"012_Group12" 1 1 1 1 1
"013_Group13" 1 1 1 1 1
"014_Group14" 1 1 1 1 1
"015_Group15" 1 1 1 1 1
"016_Group16" 1 1 1 1 1
"017_Group17" 1 1 1 1 1
"018_Group18" 1 1 1 1 1
"019_Group19" 1 1 1 1 1
"020_Group20" 1 1 1 1 1
"021_Group21" 1 1 1 1 1
"022_Group22" 1 1 1 1 1
"023_Group23" 1 1 1 1 1
"024_Group24" 1 1 1 1 1
"025_Group25" 1 1 1 1 1
"026_Group26" 1 1 1 1 1
"027_Group27" 1 1 1 1 1
"028_Group28" 1 1 1 1 1
"029_Group29" 1 1 1 1 1
"030_Group30" 1 1 1 1 1
"031_Group31" 1 1 1 1 1
"032_Group32" 1 1 1 1 1
"033_Group33" 1 1 1 1 1
"034_Group34" 1 1 1 1 1
"035_Group35" 1 1 1 1 1
"036_Group36" 1 1 1 1 1
"037_Group37" 1 1 1 1 1
"038_Group38" 1 1 1 1 1
"039_Group39" 1 1 1 1 1
"040_Group40" 1 1 1 1 1
"041_Group41" 1 1 1 1 1
"042_Group42" 1 1 1 1 1
"043_Group43" 1 1 1 1 1
"044_Group44" 1 1 1 1 1
"045_Group45" 1 1 1 1 1
"046_Group46" 1 1 1 1 1
"047_Group47" 1 1 1 1 1
"048_Group48" 1 1 1 1 1
"049_Group49" 1 1 1 1 1
"050_Group50" 1 1 1 1 1
"051_Group51" 1 1 1 1 1
"052_Group52" 1 1 1 1 1
"053_Group53" 1 1 1 1 1
"054_Group54" 1 1 1 1 1
"055_Group55" 1 1 1 1 1
"056_Group56" 1 1 1 1 1
"057_Group57" 1 1 1 1 1
"058_Group58" 1 1 1 1 1
"059_Group59" 1 1 1 1 1
"060_Group60" 1 1 1 1 1
"061_Group61" 1 1 1 1 1
"062_Group62" 1 1 1 1 1
"063_Group63" 1 1 1 1 1
"064_Group64" 1 1 1 1 1
"065_Group65" 1 1 1 1 1
"066_Group66" 1 1 1 1 1
"067_Group67" 1 1 1 1 1
"068_Group68" 1 1 1 1 1
"069_Group69" 1 1 1 1 1
"070_Group70" 1 1 1 1 1
"071_Group71" 1 1 1 1 1
"072_Group72" 1 1 1 1 1
"073_Group73" 1 1 1 1 1
"074_Group74" 1 1 1 1 1
"075_Group75" 1 1 1 1 1
"076_Group76" 1 1 1 1 1
"077_Group77" 1 1 1 1 1
"078_Group78" 1 1 1 1 1
"079_Group79" 1 1 1 1 1
"080_Group80" 1 1 1 1 1
"081_Group81" 1 1 1 1 1
"082_Group82" 1 1 1 1 1
"083_Group83" 1 1 1 1 1
"084_Group84" 1 1 1 1 1
"085_Group85" 1 1 1 1 1
"086_Group86" 1 1 1 1 1
"087_Group87" 1 1 1 1 1
"088_Group88" 1 1 1 1 1
"089_Group89" 1 1 1 1 1
"090_Group90" 1 1 1 1 1
"091_Group91" 1 1 1 1 1
"092_Group92" 1 1 1 1 1
"093_Group93" 1 1 1 1 1
"094_Group94" 1 1 1 1 1
"095_Group95" 1 1 1 1 1

"<<<<<< Number of Samples per Acquisition Interval [1unit=500values] >>>>>>"
Time[m] 2 4 6 8 10 
#Samples 2 2 2 2 2 

"<<<<<< Average Temperature [°C] >>>>>>"
Time[m] 2 4 6 8 10 
Temp[°C] 22.2 22.2 22.2 22.2 22.2 

"<<<<<< Well Activity >>>>>>"
Well Group/Time[m] 2 4 6 8 10
A1 "000_Group0" 22 33 23 29 19
B1 "001_Group1" 33 27 18 19 24
C1 "002_Group2" 24 31 25 7 20
D1 "003_Group3" 27 29 26 21 18
E1 "004_Group4" 26 20 41 15 40
F1 "005_Group5" 17 25 34 20 22
G1 "006_Group6" 34 40 25 24 33
H1 "007_Group7" 28 37 13 13 14
A2 "008_Group8" 29 23 24 10 6
B2 "009_Group9" 8 9 9 10 9
C2 "010_Group10" 28 47 17 10 7
D2 "011_Group11" 25 23 7 8 12
E2 "012_Group12" 26 8 13 11 9
F2 "013_Group13" 15 11 9 17 11
G2 "014_Group14" 26 27 11 11 8
H2 "015_Group15" 10 24 23 18 10
A3 "016_Group16" 19 16 11 5 14
B3 "017_Group17" 14 12 22 10 7
C3 "018_Group18" 11 11 8 5 8
D3 "019_Group19" 9 10 5 8 9
E3 "020_Group20" 14 15 7 13 9
F3 "021_Group21" 25 10 16 13 10
G3 "022_Group22" 12 8 11 11 6
H3 "023_Group23" 31 34 19 13 4
A4 "024_Group24" 30 10 12 7 1
B4 "025_Group25" 23 7 2 5 6
C4 "026_Group26" 14 33 9 7 9
D4 "027_Group27" 30 40 23 13 20
E4 "028_Group28" 13 22 24 11 11
F4 "029_Group29" 44 21 18 20 12
G4 "030_Group30" 27 39 32 23 16
H4 "031_Group31" 29 18 13 7 13
A5 "032_Group32" 6 2 1 2 0
B5 "033_Group33" 7 14 4 2 1
C5 "034_Group34" 16 4 4 8 8
D5 "035_Group35" 2 8 16 0 14
E5 "036_Group36" 42 23 22 5 10
F5 "037_Group37" 0 1 0 0 0
G5 "038_Group38" 23 6 9 15 9
H5 "039_Group39" 23 20 20 11 16
A6 "040_Group40" 0 0 0 0 0
B6 "041_Group41" 0 0 0 0 0
C6 "042_Group42" 2 0 4 3 0
D6 "043_Group43" 2 0 3 8 5
E6 "044_Group44" 5 9 1 0 0
F6 "045_Group45" 0 0 1 0 0
G6 "046_Group46" 3 0 0 0 0
H6 "047_Group47" 6 4 1 1 0
A7 "048_Group48" 27 13 15 18 19
B7 "049_Group49" 14 13 9 21 9
C7 "050_Group50" 12 24 9 9 7
D7 "051_Group51" 26 13 23 24 6
E7 "052_Group52" 12 8 16 22 6
F7 "053_Group53" 9 22 27 12 12
G7 "054_Group54" 30 13 12 8 12
H7 "055_Group55" 12 14 25 10 13
A8 "056_Group56" 7 10 13 11 7
B8 "057_Group57" 21 15 8 8 9
C8 "058_Group58" 7 17 11 10 8
D8 "059_Group59" 37 18 8 14 2
E8 "060_Group60" 36 15 6 12 7
F8 "061_Group61" 27 16 19 11 12
G8 "062_Group62" 10 9 5 9 6
H8 "063_Group63" 28 11 7 10 8
A9 "064_Group64" 15 20 24 12 16
B9 "065_Group65" 39 26 28 18 14
C9 "066_Group66" 21 36 36 35 30
D9 "067_Group67" 17 36 33 41 25
E9 "068_Group68" 25 29 29 22 20
F9 "069_Group69" 24 32 38 27 27
G9 "070_Group70" 32 34 22 42 14
H9 "071_Group71" 20 28 27 18 33
A10 "072_Group72" 18 35 19 9 5
B10 "073_Group73" 8 11 1 9 4
C10 "074_Group74" 17 23 15 16 5
D10 "075_Group75" 36 33 18 15 8
E10 "076_Group76" 15 24 27 23 32
F10 "077_Group77" 19 27 21 11 20
G10 "078_Group78" 9 5 13 2 10
H10 "079_Group79" 39 18 12 17 19
A11 "080_Group80" 18 31 9 10 9
B11 "081_Group81" 18 9 3 12 6
C11 "082_Group82" 8 17 12 15 10
D11 "083_Group83" 19 10 14 32 14
E11 "084_Group84" 11 11 9 9 11
F11 "085_Group85" 19 17 7 8 9
G11 "086_Group86" 22 8 12 7 20
H11 "087_Group87" 30 30 7 9 12
A12 "088_Group88" 31 11 6 8 16
B12 "089_Group89" 20 19 9 8 11
C12 "090_Group90" 12 13 18 14 9
D12 "091_Group91" 10 10 10 9 7
E12 "092_Group92" 21 32 19 11 9
F12 "093_Group93" 5 19 31 22 13
G12 "094_Group94" 17 16 10 10 9
H12 "095_Group95" 21 11 9 4 8

"<<<<<< Channel Activity >>>>>>"
Channel Well Group/Time[m] 2 4 6 8 10
CH0 A1.0 "000_Group0" 22 33 23 29 19
CH2 B1.0 "001_Group1" 33 27 18 19 24
CH4 C1.0 "002_Group2" 24 31 25 7 20
CH6 D1.0 "003_Group3" 27 29 26 21 18
CH8 E1.0 "004_Group4" 26 20 41 15 40
CH10 F1.0 "005_Group5" 17 25 34 20 22
CH12 G1.0 "006_Group6" 34 40 25 24 33
CH14 H1.0 "007_Group7" 28 37 13 13 14
CH32 A2.0 "008_Group8" 29 23 24 10 6
CH34 B2.0 "009_Group9" 8 9 9 10 9
CH36 C2.0 "010_Group10" 28 47 17 10 7
CH38 D2.0 "011_Group11" 25 23 7 8 12
CH40 E2.0 "012_Group12" 26 8 13 11 9
CH42 F2.0 "013_Group13" 15 11 9 17 11
CH44 G2.0 "014_Group14" 26 27 11 11 8
CH46 H2.0 "015_Group15" 10 24 23 18 10
CH64 A3.0 "016_Group16" 19 16 11 5 14
CH66 B3.0 "017_Group17" 14 12 22 10 7
CH68 C3.0 "018_Group18" 11 11 8 5 8
CH70 D3.0 "019_Group19" 9 10 5 8 9
CH72 E3.0 "020_Group20" 14 15 7 13 9
CH74 F3.0 "021_Group21" 25 10 16 13 10
CH76 G3.0 "022_Group22" 12 8 11 11 6
CH78 H3.0 "023_Group23" 31 34 19 13 4
CH96 A4.0 "024_Group24" 30 10 12 7 1
CH98 B4.0 "025_Group25" 23 7 2 5 6
CH100 C4.0 "026_Group26" 14 33 9 7 9
CH102 D4.0 "027_Group27" 30 40 23 13 20
CH104 E4.0 "028_Group28" 13 22 24 11 11
CH106 F4.0 "029_Group29" 44 21 18 20 12
CH108 G4.0 "030_Group30" 27 39 32 23 16
CH110 H4.0 "031_Group31" 29 18 13 7 13
CH128 A5.0 "032_Group32" 6 2 1 2 0
CH130 B5.0 "033_Group33" 7 14 4 2 1
CH132 C5.0 "034_Group34" 16 4 4 8 8
CH134 D5.0 "035_Group35" 2 8 16 0 14
CH136 E5.0 "036_Group36" 42 23 22 5 10
CH138 F5.0 "037_Group37" 0 1 0 0 0
CH140 G5.0 "038_Group38" 23 6 9 15 9
CH142 H5.0 "039_Group39" 23 20 20 11 16
CH160 A6.0 "040_Group40" 0 0 0 0 0
CH162 B6.0 "041_Group41" 0 0 0 0 0
CH164 C6.0 "042_Group42" 2 0 4 3 0
CH166 D6.0 "043_Group43" 2 0 3 8 5
CH168 E6.0 "044_Group44" 5 9 1 0 0
CH170 F6.0 "045_Group45" 0 0 1 0 0
CH172 G6.0 "046_Group46" 3 0 0 0 0
CH174 H6.0 "047_Group47" 6 4 1 1 0
CH192 A7.0 "048_Group48" 27 13 15 18 19
CH194 B7.0 "049_Group49" 14 13 9 21 9
CH196 C7.0 "050_Group50" 12 24 9 9 7
CH198 D7.0 "051_Group51" 26 13 23 24 6
CH200 E7.0 "052_Group52" 12 8 16 22 6
CH202 F7.0 "053_Group53" 9 22 27 12 12
CH204 G7.0 "054_Group54" 30 13 12 8 12
CH206 H7.0 "055_Group55" 12 14 25 10 13
CH224 A8.0 "056_Group56" 7 10 13 11 7
CH226 B8.0 "057_Group57" 21 15 8 8 9
CH228 C8.0 "058_Group58" 7 17 11 10 8
CH230 D8.0 "059_Group59" 37 18 8 14 2
CH232 E8.0 "060_Group60" 36 15 6 12 7
CH234 F8.0 "061_Group61" 27 16 19 11 12
CH236 G8.0 "062_Group62" 10 9 5 9 6
CH238 H8.0 "063_Group63" 28 11 7 10 8
CH256 A9.0 "064_Group64" 15 20 24 12 16
CH258 B9.0 "065_Group65" 39 26 28 18 14
CH260 C9.0 "066_Group66" 21 36 36 35 30
CH262 D9.0 "067_Group67" 17 36 33 41 25
CH264 E9.0 "068_Group68" 25 29 29 22 20
CH266 F9.0 "069_Group69" 24 32 38 27 27
CH268 G9.0 "070_Group70" 32 34 22 42 14
CH270 H9.0 "071_Group71" 20 28 27 18 33
CH288 A10.0 "072_Group72" 18 35 19 9 5
CH290 B10.0 "073_Group73" 8 11 1 9 4
CH292 C10.0 "074_Group74" 17 23 15 16 5
CH294 D10.0 "075_Group75" 36 33 18 15 8
CH296 E10.0 "076_Group76" 15 24 27 23 32
CH298 F10.0 "077_Group77" 19 27 21 11 20
CH300 G10.0 "078_Group78" 9 5 13 2 10
CH302 H10.0 "079_Group79" 39 18 12 17 19
CH320 A11.0 "080_Group80" 18 31 9 10 9
CH322 B11.0 "081_Group81" 18 9 3 12 6
CH324 C11.0 "082_Group82" 8 17 12 15 10
CH326 D11.0 "083_Group83" 19 10 14 32 14
CH328 E11.0 "084_Group84" 11 11 9 9 11
CH330 F11.0 "085_Group85" 19 17 7 8 9
CH332 G11.0 "086_Group86" 22 8 12 7 20
CH334 H11.0 "087_Group87" 30 30 7 9 12
CH352 A12.0 "088_Group88" 31 11 6 8 16
CH354 B12.0 "089_Group89" 20 19 9 8 11
CH356 C12.0 "090_Group90" 12 13 18 14 9
CH358 D12.0 "091_Group91" 10 10 10 9 7
CH360 E12.0 "092_Group92" 21 32 19 11 9
CH362 F12.0 "093_Group93" 5 19 31 22 13
CH364 G12.0 "094_Group94" 17 16 10 10 9
CH366 H12.0 "095_Group95" 21 11 9 4 8
