"DATE:" "1/26/2015 11:03:42 AM"
"FILE:" "C:\Users\AndersenLab\Desktop\wmicrotracker\p00011\20150124_0957"
"SUBPROJECT:" "Food Optimization 1 4 mgmL 1-24"

"<<<<<< Group Activity: Average Activity Counts per Data Interval>>>>>>"
Group/Time[m] 2 4 6 8 10 12 14 16 18 20 22 24 26 28
"000_Group0" 8 10 19 19 6 14 14 12 9 6 13 15 14 14
"001_Group1" 15 11 17 20 20 14 13 22 12 15 18 14 8 24
"002_Group2" 14 12 10 6 7 16 13 10 14 11 10 20 21 23
"003_Group3" 31 28 21 12 6 5 12 12 12 4 12 6 13 13
"004_Group4" 7 10 27 24 19 31 36 19 20 9 26 19 32 27
"005_Group5" 26 28 15 26 40 17 15 10 36 6 29 27 31 18
"006_Group6" 12 33 38 40 53 33 32 21 23 16 36 39 36 40
"007_Group7" 28 23 20 38 20 29 24 29 41 16 36 19 23 38
"008_Group8" 18 34 31 41 25 21 34 36 28 6 32 18 20 29
"009_Group9" 34 33 33 30 37 29 30 31 30 17 24 32 36 28
"010_Group10" 20 16 39 35 31 22 30 29 24 10 24 20 26 19
"011_Group11" 34 31 37 38 36 25 26 23 27 22 37 32 26 40
"012_Group12" 40 54 30 26 40 37 27 26 42 18 26 32 31 32
"013_Group13" 28 42 24 36 35 21 24 16 22 25 34 35 20 31
"014_Group14" 33 24 34 40 40 21 18 20 26 12 26 37 25 32
"015_Group15" 35 23 36 34 42 39 17 38 40 12 37 36 26 25
"016_Group16" 9 15 14 9 16 12 6 18 11 10 19 16 21 17
"017_Group17" 12 6 19 17 19 16 21 11 23 14 15 14 13 24
"018_Group18" 30 17 22 20 27 45 24 15 12 8 26 10 19 4
"019_Group19" 5 6 12 10 16 16 9 19 10 7 13 15 12 17
"020_Group20" 28 19 12 29 29 14 11 9 23 7 14 12 6 16
"021_Group21" 10 9 13 11 7 7 7 15 8 6 8 16 7 16
"022_Group22" 43 23 37 23 23 24 15 22 11 12 19 15 22 6
"023_Group23" 12 27 20 13 24 23 8 10 31 3 13 14 13 10
"024_Group24" 17 14 16 8 10 12 9 17 19 15 20 12 22 16
"025_Group25" 12 15 12 16 10 7 9 4 8 2 4 10 4 10
"026_Group26" 5 16 8 6 6 8 9 6 9 6 11 7 9 9
"027_Group27" 17 6 13 13 10 16 7 4 10 4 11 9 10 17
"028_Group28" 15 9 16 11 11 3 11 14 8 4 17 29 7 10
"029_Group29" 9 10 5 5 13 11 4 6 7 1 12 8 20 13
"030_Group30" 8 7 13 6 13 11 6 13 17 11 24 9 19 16
"031_Group31" 22 15 13 10 17 7 16 2 13 5 12 13 12 10
"032_Group32" 1 2 0 1 3 1 0 0 1 0 0 2 0 1
"033_Group33" 8 5 7 4 16 0 9 11 2 5 4 12 0 0
"034_Group34" 9 3 0 6 2 9 4 16 11 8 6 2 0 10
"035_Group35" 2 1 2 2 0 9 10 11 9 0 5 12 10 2
"036_Group36" 0 0 0 0 0 0 0 0 0 0 0 0 0 0
"037_Group37" 0 0 0 0 0 0 0 0 0 0 0 0 0 0
"038_Group38" 0 0 0 0 0 0 0 0 0 0 0 0 0 0
"039_Group39" 0 0 0 0 0 0 0 0 0 0 0 0 0 0
"040_Group40" 0 0 1 0 0 0 0 3 0 0 0 0 0 0
"041_Group41" 0 11 0 0 3 2 0 1 1 0 0 0 0 2
"042_Group42" 0 0 0 0 0 0 0 0 0 0 0 0 0 0
"043_Group43" 0 0 0 0 0 0 0 0 0 0 0 0 0 0
"044_Group44" 0 0 0 0 0 0 0 0 0 0 0 0 0 0
"045_Group45" 0 0 0 0 0 0 0 0 0 0 0 0 0 0
"046_Group46" 0 0 0 0 0 0 0 0 0 0 0 0 0 0
"047_Group47" 0 0 0 0 0 0 0 0 0 0 0 0 0 0
"048_Group48" 23 19 30 33 26 24 23 29 11 6 14 26 25 28
"049_Group49" 20 33 22 30 35 29 16 19 19 23 32 32 20 30
"050_Group50" 37 31 35 18 21 18 25 11 20 19 13 30 30 27
"051_Group51" 22 20 45 18 22 26 31 20 19 14 23 12 34 27
"052_Group52" 7 12 12 23 22 20 17 17 12 9 12 32 20 26
"053_Group53" 4 3 6 14 16 17 28 22 18 10 25 19 23 20
"054_Group54" 21 29 40 24 34 34 36 28 32 16 28 31 35 21
"055_Group55" 14 24 19 7 11 20 24 25 25 12 33 38 43 28
"056_Group56" 7 5 9 17 6 15 15 11 20 7 18 13 7 17
"057_Group57" 7 22 10 7 11 5 6 8 17 9 12 8 12 7
"058_Group58" 7 10 11 11 17 18 16 9 6 5 8 14 21 23
"059_Group59" 32 35 30 24 28 7 12 16 15 2 15 15 16 9
"060_Group60" 14 17 34 15 8 13 7 16 16 6 14 12 11 26
"061_Group61" 9 11 22 13 5 10 10 8 10 9 14 9 13 11
"062_Group62" 15 10 10 8 11 9 9 9 9 5 15 7 10 11
"063_Group63" 11 8 12 15 13 5 10 19 17 6 9 8 11 13
"064_Group64" 25 44 36 29 38 29 28 25 21 9 19 10 21 32
"065_Group65" 26 29 31 32 38 20 20 15 21 2 15 19 13 18
"066_Group66" 16 22 14 36 17 14 10 18 22 7 16 12 22 12
"067_Group67" 16 12 19 18 32 30 21 34 25 15 19 26 27 18
"068_Group68" 16 15 16 13 14 10 9 15 19 12 10 14 14 16
"069_Group69" 15 26 20 48 17 26 33 29 35 11 19 13 11 19
"070_Group70" 32 38 32 32 51 42 43 38 20 18 20 13 8 20
"071_Group71" 15 17 7 16 19 14 18 8 10 2 9 10 12 14
"072_Group72" 28 32 33 36 38 22 38 36 39 10 27 32 34 26
"073_Group73" 18 18 19 41 25 25 28 17 21 8 12 9 16 13
"074_Group74" 26 32 23 23 21 15 22 21 30 9 14 12 13 22
"075_Group75" 7 16 7 12 11 6 11 10 13 4 14 13 12 12
"076_Group76" 7 31 30 32 29 28 25 23 16 13 26 28 25 7
"077_Group77" 18 35 19 41 30 30 22 24 27 12 16 21 31 24
"078_Group78" 12 10 19 11 9 10 8 15 24 13 15 8 10 7
"079_Group79" 24 20 38 22 11 20 13 19 9 13 13 14 12 15
"080_Group80" 11 13 8 12 9 10 11 14 19 3 9 12 15 9
"081_Group81" 9 16 15 7 19 20 9 13 11 1 18 15 17 13
"082_Group82" 7 9 4 12 13 20 17 10 10 9 15 13 10 8
"083_Group83" 8 6 7 10 14 14 14 8 19 3 12 19 12 13
"084_Group84" 18 12 16 16 13 10 8 11 14 0 5 9 13 12
"085_Group85" 12 15 13 14 23 5 9 11 16 9 9 7 24 10
"086_Group86" 8 9 15 11 17 15 23 20 14 5 11 20 17 12
"087_Group87" 6 7 14 11 6 7 12 10 17 5 13 9 10 9
"088_Group88" 13 13 3 5 12 7 13 7 17 8 11 6 13 16
"089_Group89" 25 24 21 33 25 19 9 38 10 5 26 14 30 16
"090_Group90" 19 17 15 27 40 33 26 25 33 13 18 18 22 24
"091_Group91" 16 20 15 23 20 10 16 15 20 13 24 16 14 19
"092_Group92" 12 5 13 26 19 13 10 10 2 5 10 24 15 26
"093_Group93" 5 9 14 19 15 9 10 8 14 9 14 14 20 34
"094_Group94" 25 6 5 7 22 9 11 29 13 10 17 9 36 11
"095_Group95" 22 16 14 13 18 8 18 35 26 21 25 35 19 30

"<<<<<< Group Activity: Number of wells/group >>>>>>"
Group/Time[m] 2 4 6 8 10 12 14 16 18 20 22 24 26 28
"000_Group0" 1 1 1 1 1 1 1 1 1 1 1 1 1 1
"001_Group1" 1 1 1 1 1 1 1 1 1 1 1 1 1 1
"002_Group2" 1 1 1 1 1 1 1 1 1 1 1 1 1 1
"003_Group3" 1 1 1 1 1 1 1 1 1 1 1 1 1 1
"004_Group4" 1 1 1 1 1 1 1 1 1 1 1 1 1 1
"005_Group5" 1 1 1 1 1 1 1 1 1 1 1 1 1 1
"006_Group6" 1 1 1 1 1 1 1 1 1 1 1 1 1 1
"007_Group7" 1 1 1 1 1 1 1 1 1 1 1 1 1 1
"008_Group8" 1 1 1 1 1 1 1 1 1 1 1 1 1 1
"009_Group9" 1 1 1 1 1 1 1 1 1 1 1 1 1 1
"010_Group10" 1 1 1 1 1 1 1 1 1 1 1 1 1 1
"011_Group11" 1 1 1 1 1 1 1 1 1 1 1 1 1 1
"012_Group12" 1 1 1 1 1 1 1 1 1 1 1 1 1 1
"013_Group13" 1 1 1 1 1 1 1 1 1 1 1 1 1 1
"014_Group14" 1 1 1 1 1 1 1 1 1 1 1 1 1 1
"015_Group15" 1 1 1 1 1 1 1 1 1 1 1 1 1 1
"016_Group16" 1 1 1 1 1 1 1 1 1 1 1 1 1 1
"017_Group17" 1 1 1 1 1 1 1 1 1 1 1 1 1 1
"018_Group18" 1 1 1 1 1 1 1 1 1 1 1 1 1 1
"019_Group19" 1 1 1 1 1 1 1 1 1 1 1 1 1 1
"020_Group20" 1 1 1 1 1 1 1 1 1 1 1 1 1 1
"021_Group21" 1 1 1 1 1 1 1 1 1 1 1 1 1 1
"022_Group22" 1 1 1 1 1 1 1 1 1 1 1 1 1 1
"023_Group23" 1 1 1 1 1 1 1 1 1 1 1 1 1 1
"024_Group24" 1 1 1 1 1 1 1 1 1 1 1 1 1 1
"025_Group25" 1 1 1 1 1 1 1 1 1 1 1 1 1 1
"026_Group26" 1 1 1 1 1 1 1 1 1 1 1 1 1 1
"027_Group27" 1 1 1 1 1 1 1 1 1 1 1 1 1 1
"028_Group28" 1 1 1 1 1 1 1 1 1 1 1 1 1 1
"029_Group29" 1 1 1 1 1 1 1 1 1 1 1 1 1 1
"030_Group30" 1 1 1 1 1 1 1 1 1 1 1 1 1 1
"031_Group31" 1 1 1 1 1 1 1 1 1 1 1 1 1 1
"032_Group32" 1 1 1 1 1 1 1 1 1 1 1 1 1 1
"033_Group33" 1 1 1 1 1 1 1 1 1 1 1 1 1 1
"034_Group34" 1 1 1 1 1 1 1 1 1 1 1 1 1 1
"035_Group35" 1 1 1 1 1 1 1 1 1 1 1 1 1 1
"036_Group36" 1 1 1 1 1 1 1 1 1 1 1 1 1 1
"037_Group37" 1 1 1 1 1 1 1 1 1 1 1 1 1 1
"038_Group38" 1 1 1 1 1 1 1 1 1 1 1 1 1 1
"039_Group39" 1 1 1 1 1 1 1 1 1 1 1 1 1 1
"040_Group40" 1 1 1 1 1 1 1 1 1 1 1 1 1 1
"041_Group41" 1 1 1 1 1 1 1 1 1 1 1 1 1 1
"042_Group42" 1 1 1 1 1 1 1 1 1 1 1 1 1 1
"043_Group43" 1 1 1 1 1 1 1 1 1 1 1 1 1 1
"044_Group44" 1 1 1 1 1 1 1 1 1 1 1 1 1 1
"045_Group45" 1 1 1 1 1 1 1 1 1 1 1 1 1 1
"046_Group46" 1 1 1 1 1 1 1 1 1 1 1 1 1 1
"047_Group47" 1 1 1 1 1 1 1 1 1 1 1 1 1 1
"048_Group48" 1 1 1 1 1 1 1 1 1 1 1 1 1 1
"049_Group49" 1 1 1 1 1 1 1 1 1 1 1 1 1 1
"050_Group50" 1 1 1 1 1 1 1 1 1 1 1 1 1 1
"051_Group51" 1 1 1 1 1 1 1 1 1 1 1 1 1 1
"052_Group52" 1 1 1 1 1 1 1 1 1 1 1 1 1 1
"053_Group53" 1 1 1 1 1 1 1 1 1 1 1 1 1 1
"054_Group54" 1 1 1 1 1 1 1 1 1 1 1 1 1 1
"055_Group55" 1 1 1 1 1 1 1 1 1 1 1 1 1 1
"056_Group56" 1 1 1 1 1 1 1 1 1 1 1 1 1 1
"057_Group57" 1 1 1 1 1 1 1 1 1 1 1 1 1 1
"058_Group58" 1 1 1 1 1 1 1 1 1 1 1 1 1 1
"059_Group59" 1 1 1 1 1 1 1 1 1 1 1 1 1 1
"060_Group60" 1 1 1 1 1 1 1 1 1 1 1 1 1 1
"061_Group61" 1 1 1 1 1 1 1 1 1 1 1 1 1 1
"062_Group62" 1 1 1 1 1 1 1 1 1 1 1 1 1 1
"063_Group63" 1 1 1 1 1 1 1 1 1 1 1 1 1 1
"064_Group64" 1 1 1 1 1 1 1 1 1 1 1 1 1 1
"065_Group65" 1 1 1 1 1 1 1 1 1 1 1 1 1 1
"066_Group66" 1 1 1 1 1 1 1 1 1 1 1 1 1 1
"067_Group67" 1 1 1 1 1 1 1 1 1 1 1 1 1 1
"068_Group68" 1 1 1 1 1 1 1 1 1 1 1 1 1 1
"069_Group69" 1 1 1 1 1 1 1 1 1 1 1 1 1 1
"070_Group70" 1 1 1 1 1 1 1 1 1 1 1 1 1 1
"071_Group71" 1 1 1 1 1 1 1 1 1 1 1 1 1 1
"072_Group72" 1 1 1 1 1 1 1 1 1 1 1 1 1 1
"073_Group73" 1 1 1 1 1 1 1 1 1 1 1 1 1 1
"074_Group74" 1 1 1 1 1 1 1 1 1 1 1 1 1 1
"075_Group75" 1 1 1 1 1 1 1 1 1 1 1 1 1 1
"076_Group76" 1 1 1 1 1 1 1 1 1 1 1 1 1 1
"077_Group77" 1 1 1 1 1 1 1 1 1 1 1 1 1 1
"078_Group78" 1 1 1 1 1 1 1 1 1 1 1 1 1 1
"079_Group79" 1 1 1 1 1 1 1 1 1 1 1 1 1 1
"080_Group80" 1 1 1 1 1 1 1 1 1 1 1 1 1 1
"081_Group81" 1 1 1 1 1 1 1 1 1 1 1 1 1 1
"082_Group82" 1 1 1 1 1 1 1 1 1 1 1 1 1 1
"083_Group83" 1 1 1 1 1 1 1 1 1 1 1 1 1 1
"084_Group84" 1 1 1 1 1 1 1 1 1 1 1 1 1 1
"085_Group85" 1 1 1 1 1 1 1 1 1 1 1 1 1 1
"086_Group86" 1 1 1 1 1 1 1 1 1 1 1 1 1 1
"087_Group87" 1 1 1 1 1 1 1 1 1 1 1 1 1 1
"088_Group88" 1 1 1 1 1 1 1 1 1 1 1 1 1 1
"089_Group89" 1 1 1 1 1 1 1 1 1 1 1 1 1 1
"090_Group90" 1 1 1 1 1 1 1 1 1 1 1 1 1 1
"091_Group91" 1 1 1 1 1 1 1 1 1 1 1 1 1 1
"092_Group92" 1 1 1 1 1 1 1 1 1 1 1 1 1 1
"093_Group93" 1 1 1 1 1 1 1 1 1 1 1 1 1 1
"094_Group94" 1 1 1 1 1 1 1 1 1 1 1 1 1 1
"095_Group95" 1 1 1 1 1 1 1 1 1 1 1 1 1 1

"<<<<<< Number of Samples per Acquisition Interval [1unit=500values] >>>>>>"
Time[m] 2 4 6 8 10 12 14 16 18 20 22 24 26 28 
#Samples 2 2 2 2 2 2 2 2 2 1 2 2 2 2 

"<<<<<< Average Temperature [°C] >>>>>>"
Time[m] 2 4 6 8 10 12 14 16 18 20 22 24 26 28 
Temp[°C] 22.0 22.0 22.0 22.0 22.0 22.0 22.1 22.1 22.1 22.2 22.2 22.2 22.1 22.2 

"<<<<<< Well Activity >>>>>>"
Well Group/Time[m] 2 4 6 8 10 12 14 16 18 20 22 24 26 28
A1 "000_Group0" 8 10 19 19 6 14 14 12 9 6 13 15 14 14
B1 "001_Group1" 15 11 17 20 20 14 13 22 12 15 18 14 8 24
C1 "002_Group2" 14 12 10 6 7 16 13 10 14 11 10 20 21 23
D1 "003_Group3" 31 28 21 12 6 5 12 12 12 4 12 6 13 13
E1 "004_Group4" 7 10 27 24 19 31 36 19 20 9 26 19 32 27
F1 "005_Group5" 26 28 15 26 40 17 15 10 36 6 29 27 31 18
G1 "006_Group6" 12 33 38 40 53 33 32 21 23 16 36 39 36 40
H1 "007_Group7" 28 23 20 38 20 29 24 29 41 16 36 19 23 38
A2 "008_Group8" 18 34 31 41 25 21 34 36 28 6 32 18 20 29
B2 "009_Group9" 34 33 33 30 37 29 30 31 30 17 24 32 36 28
C2 "010_Group10" 20 16 39 35 31 22 30 29 24 10 24 20 26 19
D2 "011_Group11" 34 31 37 38 36 25 26 23 27 22 37 32 26 40
E2 "012_Group12" 40 54 30 26 40 37 27 26 42 18 26 32 31 32
F2 "013_Group13" 28 42 24 36 35 21 24 16 22 25 34 35 20 31
G2 "014_Group14" 33 24 34 40 40 21 18 20 26 12 26 37 25 32
H2 "015_Group15" 35 23 36 34 42 39 17 38 40 12 37 36 26 25
A3 "016_Group16" 9 15 14 9 16 12 6 18 11 10 19 16 21 17
B3 "017_Group17" 12 6 19 17 19 16 21 11 23 14 15 14 13 24
C3 "018_Group18" 30 17 22 20 27 45 24 15 12 8 26 10 19 4
D3 "019_Group19" 5 6 12 10 16 16 9 19 10 7 13 15 12 17
E3 "020_Group20" 28 19 12 29 29 14 11 9 23 7 14 12 6 16
F3 "021_Group21" 10 9 13 11 7 7 7 15 8 6 8 16 7 16
G3 "022_Group22" 43 23 37 23 23 24 15 22 11 12 19 15 22 6
H3 "023_Group23" 12 27 20 13 24 23 8 10 31 3 13 14 13 10
A4 "024_Group24" 17 14 16 8 10 12 9 17 19 15 20 12 22 16
B4 "025_Group25" 12 15 12 16 10 7 9 4 8 2 4 10 4 10
C4 "026_Group26" 5 16 8 6 6 8 9 6 9 6 11 7 9 9
D4 "027_Group27" 17 6 13 13 10 16 7 4 10 4 11 9 10 17
E4 "028_Group28" 15 9 16 11 11 3 11 14 8 4 17 29 7 10
F4 "029_Group29" 9 10 5 5 13 11 4 6 7 1 12 8 20 13
G4 "030_Group30" 8 7 13 6 13 11 6 13 17 11 24 9 19 16
H4 "031_Group31" 22 15 13 10 17 7 16 2 13 5 12 13 12 10
A5 "032_Group32" 1 2 0 1 3 1 0 0 1 0 0 2 0 1
B5 "033_Group33" 8 5 7 4 16 0 9 11 2 5 4 12 0 0
C5 "034_Group34" 9 3 0 6 2 9 4 16 11 8 6 2 0 10
D5 "035_Group35" 2 1 2 2 0 9 10 11 9 0 5 12 10 2
E5 "036_Group36" 0 0 0 0 0 0 0 0 0 0 0 0 0 0
F5 "037_Group37" 0 0 0 0 0 0 0 0 0 0 0 0 0 0
G5 "038_Group38" 0 0 0 0 0 0 0 0 0 0 0 0 0 0
H5 "039_Group39" 0 0 0 0 0 0 0 0 0 0 0 0 0 0
A6 "040_Group40" 0 0 1 0 0 0 0 3 0 0 0 0 0 0
B6 "041_Group41" 0 11 0 0 3 2 0 1 1 0 0 0 0 2
C6 "042_Group42" 0 0 0 0 0 0 0 0 0 0 0 0 0 0
D6 "043_Group43" 0 0 0 0 0 0 0 0 0 0 0 0 0 0
E6 "044_Group44" 0 0 0 0 0 0 0 0 0 0 0 0 0 0
F6 "045_Group45" 0 0 0 0 0 0 0 0 0 0 0 0 0 0
G6 "046_Group46" 0 0 0 0 0 0 0 0 0 0 0 0 0 0
H6 "047_Group47" 0 0 0 0 0 0 0 0 0 0 0 0 0 0
A7 "048_Group48" 23 19 30 33 26 24 23 29 11 6 14 26 25 28
B7 "049_Group49" 20 33 22 30 35 29 16 19 19 23 32 32 20 30
C7 "050_Group50" 37 31 35 18 21 18 25 11 20 19 13 30 30 27
D7 "051_Group51" 22 20 45 18 22 26 31 20 19 14 23 12 34 27
E7 "052_Group52" 7 12 12 23 22 20 17 17 12 9 12 32 20 26
F7 "053_Group53" 4 3 6 14 16 17 28 22 18 10 25 19 23 20
G7 "054_Group54" 21 29 40 24 34 34 36 28 32 16 28 31 35 21
H7 "055_Group55" 14 24 19 7 11 20 24 25 25 12 33 38 43 28
A8 "056_Group56" 7 5 9 17 6 15 15 11 20 7 18 13 7 17
B8 "057_Group57" 7 22 10 7 11 5 6 8 17 9 12 8 12 7
C8 "058_Group58" 7 10 11 11 17 18 16 9 6 5 8 14 21 23
D8 "059_Group59" 32 35 30 24 28 7 12 16 15 2 15 15 16 9
E8 "060_Group60" 14 17 34 15 8 13 7 16 16 6 14 12 11 26
F8 "061_Group61" 9 11 22 13 5 10 10 8 10 9 14 9 13 11
G8 "062_Group62" 15 10 10 8 11 9 9 9 9 5 15 7 10 11
H8 "063_Group63" 11 8 12 15 13 5 10 19 17 6 9 8 11 13
A9 "064_Group64" 25 44 36 29 38 29 28 25 21 9 19 10 21 32
B9 "065_Group65" 26 29 31 32 38 20 20 15 21 2 15 19 13 18
C9 "066_Group66" 16 22 14 36 17 14 10 18 22 7 16 12 22 12
D9 "067_Group67" 16 12 19 18 32 30 21 34 25 15 19 26 27 18
E9 "068_Group68" 16 15 16 13 14 10 9 15 19 12 10 14 14 16
F9 "069_Group69" 15 26 20 48 17 26 33 29 35 11 19 13 11 19
G9 "070_Group70" 32 38 32 32 51 42 43 38 20 18 20 13 8 20
H9 "071_Group71" 15 17 7 16 19 14 18 8 10 2 9 10 12 14
A10 "072_Group72" 28 32 33 36 38 22 38 36 39 10 27 32 34 26
B10 "073_Group73" 18 18 19 41 25 25 28 17 21 8 12 9 16 13
C10 "074_Group74" 26 32 23 23 21 15 22 21 30 9 14 12 13 22
D10 "075_Group75" 7 16 7 12 11 6 11 10 13 4 14 13 12 12
E10 "076_Group76" 7 31 30 32 29 28 25 23 16 13 26 28 25 7
F10 "077_Group77" 18 35 19 41 30 30 22 24 27 12 16 21 31 24
G10 "078_Group78" 12 10 19 11 9 10 8 15 24 13 15 8 10 7
H10 "079_Group79" 24 20 38 22 11 20 13 19 9 13 13 14 12 15
A11 "080_Group80" 11 13 8 12 9 10 11 14 19 3 9 12 15 9
B11 "081_Group81" 9 16 15 7 19 20 9 13 11 1 18 15 17 13
C11 "082_Group82" 7 9 4 12 13 20 17 10 10 9 15 13 10 8
D11 "083_Group83" 8 6 7 10 14 14 14 8 19 3 12 19 12 13
E11 "084_Group84" 18 12 16 16 13 10 8 11 14 0 5 9 13 12
F11 "085_Group85" 12 15 13 14 23 5 9 11 16 9 9 7 24 10
G11 "086_Group86" 8 9 15 11 17 15 23 20 14 5 11 20 17 12
H11 "087_Group87" 6 7 14 11 6 7 12 10 17 5 13 9 10 9
A12 "088_Group88" 13 13 3 5 12 7 13 7 17 8 11 6 13 16
B12 "089_Group89" 25 24 21 33 25 19 9 38 10 5 26 14 30 16
C12 "090_Group90" 19 17 15 27 40 33 26 25 33 13 18 18 22 24
D12 "091_Group91" 16 20 15 23 20 10 16 15 20 13 24 16 14 19
E12 "092_Group92" 12 5 13 26 19 13 10 10 2 5 10 24 15 26
F12 "093_Group93" 5 9 14 19 15 9 10 8 14 9 14 14 20 34
G12 "094_Group94" 25 6 5 7 22 9 11 29 13 10 17 9 36 11
H12 "095_Group95" 22 16 14 13 18 8 18 35 26 21 25 35 19 30

"<<<<<< Channel Activity >>>>>>"
Channel Well Group/Time[m] 2 4 6 8 10 12 14 16 18 20 22 24 26 28
CH0 A1.0 "000_Group0" 8 10 19 19 6 14 14 12 9 6 13 15 14 14
CH2 B1.0 "001_Group1" 15 11 17 20 20 14 13 22 12 15 18 14 8 24
CH4 C1.0 "002_Group2" 14 12 10 6 7 16 13 10 14 11 10 20 21 23
CH6 D1.0 "003_Group3" 31 28 21 12 6 5 12 12 12 4 12 6 13 13
CH8 E1.0 "004_Group4" 7 10 27 24 19 31 36 19 20 9 26 19 32 27
CH10 F1.0 "005_Group5" 26 28 15 26 40 17 15 10 36 6 29 27 31 18
CH12 G1.0 "006_Group6" 12 33 38 40 53 33 32 21 23 16 36 39 36 40
CH14 H1.0 "007_Group7" 28 23 20 38 20 29 24 29 41 16 36 19 23 38
CH32 A2.0 "008_Group8" 18 34 31 41 25 21 34 36 28 6 32 18 20 29
CH34 B2.0 "009_Group9" 34 33 33 30 37 29 30 31 30 17 24 32 36 28
CH36 C2.0 "010_Group10" 20 16 39 35 31 22 30 29 24 10 24 20 26 19
CH38 D2.0 "011_Group11" 34 31 37 38 36 25 26 23 27 22 37 32 26 40
CH40 E2.0 "012_Group12" 40 54 30 26 40 37 27 26 42 18 26 32 31 32
CH42 F2.0 "013_Group13" 28 42 24 36 35 21 24 16 22 25 34 35 20 31
CH44 G2.0 "014_Group14" 33 24 34 40 40 21 18 20 26 12 26 37 25 32
CH46 H2.0 "015_Group15" 35 23 36 34 42 39 17 38 40 12 37 36 26 25
CH64 A3.0 "016_Group16" 9 15 14 9 16 12 6 18 11 10 19 16 21 17
CH66 B3.0 "017_Group17" 12 6 19 17 19 16 21 11 23 14 15 14 13 24
CH68 C3.0 "018_Group18" 30 17 22 20 27 45 24 15 12 8 26 10 19 4
CH70 D3.0 "019_Group19" 5 6 12 10 16 16 9 19 10 7 13 15 12 17
CH72 E3.0 "020_Group20" 28 19 12 29 29 14 11 9 23 7 14 12 6 16
CH74 F3.0 "021_Group21" 10 9 13 11 7 7 7 15 8 6 8 16 7 16
CH76 G3.0 "022_Group22" 43 23 37 23 23 24 15 22 11 12 19 15 22 6
CH78 H3.0 "023_Group23" 12 27 20 13 24 23 8 10 31 3 13 14 13 10
CH96 A4.0 "024_Group24" 17 14 16 8 10 12 9 17 19 15 20 12 22 16
CH98 B4.0 "025_Group25" 12 15 12 16 10 7 9 4 8 2 4 10 4 10
CH100 C4.0 "026_Group26" 5 16 8 6 6 8 9 6 9 6 11 7 9 9
CH102 D4.0 "027_Group27" 17 6 13 13 10 16 7 4 10 4 11 9 10 17
CH104 E4.0 "028_Group28" 15 9 16 11 11 3 11 14 8 4 17 29 7 10
CH106 F4.0 "029_Group29" 9 10 5 5 13 11 4 6 7 1 12 8 20 13
CH108 G4.0 "030_Group30" 8 7 13 6 13 11 6 13 17 11 24 9 19 16
CH110 H4.0 "031_Group31" 22 15 13 10 17 7 16 2 13 5 12 13 12 10
CH128 A5.0 "032_Group32" 1 2 0 1 3 1 0 0 1 0 0 2 0 1
CH130 B5.0 "033_Group33" 8 5 7 4 16 0 9 11 2 5 4 12 0 0
CH132 C5.0 "034_Group34" 9 3 0 6 2 9 4 16 11 8 6 2 0 10
CH134 D5.0 "035_Group35" 2 1 2 2 0 9 10 11 9 0 5 12 10 2
CH136 E5.0 "036_Group36" 0 0 0 0 0 0 0 0 0 0 0 0 0 0
CH138 F5.0 "037_Group37" 0 0 0 0 0 0 0 0 0 0 0 0 0 0
CH140 G5.0 "038_Group38" 0 0 0 0 0 0 0 0 0 0 0 0 0 0
CH142 H5.0 "039_Group39" 0 0 0 0 0 0 0 0 0 0 0 0 0 0
CH160 A6.0 "040_Group40" 0 0 1 0 0 0 0 3 0 0 0 0 0 0
CH162 B6.0 "041_Group41" 0 11 0 0 3 2 0 1 1 0 0 0 0 2
CH164 C6.0 "042_Group42" 0 0 0 0 0 0 0 0 0 0 0 0 0 0
CH166 D6.0 "043_Group43" 0 0 0 0 0 0 0 0 0 0 0 0 0 0
CH168 E6.0 "044_Group44" 0 0 0 0 0 0 0 0 0 0 0 0 0 0
CH170 F6.0 "045_Group45" 0 0 0 0 0 0 0 0 0 0 0 0 0 0
CH172 G6.0 "046_Group46" 0 0 0 0 0 0 0 0 0 0 0 0 0 0
CH174 H6.0 "047_Group47" 0 0 0 0 0 0 0 0 0 0 0 0 0 0
CH192 A7.0 "048_Group48" 23 19 30 33 26 24 23 29 11 6 14 26 25 28
CH194 B7.0 "049_Group49" 20 33 22 30 35 29 16 19 19 23 32 32 20 30
CH196 C7.0 "050_Group50" 37 31 35 18 21 18 25 11 20 19 13 30 30 27
CH198 D7.0 "051_Group51" 22 20 45 18 22 26 31 20 19 14 23 12 34 27
CH200 E7.0 "052_Group52" 7 12 12 23 22 20 17 17 12 9 12 32 20 26
CH202 F7.0 "053_Group53" 4 3 6 14 16 17 28 22 18 10 25 19 23 20
CH204 G7.0 "054_Group54" 21 29 40 24 34 34 36 28 32 16 28 31 35 21
CH206 H7.0 "055_Group55" 14 24 19 7 11 20 24 25 25 12 33 38 43 28
CH224 A8.0 "056_Group56" 7 5 9 17 6 15 15 11 20 7 18 13 7 17
CH226 B8.0 "057_Group57" 7 22 10 7 11 5 6 8 17 9 12 8 12 7
CH228 C8.0 "058_Group58" 7 10 11 11 17 18 16 9 6 5 8 14 21 23
CH230 D8.0 "059_Group59" 32 35 30 24 28 7 12 16 15 2 15 15 16 9
CH232 E8.0 "060_Group60" 14 17 34 15 8 13 7 16 16 6 14 12 11 26
CH234 F8.0 "061_Group61" 9 11 22 13 5 10 10 8 10 9 14 9 13 11
CH236 G8.0 "062_Group62" 15 10 10 8 11 9 9 9 9 5 15 7 10 11
CH238 H8.0 "063_Group63" 11 8 12 15 13 5 10 19 17 6 9 8 11 13
CH256 A9.0 "064_Group64" 25 44 36 29 38 29 28 25 21 9 19 10 21 32
CH258 B9.0 "065_Group65" 26 29 31 32 38 20 20 15 21 2 15 19 13 18
CH260 C9.0 "066_Group66" 16 22 14 36 17 14 10 18 22 7 16 12 22 12
CH262 D9.0 "067_Group67" 16 12 19 18 32 30 21 34 25 15 19 26 27 18
CH264 E9.0 "068_Group68" 16 15 16 13 14 10 9 15 19 12 10 14 14 16
CH266 F9.0 "069_Group69" 15 26 20 48 17 26 33 29 35 11 19 13 11 19
CH268 G9.0 "070_Group70" 32 38 32 32 51 42 43 38 20 18 20 13 8 20
CH270 H9.0 "071_Group71" 15 17 7 16 19 14 18 8 10 2 9 10 12 14
CH288 A10.0 "072_Group72" 28 32 33 36 38 22 38 36 39 10 27 32 34 26
CH290 B10.0 "073_Group73" 18 18 19 41 25 25 28 17 21 8 12 9 16 13
CH292 C10.0 "074_Group74" 26 32 23 23 21 15 22 21 30 9 14 12 13 22
CH294 D10.0 "075_Group75" 7 16 7 12 11 6 11 10 13 4 14 13 12 12
CH296 E10.0 "076_Group76" 7 31 30 32 29 28 25 23 16 13 26 28 25 7
CH298 F10.0 "077_Group77" 18 35 19 41 30 30 22 24 27 12 16 21 31 24
CH300 G10.0 "078_Group78" 12 10 19 11 9 10 8 15 24 13 15 8 10 7
CH302 H10.0 "079_Group79" 24 20 38 22 11 20 13 19 9 13 13 14 12 15
CH320 A11.0 "080_Group80" 11 13 8 12 9 10 11 14 19 3 9 12 15 9
CH322 B11.0 "081_Group81" 9 16 15 7 19 20 9 13 11 1 18 15 17 13
CH324 C11.0 "082_Group82" 7 9 4 12 13 20 17 10 10 9 15 13 10 8
CH326 D11.0 "083_Group83" 8 6 7 10 14 14 14 8 19 3 12 19 12 13
CH328 E11.0 "084_Group84" 18 12 16 16 13 10 8 11 14 0 5 9 13 12
CH330 F11.0 "085_Group85" 12 15 13 14 23 5 9 11 16 9 9 7 24 10
CH332 G11.0 "086_Group86" 8 9 15 11 17 15 23 20 14 5 11 20 17 12
CH334 H11.0 "087_Group87" 6 7 14 11 6 7 12 10 17 5 13 9 10 9
CH352 A12.0 "088_Group88" 13 13 3 5 12 7 13 7 17 8 11 6 13 16
CH354 B12.0 "089_Group89" 25 24 21 33 25 19 9 38 10 5 26 14 30 16
CH356 C12.0 "090_Group90" 19 17 15 27 40 33 26 25 33 13 18 18 22 24
CH358 D12.0 "091_Group91" 16 20 15 23 20 10 16 15 20 13 24 16 14 19
CH360 E12.0 "092_Group92" 12 5 13 26 19 13 10 10 2 5 10 24 15 26
CH362 F12.0 "093_Group93" 5 9 14 19 15 9 10 8 14 9 14 14 20 34
CH364 G12.0 "094_Group94" 25 6 5 7 22 9 11 29 13 10 17 9 36 11
CH366 H12.0 "095_Group95" 22 16 14 13 18 8 18 35 26 21 25 35 19 30
