"DATE:" "1/28/2015 9:22:26 AM"
"FILE:" "C:\Users\AndersenLab\Desktop\wmicrotracker\p00011\20150128_0910"
"SUBPROJECT:" "20150128_Longevity_1_4mgmL"

"<<<<<< Group Activity: Average Activity Counts per Data Interval>>>>>>"
Group/Time[m] 2 4 6 8 10
"000_Group0" 32 31 25 18 7
"001_Group1" 19 33 32 4 7
"002_Group2" 35 33 23 20 17
"003_Group3" 40 23 28 18 17
"004_Group4" 33 31 19 20 18
"005_Group5" 20 34 32 22 12
"006_Group6" 31 43 29 23 14
"007_Group7" 12 27 25 14 16
"008_Group8" 19 13 11 12 10
"009_Group9" 34 28 17 12 10
"010_Group10" 13 13 11 20 18
"011_Group11" 12 32 24 14 17
"012_Group12" 48 25 22 35 14
"013_Group13" 32 24 19 10 10
"014_Group14" 7 13 12 9 9
"015_Group15" 10 10 11 15 8
"016_Group16" 21 17 25 18 14
"017_Group17" 9 10 12 7 7
"018_Group18" 11 7 11 7 11
"019_Group19" 10 13 13 13 15
"020_Group20" 36 26 9 13 10
"021_Group21" 13 13 13 6 9
"022_Group22" 13 25 14 21 9
"023_Group23" 11 7 14 12 4
"024_Group24" 37 35 15 16 6
"025_Group25" 8 14 7 8 7
"026_Group26" 24 7 9 7 10
"027_Group27" 12 10 13 14 8
"028_Group28" 19 44 19 11 6
"029_Group29" 9 14 11 10 9
"030_Group30" 11 17 25 9 6
"031_Group31" 37 30 16 17 6
"032_Group32" 4 1 0 0 0
"033_Group33" 1 7 2 0 0
"034_Group34" 10 5 3 2 7
"035_Group35" 2 1 0 1 0
"036_Group36" 0 0 0 0 0
"037_Group37" 1 0 0 0 4
"038_Group38" 1 0 1 0 1
"039_Group39" 7 1 2 1 1
"040_Group40" 0 0 0 0 0
"041_Group41" 0 0 0 2 0
"042_Group42" 0 0 0 0 0
"043_Group43" 0 0 0 0 1
"044_Group44" 2 0 0 0 0
"045_Group45" 0 0 0 0 0
"046_Group46" 0 0 0 0 0
"047_Group47" 0 0 0 0 0
"048_Group48" 17 15 18 20 9
"049_Group49" 0 0 4 0 0
"050_Group50" 23 17 12 17 12
"051_Group51" 14 9 15 9 11
"052_Group52" 13 16 7 16 7
"053_Group53" 32 33 20 11 17
"054_Group54" 11 18 13 6 8
"055_Group55" 18 10 16 10 10
"056_Group56" 30 24 9 9 13
"057_Group57" 28 28 14 10 5
"058_Group58" 34 41 18 9 15
"059_Group59" 14 13 7 11 12
"060_Group60" 26 14 11 6 19
"061_Group61" 22 28 18 17 9
"062_Group62" 11 8 14 8 11
"063_Group63" 30 20 12 9 2
"064_Group64" 20 28 35 24 11
"065_Group65" 13 30 21 19 17
"066_Group66" 29 29 35 28 18
"067_Group67" 29 46 17 17 27
"068_Group68" 20 30 20 16 11
"069_Group69" 21 21 15 18 10
"070_Group70" 30 39 32 17 15
"071_Group71" 30 28 34 18 22
"072_Group72" 10 11 11 9 7
"073_Group73" 14 10 13 13 7
"074_Group74" 17 13 19 21 10
"075_Group75" 13 7 10 8 5
"076_Group76" 21 9 14 5 4
"077_Group77" 9 23 7 11 16
"078_Group78" 17 15 10 20 12
"079_Group79" 16 16 11 6 15
"080_Group80" 16 9 8 9 13
"081_Group81" 13 18 4 11 12
"082_Group82" 14 10 7 10 8
"083_Group83" 10 10 9 19 7
"084_Group84" 11 8 13 7 13
"085_Group85" 17 9 15 18 12
"086_Group86" 12 13 6 11 8
"087_Group87" 12 12 12 8 6
"088_Group88" 23 16 9 9 7
"089_Group89" 13 7 14 12 12
"090_Group90" 16 13 12 9 20
"091_Group91" 8 11 20 5 7
"092_Group92" 8 10 15 8 10
"093_Group93" 15 6 11 14 12
"094_Group94" 9 10 11 14 10
"095_Group95" 10 22 5 5 23

"<<<<<< Group Activity: Number of wells/group >>>>>>"
Group/Time[m] 2 4 6 8 10
"000_Group0" 1 1 1 1 1
"001_Group1" 1 1 1 1 1
"002_Group2" 1 1 1 1 1
"003_Group3" 1 1 1 1 1
"004_Group4" 1 1 1 1 1
"005_Group5" 1 1 1 1 1
"006_Group6" 1 1 1 1 1
"007_Group7" 1 1 1 1 1
"008_Group8" 1 1 1 1 1
"009_Group9" 1 1 1 1 1
"010_Group10" 1 1 1 1 1
"011_Group11" 1 1 1 1 1
"012_Group12" 1 1 1 1 1
"013_Group13" 1 1 1 1 1
"014_Group14" 1 1 1 1 1
"015_Group15" 1 1 1 1 1
"016_Group16" 1 1 1 1 1
"017_Group17" 1 1 1 1 1
"018_Group18" 1 1 1 1 1
"019_Group19" 1 1 1 1 1
"020_Group20" 1 1 1 1 1
"021_Group21" 1 1 1 1 1
"022_Group22" 1 1 1 1 1
"023_Group23" 1 1 1 1 1
"024_Group24" 1 1 1 1 1
"025_Group25" 1 1 1 1 1
"026_Group26" 1 1 1 1 1
"027_Group27" 1 1 1 1 1
"028_Group28" 1 1 1 1 1
"029_Group29" 1 1 1 1 1
"030_Group30" 1 1 1 1 1
"031_Group31" 1 1 1 1 1
"032_Group32" 1 1 1 1 1
"033_Group33" 1 1 1 1 1
"034_Group34" 1 1 1 1 1
"035_Group35" 1 1 1 1 1
"036_Group36" 1 1 1 1 1
"037_Group37" 1 1 1 1 1
"038_Group38" 1 1 1 1 1
"039_Group39" 1 1 1 1 1
"040_Group40" 1 1 1 1 1
"041_Group41" 1 1 1 1 1
"042_Group42" 1 1 1 1 1
"043_Group43" 1 1 1 1 1
"044_Group44" 1 1 1 1 1
"045_Group45" 1 1 1 1 1
"046_Group46" 1 1 1 1 1
"047_Group47" 1 1 1 1 1
"048_Group48" 1 1 1 1 1
"049_Group49" 1 1 1 1 1
"050_Group50" 1 1 1 1 1
"051_Group51" 1 1 1 1 1
"052_Group52" 1 1 1 1 1
"053_Group53" 1 1 1 1 1
"054_Group54" 1 1 1 1 1
"055_Group55" 1 1 1 1 1
"056_Group56" 1 1 1 1 1
"057_Group57" 1 1 1 1 1
"058_Group58" 1 1 1 1 1
"059_Group59" 1 1 1 1 1
"060_Group60" 1 1 1 1 1
"061_Group61" 1 1 1 1 1
"062_Group62" 1 1 1 1 1
"063_Group63" 1 1 1 1 1
"064_Group64" 1 1 1 1 1
"065_Group65" 1 1 1 1 1
"066_Group66" 1 1 1 1 1
"067_Group67" 1 1 1 1 1
"068_Group68" 1 1 1 1 1
"069_Group69" 1 1 1 1 1
"070_Group70" 1 1 1 1 1
"071_Group71" 1 1 1 1 1
"072_Group72" 1 1 1 1 1
"073_Group73" 1 1 1 1 1
"074_Group74" 1 1 1 1 1
"075_Group75" 1 1 1 1 1
"076_Group76" 1 1 1 1 1
"077_Group77" 1 1 1 1 1
"078_Group78" 1 1 1 1 1
"079_Group79" 1 1 1 1 1
"080_Group80" 1 1 1 1 1
"081_Group81" 1 1 1 1 1
"082_Group82" 1 1 1 1 1
"083_Group83" 1 1 1 1 1
"084_Group84" 1 1 1 1 1
"085_Group85" 1 1 1 1 1
"086_Group86" 1 1 1 1 1
"087_Group87" 1 1 1 1 1
"088_Group88" 1 1 1 1 1
"089_Group89" 1 1 1 1 1
"090_Group90" 1 1 1 1 1
"091_Group91" 1 1 1 1 1
"092_Group92" 1 1 1 1 1
"093_Group93" 1 1 1 1 1
"094_Group94" 1 1 1 1 1
"095_Group95" 1 1 1 1 1

"<<<<<< Number of Samples per Acquisition Interval [1unit=500values] >>>>>>"
Time[m] 2 4 6 8 10 
#Samples 2 2 2 2 2 

"<<<<<< Average Temperature [°C] >>>>>>"
Time[m] 2 4 6 8 10 
Temp[°C] 21.8 21.8 21.8 21.8 21.8 

"<<<<<< Well Activity >>>>>>"
Well Group/Time[m] 2 4 6 8 10
A1 "000_Group0" 32 31 25 18 7
B1 "001_Group1" 19 33 32 4 7
C1 "002_Group2" 35 33 23 20 17
D1 "003_Group3" 40 23 28 18 17
E1 "004_Group4" 33 31 19 20 18
F1 "005_Group5" 20 34 32 22 12
G1 "006_Group6" 31 43 29 23 14
H1 "007_Group7" 12 27 25 14 16
A2 "008_Group8" 19 13 11 12 10
B2 "009_Group9" 34 28 17 12 10
C2 "010_Group10" 13 13 11 20 18
D2 "011_Group11" 12 32 24 14 17
E2 "012_Group12" 48 25 22 35 14
F2 "013_Group13" 32 24 19 10 10
G2 "014_Group14" 7 13 12 9 9
H2 "015_Group15" 10 10 11 15 8
A3 "016_Group16" 21 17 25 18 14
B3 "017_Group17" 9 10 12 7 7
C3 "018_Group18" 11 7 11 7 11
D3 "019_Group19" 10 13 13 13 15
E3 "020_Group20" 36 26 9 13 10
F3 "021_Group21" 13 13 13 6 9
G3 "022_Group22" 13 25 14 21 9
H3 "023_Group23" 11 7 14 12 4
A4 "024_Group24" 37 35 15 16 6
B4 "025_Group25" 8 14 7 8 7
C4 "026_Group26" 24 7 9 7 10
D4 "027_Group27" 12 10 13 14 8
E4 "028_Group28" 19 44 19 11 6
F4 "029_Group29" 9 14 11 10 9
G4 "030_Group30" 11 17 25 9 6
H4 "031_Group31" 37 30 16 17 6
A5 "032_Group32" 4 1 0 0 0
B5 "033_Group33" 1 7 2 0 0
C5 "034_Group34" 10 5 3 2 7
D5 "035_Group35" 2 1 0 1 0
E5 "036_Group36" 0 0 0 0 0
F5 "037_Group37" 1 0 0 0 4
G5 "038_Group38" 1 0 1 0 1
H5 "039_Group39" 7 1 2 1 1
A6 "040_Group40" 0 0 0 0 0
B6 "041_Group41" 0 0 0 2 0
C6 "042_Group42" 0 0 0 0 0
D6 "043_Group43" 0 0 0 0 1
E6 "044_Group44" 2 0 0 0 0
F6 "045_Group45" 0 0 0 0 0
G6 "046_Group46" 0 0 0 0 0
H6 "047_Group47" 0 0 0 0 0
A7 "048_Group48" 17 15 18 20 9
B7 "049_Group49" 0 0 4 0 0
C7 "050_Group50" 23 17 12 17 12
D7 "051_Group51" 14 9 15 9 11
E7 "052_Group52" 13 16 7 16 7
F7 "053_Group53" 32 33 20 11 17
G7 "054_Group54" 11 18 13 6 8
H7 "055_Group55" 18 10 16 10 10
A8 "056_Group56" 30 24 9 9 13
B8 "057_Group57" 28 28 14 10 5
C8 "058_Group58" 34 41 18 9 15
D8 "059_Group59" 14 13 7 11 12
E8 "060_Group60" 26 14 11 6 19
F8 "061_Group61" 22 28 18 17 9
G8 "062_Group62" 11 8 14 8 11
H8 "063_Group63" 30 20 12 9 2
A9 "064_Group64" 20 28 35 24 11
B9 "065_Group65" 13 30 21 19 17
C9 "066_Group66" 29 29 35 28 18
D9 "067_Group67" 29 46 17 17 27
E9 "068_Group68" 20 30 20 16 11
F9 "069_Group69" 21 21 15 18 10
G9 "070_Group70" 30 39 32 17 15
H9 "071_Group71" 30 28 34 18 22
A10 "072_Group72" 10 11 11 9 7
B10 "073_Group73" 14 10 13 13 7
C10 "074_Group74" 17 13 19 21 10
D10 "075_Group75" 13 7 10 8 5
E10 "076_Group76" 21 9 14 5 4
F10 "077_Group77" 9 23 7 11 16
G10 "078_Group78" 17 15 10 20 12
H10 "079_Group79" 16 16 11 6 15
A11 "080_Group80" 16 9 8 9 13
B11 "081_Group81" 13 18 4 11 12
C11 "082_Group82" 14 10 7 10 8
D11 "083_Group83" 10 10 9 19 7
E11 "084_Group84" 11 8 13 7 13
F11 "085_Group85" 17 9 15 18 12
G11 "086_Group86" 12 13 6 11 8
H11 "087_Group87" 12 12 12 8 6
A12 "088_Group88" 23 16 9 9 7
B12 "089_Group89" 13 7 14 12 12
C12 "090_Group90" 16 13 12 9 20
D12 "091_Group91" 8 11 20 5 7
E12 "092_Group92" 8 10 15 8 10
F12 "093_Group93" 15 6 11 14 12
G12 "094_Group94" 9 10 11 14 10
H12 "095_Group95" 10 22 5 5 23

"<<<<<< Channel Activity >>>>>>"
Channel Well Group/Time[m] 2 4 6 8 10
CH0 A1.0 "000_Group0" 32 31 25 18 7
CH2 B1.0 "001_Group1" 19 33 32 4 7
CH4 C1.0 "002_Group2" 35 33 23 20 17
CH6 D1.0 "003_Group3" 40 23 28 18 17
CH8 E1.0 "004_Group4" 33 31 19 20 18
CH10 F1.0 "005_Group5" 20 34 32 22 12
CH12 G1.0 "006_Group6" 31 43 29 23 14
CH14 H1.0 "007_Group7" 12 27 25 14 16
CH32 A2.0 "008_Group8" 19 13 11 12 10
CH34 B2.0 "009_Group9" 34 28 17 12 10
CH36 C2.0 "010_Group10" 13 13 11 20 18
CH38 D2.0 "011_Group11" 12 32 24 14 17
CH40 E2.0 "012_Group12" 48 25 22 35 14
CH42 F2.0 "013_Group13" 32 24 19 10 10
CH44 G2.0 "014_Group14" 7 13 12 9 9
CH46 H2.0 "015_Group15" 10 10 11 15 8
CH64 A3.0 "016_Group16" 21 17 25 18 14
CH66 B3.0 "017_Group17" 9 10 12 7 7
CH68 C3.0 "018_Group18" 11 7 11 7 11
CH70 D3.0 "019_Group19" 10 13 13 13 15
CH72 E3.0 "020_Group20" 36 26 9 13 10
CH74 F3.0 "021_Group21" 13 13 13 6 9
CH76 G3.0 "022_Group22" 13 25 14 21 9
CH78 H3.0 "023_Group23" 11 7 14 12 4
CH96 A4.0 "024_Group24" 37 35 15 16 6
CH98 B4.0 "025_Group25" 8 14 7 8 7
CH100 C4.0 "026_Group26" 24 7 9 7 10
CH102 D4.0 "027_Group27" 12 10 13 14 8
CH104 E4.0 "028_Group28" 19 44 19 11 6
CH106 F4.0 "029_Group29" 9 14 11 10 9
CH108 G4.0 "030_Group30" 11 17 25 9 6
CH110 H4.0 "031_Group31" 37 30 16 17 6
CH128 A5.0 "032_Group32" 4 1 0 0 0
CH130 B5.0 "033_Group33" 1 7 2 0 0
CH132 C5.0 "034_Group34" 10 5 3 2 7
CH134 D5.0 "035_Group35" 2 1 0 1 0
CH136 E5.0 "036_Group36" 0 0 0 0 0
CH138 F5.0 "037_Group37" 1 0 0 0 4
CH140 G5.0 "038_Group38" 1 0 1 0 1
CH142 H5.0 "039_Group39" 7 1 2 1 1
CH160 A6.0 "040_Group40" 0 0 0 0 0
CH162 B6.0 "041_Group41" 0 0 0 2 0
CH164 C6.0 "042_Group42" 0 0 0 0 0
CH166 D6.0 "043_Group43" 0 0 0 0 1
CH168 E6.0 "044_Group44" 2 0 0 0 0
CH170 F6.0 "045_Group45" 0 0 0 0 0
CH172 G6.0 "046_Group46" 0 0 0 0 0
CH174 H6.0 "047_Group47" 0 0 0 0 0
CH192 A7.0 "048_Group48" 17 15 18 20 9
CH194 B7.0 "049_Group49" 0 0 4 0 0
CH196 C7.0 "050_Group50" 23 17 12 17 12
CH198 D7.0 "051_Group51" 14 9 15 9 11
CH200 E7.0 "052_Group52" 13 16 7 16 7
CH202 F7.0 "053_Group53" 32 33 20 11 17
CH204 G7.0 "054_Group54" 11 18 13 6 8
CH206 H7.0 "055_Group55" 18 10 16 10 10
CH224 A8.0 "056_Group56" 30 24 9 9 13
CH226 B8.0 "057_Group57" 28 28 14 10 5
CH228 C8.0 "058_Group58" 34 41 18 9 15
CH230 D8.0 "059_Group59" 14 13 7 11 12
CH232 E8.0 "060_Group60" 26 14 11 6 19
CH234 F8.0 "061_Group61" 22 28 18 17 9
CH236 G8.0 "062_Group62" 11 8 14 8 11
CH238 H8.0 "063_Group63" 30 20 12 9 2
CH256 A9.0 "064_Group64" 20 28 35 24 11
CH258 B9.0 "065_Group65" 13 30 21 19 17
CH260 C9.0 "066_Group66" 29 29 35 28 18
CH262 D9.0 "067_Group67" 29 46 17 17 27
CH264 E9.0 "068_Group68" 20 30 20 16 11
CH266 F9.0 "069_Group69" 21 21 15 18 10
CH268 G9.0 "070_Group70" 30 39 32 17 15
CH270 H9.0 "071_Group71" 30 28 34 18 22
CH288 A10.0 "072_Group72" 10 11 11 9 7
CH290 B10.0 "073_Group73" 14 10 13 13 7
CH292 C10.0 "074_Group74" 17 13 19 21 10
CH294 D10.0 "075_Group75" 13 7 10 8 5
CH296 E10.0 "076_Group76" 21 9 14 5 4
CH298 F10.0 "077_Group77" 9 23 7 11 16
CH300 G10.0 "078_Group78" 17 15 10 20 12
CH302 H10.0 "079_Group79" 16 16 11 6 15
CH320 A11.0 "080_Group80" 16 9 8 9 13
CH322 B11.0 "081_Group81" 13 18 4 11 12
CH324 C11.0 "082_Group82" 14 10 7 10 8
CH326 D11.0 "083_Group83" 10 10 9 19 7
CH328 E11.0 "084_Group84" 11 8 13 7 13
CH330 F11.0 "085_Group85" 17 9 15 18 12
CH332 G11.0 "086_Group86" 12 13 6 11 8
CH334 H11.0 "087_Group87" 12 12 12 8 6
CH352 A12.0 "088_Group88" 23 16 9 9 7
CH354 B12.0 "089_Group89" 13 7 14 12 12
CH356 C12.0 "090_Group90" 16 13 12 9 20
CH358 D12.0 "091_Group91" 8 11 20 5 7
CH360 E12.0 "092_Group92" 8 10 15 8 10
CH362 F12.0 "093_Group93" 15 6 11 14 12
CH364 G12.0 "094_Group94" 9 10 11 14 10
CH366 H12.0 "095_Group95" 10 22 5 5 23
