"DATE:" "1/26/2015 11:03:09 AM"
"FILE:" "C:\Users\AndersenLab\Desktop\wmicrotracker\p00011\20150123_0958"
"SUBPROJECT:" "Food Optimization #1 4mgmL 1-23"

"<<<<<< Group Activity: Average Activity Counts per Data Interval>>>>>>"
Group/Time[m] 2 4 6 8 10 12 14 16 18 20 22 24 26 28
"000_Group0" 25 27 37 27 30 25 26 28 31 12 25 23 17 21
"001_Group1" 31 25 43 16 21 25 13 28 23 5 25 33 11 14
"002_Group2" 25 31 24 18 22 26 28 17 25 15 34 24 36 36
"003_Group3" 17 23 26 19 23 22 19 38 13 23 24 14 20 10
"004_Group4" 26 11 26 29 22 31 21 33 21 12 21 24 28 15
"005_Group5" 31 12 17 14 21 20 30 14 27 17 15 12 26 18
"006_Group6" 38 35 45 29 21 31 19 21 34 10 34 32 17 26
"007_Group7" 20 41 45 40 48 28 18 26 40 17 35 20 34 27
"008_Group8" 29 27 21 34 25 25 34 27 24 15 22 21 35 25
"009_Group9" 21 24 14 12 24 24 23 18 19 6 15 15 24 19
"010_Group10" 36 37 11 23 21 23 36 16 14 16 26 24 20 29
"011_Group11" 26 24 38 15 23 15 8 10 21 20 13 17 15 22
"012_Group12" 23 33 19 25 30 23 25 17 19 16 29 13 13 17
"013_Group13" 44 37 31 30 23 22 34 24 31 12 28 36 19 16
"014_Group14" 34 19 16 22 23 14 17 19 12 8 25 20 18 29
"015_Group15" 15 19 19 19 16 14 16 18 30 8 15 13 11 18
"016_Group16" 13 22 30 28 21 24 23 13 13 11 11 17 34 17
"017_Group17" 7 11 14 19 18 16 23 16 21 5 25 28 24 37
"018_Group18" 11 19 17 14 20 14 21 19 27 13 17 14 17 17
"019_Group19" 26 16 19 16 17 16 22 27 33 12 15 27 24 22
"020_Group20" 25 15 17 22 19 16 18 16 30 11 29 21 27 18
"021_Group21" 25 19 11 16 13 19 13 24 21 8 16 16 14 22
"022_Group22" 35 19 12 16 28 29 22 29 17 10 25 23 25 13
"023_Group23" 43 8 25 23 16 18 19 23 13 10 14 10 17 11
"024_Group24" 29 27 16 31 34 24 21 21 22 13 34 24 28 24
"025_Group25" 38 42 21 21 35 34 24 32 14 12 14 16 34 5
"026_Group26" 31 12 27 29 34 31 28 20 27 10 37 30 31 27
"027_Group27" 27 20 32 20 21 26 17 26 26 14 28 34 41 33
"028_Group28" 30 27 28 34 26 13 27 33 21 2 24 33 9 18
"029_Group29" 35 36 29 38 33 32 40 26 40 24 19 19 19 31
"030_Group30" 28 27 28 28 26 28 41 36 20 11 25 26 28 32
"031_Group31" 22 31 30 21 24 23 35 28 28 10 14 9 15 36
"032_Group32" 19 16 18 18 24 13 18 16 23 9 26 22 12 17
"033_Group33" 13 12 25 45 26 12 17 6 8 5 7 22 26 12
"034_Group34" 32 30 22 19 18 20 21 27 37 18 20 36 17 8
"035_Group35" 10 10 12 10 18 27 27 18 18 10 9 30 21 26
"036_Group36" 28 23 21 20 18 18 33 9 29 13 26 6 8 28
"037_Group37" 25 22 26 36 26 32 24 22 32 14 17 27 23 17
"038_Group38" 31 27 31 33 33 21 20 22 22 4 16 31 24 12
"039_Group39" 37 18 24 25 47 29 28 13 26 8 34 28 28 29
"040_Group40" 14 15 8 14 17 14 26 20 17 7 20 34 32 30
"041_Group41" 14 14 3 12 11 14 9 12 12 6 15 15 25 12
"042_Group42" 11 20 13 25 26 10 18 23 26 10 22 29 24 26
"043_Group43" 8 7 11 24 11 11 12 15 6 9 18 27 27 16
"044_Group44" 15 27 18 16 15 14 13 16 19 13 19 22 11 11
"045_Group45" 38 18 16 12 13 21 20 18 11 12 16 11 21 30
"046_Group46" 13 19 12 23 21 13 26 24 33 7 16 14 14 27
"047_Group47" 34 25 26 22 26 21 29 28 32 13 33 37 47 37
"048_Group48" 25 37 43 33 40 47 32 34 42 19 31 23 27 36
"049_Group49" 33 32 48 48 25 49 45 22 45 2 14 18 31 32
"050_Group50" 26 37 43 31 42 41 40 37 30 15 34 19 45 44
"051_Group51" 28 31 56 44 33 40 44 43 44 22 37 38 36 40
"052_Group52" 35 49 39 31 38 43 38 31 38 11 26 38 28 31
"053_Group53" 60 17 27 43 45 47 27 27 20 12 53 29 25 35
"054_Group54" 40 42 51 33 28 43 25 25 37 17 43 30 24 23
"055_Group55" 39 39 48 40 24 36 30 33 38 14 50 39 43 36
"056_Group56" 12 19 13 12 14 7 11 23 11 8 15 11 13 8
"057_Group57" 6 9 11 8 18 12 11 10 9 16 20 13 18 10
"058_Group58" 14 11 11 11 10 15 18 7 26 2 17 21 11 20
"059_Group59" 12 10 13 22 6 14 9 10 11 5 11 6 17 10
"060_Group60" 14 11 18 21 15 11 17 10 17 9 10 11 16 15
"061_Group61" 13 20 13 14 16 14 13 23 15 16 14 15 18 23
"062_Group62" 25 15 13 12 23 21 13 14 12 8 32 17 12 24
"063_Group63" 21 23 10 9 16 16 13 26 11 14 11 26 14 9
"064_Group64" 19 15 12 11 15 17 19 14 17 10 22 12 14 26
"065_Group65" 23 27 15 39 17 18 17 8 14 6 17 23 27 12
"066_Group66" 14 13 17 20 21 28 15 10 5 6 14 9 6 11
"067_Group67" 38 53 19 17 25 14 20 14 20 21 23 20 39 42
"068_Group68" 7 12 21 36 33 16 13 29 54 14 20 15 28 18
"069_Group69" 20 27 25 22 25 34 18 16 26 7 28 38 23 18
"070_Group70" 30 34 36 27 21 20 16 16 6 5 6 23 8 4
"071_Group71" 29 49 43 18 11 42 38 26 12 4 17 18 11 13
"072_Group72" 25 16 19 21 17 10 11 8 16 10 11 12 13 18
"073_Group73" 43 14 22 13 17 18 20 15 28 8 23 13 11 23
"074_Group74" 18 18 27 26 23 15 26 17 24 3 13 12 10 23
"075_Group75" 29 29 23 24 9 40 19 22 19 8 20 24 20 12
"076_Group76" 31 10 17 15 17 43 29 19 22 7 11 14 26 26
"077_Group77" 24 25 15 8 22 10 8 9 27 2 10 11 13 13
"078_Group78" 34 26 15 13 17 23 18 19 21 16 20 16 16 15
"079_Group79" 23 29 14 14 18 23 15 27 20 5 13 17 19 13
"080_Group80" 16 24 25 19 18 28 24 18 20 11 19 37 30 35
"081_Group81" 18 26 28 20 32 20 48 18 26 11 22 22 20 18
"082_Group82" 21 25 29 35 17 22 30 15 25 11 25 30 21 32
"083_Group83" 8 14 15 23 25 19 15 29 26 10 17 14 18 34
"084_Group84" 32 26 22 28 19 20 15 22 16 13 28 17 15 28
"085_Group85" 17 25 9 22 12 18 27 16 16 11 19 13 25 22
"086_Group86" 26 26 36 32 35 29 37 34 27 13 44 20 29 25
"087_Group87" 24 27 34 23 18 15 22 24 30 21 15 21 24 26
"088_Group88" 34 26 26 23 28 37 17 43 27 14 36 40 38 36
"089_Group89" 31 31 16 21 27 22 33 30 34 5 18 38 30 14
"090_Group90" 33 29 29 34 29 21 29 25 41 5 17 20 36 25
"091_Group91" 11 7 6 6 24 18 22 12 14 4 18 15 11 11
"092_Group92" 40 40 24 32 21 34 30 23 24 22 32 18 34 16
"093_Group93" 28 15 20 9 32 24 28 25 13 13 21 35 18 9
"094_Group94" 25 20 20 13 19 22 24 27 18 13 25 17 26 18
"095_Group95" 26 21 18 21 37 19 31 25 21 20 22 22 33 32

"<<<<<< Group Activity: Number of wells/group >>>>>>"
Group/Time[m] 2 4 6 8 10 12 14 16 18 20 22 24 26 28
"000_Group0" 1 1 1 1 1 1 1 1 1 1 1 1 1 1
"001_Group1" 1 1 1 1 1 1 1 1 1 1 1 1 1 1
"002_Group2" 1 1 1 1 1 1 1 1 1 1 1 1 1 1
"003_Group3" 1 1 1 1 1 1 1 1 1 1 1 1 1 1
"004_Group4" 1 1 1 1 1 1 1 1 1 1 1 1 1 1
"005_Group5" 1 1 1 1 1 1 1 1 1 1 1 1 1 1
"006_Group6" 1 1 1 1 1 1 1 1 1 1 1 1 1 1
"007_Group7" 1 1 1 1 1 1 1 1 1 1 1 1 1 1
"008_Group8" 1 1 1 1 1 1 1 1 1 1 1 1 1 1
"009_Group9" 1 1 1 1 1 1 1 1 1 1 1 1 1 1
"010_Group10" 1 1 1 1 1 1 1 1 1 1 1 1 1 1
"011_Group11" 1 1 1 1 1 1 1 1 1 1 1 1 1 1
"012_Group12" 1 1 1 1 1 1 1 1 1 1 1 1 1 1
"013_Group13" 1 1 1 1 1 1 1 1 1 1 1 1 1 1
"014_Group14" 1 1 1 1 1 1 1 1 1 1 1 1 1 1
"015_Group15" 1 1 1 1 1 1 1 1 1 1 1 1 1 1
"016_Group16" 1 1 1 1 1 1 1 1 1 1 1 1 1 1
"017_Group17" 1 1 1 1 1 1 1 1 1 1 1 1 1 1
"018_Group18" 1 1 1 1 1 1 1 1 1 1 1 1 1 1
"019_Group19" 1 1 1 1 1 1 1 1 1 1 1 1 1 1
"020_Group20" 1 1 1 1 1 1 1 1 1 1 1 1 1 1
"021_Group21" 1 1 1 1 1 1 1 1 1 1 1 1 1 1
"022_Group22" 1 1 1 1 1 1 1 1 1 1 1 1 1 1
"023_Group23" 1 1 1 1 1 1 1 1 1 1 1 1 1 1
"024_Group24" 1 1 1 1 1 1 1 1 1 1 1 1 1 1
"025_Group25" 1 1 1 1 1 1 1 1 1 1 1 1 1 1
"026_Group26" 1 1 1 1 1 1 1 1 1 1 1 1 1 1
"027_Group27" 1 1 1 1 1 1 1 1 1 1 1 1 1 1
"028_Group28" 1 1 1 1 1 1 1 1 1 1 1 1 1 1
"029_Group29" 1 1 1 1 1 1 1 1 1 1 1 1 1 1
"030_Group30" 1 1 1 1 1 1 1 1 1 1 1 1 1 1
"031_Group31" 1 1 1 1 1 1 1 1 1 1 1 1 1 1
"032_Group32" 1 1 1 1 1 1 1 1 1 1 1 1 1 1
"033_Group33" 1 1 1 1 1 1 1 1 1 1 1 1 1 1
"034_Group34" 1 1 1 1 1 1 1 1 1 1 1 1 1 1
"035_Group35" 1 1 1 1 1 1 1 1 1 1 1 1 1 1
"036_Group36" 1 1 1 1 1 1 1 1 1 1 1 1 1 1
"037_Group37" 1 1 1 1 1 1 1 1 1 1 1 1 1 1
"038_Group38" 1 1 1 1 1 1 1 1 1 1 1 1 1 1
"039_Group39" 1 1 1 1 1 1 1 1 1 1 1 1 1 1
"040_Group40" 1 1 1 1 1 1 1 1 1 1 1 1 1 1
"041_Group41" 1 1 1 1 1 1 1 1 1 1 1 1 1 1
"042_Group42" 1 1 1 1 1 1 1 1 1 1 1 1 1 1
"043_Group43" 1 1 1 1 1 1 1 1 1 1 1 1 1 1
"044_Group44" 1 1 1 1 1 1 1 1 1 1 1 1 1 1
"045_Group45" 1 1 1 1 1 1 1 1 1 1 1 1 1 1
"046_Group46" 1 1 1 1 1 1 1 1 1 1 1 1 1 1
"047_Group47" 1 1 1 1 1 1 1 1 1 1 1 1 1 1
"048_Group48" 1 1 1 1 1 1 1 1 1 1 1 1 1 1
"049_Group49" 1 1 1 1 1 1 1 1 1 1 1 1 1 1
"050_Group50" 1 1 1 1 1 1 1 1 1 1 1 1 1 1
"051_Group51" 1 1 1 1 1 1 1 1 1 1 1 1 1 1
"052_Group52" 1 1 1 1 1 1 1 1 1 1 1 1 1 1
"053_Group53" 1 1 1 1 1 1 1 1 1 1 1 1 1 1
"054_Group54" 1 1 1 1 1 1 1 1 1 1 1 1 1 1
"055_Group55" 1 1 1 1 1 1 1 1 1 1 1 1 1 1
"056_Group56" 1 1 1 1 1 1 1 1 1 1 1 1 1 1
"057_Group57" 1 1 1 1 1 1 1 1 1 1 1 1 1 1
"058_Group58" 1 1 1 1 1 1 1 1 1 1 1 1 1 1
"059_Group59" 1 1 1 1 1 1 1 1 1 1 1 1 1 1
"060_Group60" 1 1 1 1 1 1 1 1 1 1 1 1 1 1
"061_Group61" 1 1 1 1 1 1 1 1 1 1 1 1 1 1
"062_Group62" 1 1 1 1 1 1 1 1 1 1 1 1 1 1
"063_Group63" 1 1 1 1 1 1 1 1 1 1 1 1 1 1
"064_Group64" 1 1 1 1 1 1 1 1 1 1 1 1 1 1
"065_Group65" 1 1 1 1 1 1 1 1 1 1 1 1 1 1
"066_Group66" 1 1 1 1 1 1 1 1 1 1 1 1 1 1
"067_Group67" 1 1 1 1 1 1 1 1 1 1 1 1 1 1
"068_Group68" 1 1 1 1 1 1 1 1 1 1 1 1 1 1
"069_Group69" 1 1 1 1 1 1 1 1 1 1 1 1 1 1
"070_Group70" 1 1 1 1 1 1 1 1 1 1 1 1 1 1
"071_Group71" 1 1 1 1 1 1 1 1 1 1 1 1 1 1
"072_Group72" 1 1 1 1 1 1 1 1 1 1 1 1 1 1
"073_Group73" 1 1 1 1 1 1 1 1 1 1 1 1 1 1
"074_Group74" 1 1 1 1 1 1 1 1 1 1 1 1 1 1
"075_Group75" 1 1 1 1 1 1 1 1 1 1 1 1 1 1
"076_Group76" 1 1 1 1 1 1 1 1 1 1 1 1 1 1
"077_Group77" 1 1 1 1 1 1 1 1 1 1 1 1 1 1
"078_Group78" 1 1 1 1 1 1 1 1 1 1 1 1 1 1
"079_Group79" 1 1 1 1 1 1 1 1 1 1 1 1 1 1
"080_Group80" 1 1 1 1 1 1 1 1 1 1 1 1 1 1
"081_Group81" 1 1 1 1 1 1 1 1 1 1 1 1 1 1
"082_Group82" 1 1 1 1 1 1 1 1 1 1 1 1 1 1
"083_Group83" 1 1 1 1 1 1 1 1 1 1 1 1 1 1
"084_Group84" 1 1 1 1 1 1 1 1 1 1 1 1 1 1
"085_Group85" 1 1 1 1 1 1 1 1 1 1 1 1 1 1
"086_Group86" 1 1 1 1 1 1 1 1 1 1 1 1 1 1
"087_Group87" 1 1 1 1 1 1 1 1 1 1 1 1 1 1
"088_Group88" 1 1 1 1 1 1 1 1 1 1 1 1 1 1
"089_Group89" 1 1 1 1 1 1 1 1 1 1 1 1 1 1
"090_Group90" 1 1 1 1 1 1 1 1 1 1 1 1 1 1
"091_Group91" 1 1 1 1 1 1 1 1 1 1 1 1 1 1
"092_Group92" 1 1 1 1 1 1 1 1 1 1 1 1 1 1
"093_Group93" 1 1 1 1 1 1 1 1 1 1 1 1 1 1
"094_Group94" 1 1 1 1 1 1 1 1 1 1 1 1 1 1
"095_Group95" 1 1 1 1 1 1 1 1 1 1 1 1 1 1

"<<<<<< Number of Samples per Acquisition Interval [1unit=500values] >>>>>>"
Time[m] 2 4 6 8 10 12 14 16 18 20 22 24 26 28 
#Samples 2 2 2 2 2 2 2 2 2 1 2 2 2 2 

"<<<<<< Average Temperature [°C] >>>>>>"
Time[m] 2 4 6 8 10 12 14 16 18 20 22 24 26 28 
Temp[°C] 22.0 22.0 22.0 22.0 22.0 22.0 22.0 22.0 22.0 22.0 22.0 22.0 22.0 22.0 

"<<<<<< Well Activity >>>>>>"
Well Group/Time[m] 2 4 6 8 10 12 14 16 18 20 22 24 26 28
A1 "000_Group0" 25 27 37 27 30 25 26 28 31 12 25 23 17 21
B1 "001_Group1" 31 25 43 16 21 25 13 28 23 5 25 33 11 14
C1 "002_Group2" 25 31 24 18 22 26 28 17 25 15 34 24 36 36
D1 "003_Group3" 17 23 26 19 23 22 19 38 13 23 24 14 20 10
E1 "004_Group4" 26 11 26 29 22 31 21 33 21 12 21 24 28 15
F1 "005_Group5" 31 12 17 14 21 20 30 14 27 17 15 12 26 18
G1 "006_Group6" 38 35 45 29 21 31 19 21 34 10 34 32 17 26
H1 "007_Group7" 20 41 45 40 48 28 18 26 40 17 35 20 34 27
A2 "008_Group8" 29 27 21 34 25 25 34 27 24 15 22 21 35 25
B2 "009_Group9" 21 24 14 12 24 24 23 18 19 6 15 15 24 19
C2 "010_Group10" 36 37 11 23 21 23 36 16 14 16 26 24 20 29
D2 "011_Group11" 26 24 38 15 23 15 8 10 21 20 13 17 15 22
E2 "012_Group12" 23 33 19 25 30 23 25 17 19 16 29 13 13 17
F2 "013_Group13" 44 37 31 30 23 22 34 24 31 12 28 36 19 16
G2 "014_Group14" 34 19 16 22 23 14 17 19 12 8 25 20 18 29
H2 "015_Group15" 15 19 19 19 16 14 16 18 30 8 15 13 11 18
A3 "016_Group16" 13 22 30 28 21 24 23 13 13 11 11 17 34 17
B3 "017_Group17" 7 11 14 19 18 16 23 16 21 5 25 28 24 37
C3 "018_Group18" 11 19 17 14 20 14 21 19 27 13 17 14 17 17
D3 "019_Group19" 26 16 19 16 17 16 22 27 33 12 15 27 24 22
E3 "020_Group20" 25 15 17 22 19 16 18 16 30 11 29 21 27 18
F3 "021_Group21" 25 19 11 16 13 19 13 24 21 8 16 16 14 22
G3 "022_Group22" 35 19 12 16 28 29 22 29 17 10 25 23 25 13
H3 "023_Group23" 43 8 25 23 16 18 19 23 13 10 14 10 17 11
A4 "024_Group24" 29 27 16 31 34 24 21 21 22 13 34 24 28 24
B4 "025_Group25" 38 42 21 21 35 34 24 32 14 12 14 16 34 5
C4 "026_Group26" 31 12 27 29 34 31 28 20 27 10 37 30 31 27
D4 "027_Group27" 27 20 32 20 21 26 17 26 26 14 28 34 41 33
E4 "028_Group28" 30 27 28 34 26 13 27 33 21 2 24 33 9 18
F4 "029_Group29" 35 36 29 38 33 32 40 26 40 24 19 19 19 31
G4 "030_Group30" 28 27 28 28 26 28 41 36 20 11 25 26 28 32
H4 "031_Group31" 22 31 30 21 24 23 35 28 28 10 14 9 15 36
A5 "032_Group32" 19 16 18 18 24 13 18 16 23 9 26 22 12 17
B5 "033_Group33" 13 12 25 45 26 12 17 6 8 5 7 22 26 12
C5 "034_Group34" 32 30 22 19 18 20 21 27 37 18 20 36 17 8
D5 "035_Group35" 10 10 12 10 18 27 27 18 18 10 9 30 21 26
E5 "036_Group36" 28 23 21 20 18 18 33 9 29 13 26 6 8 28
F5 "037_Group37" 25 22 26 36 26 32 24 22 32 14 17 27 23 17
G5 "038_Group38" 31 27 31 33 33 21 20 22 22 4 16 31 24 12
H5 "039_Group39" 37 18 24 25 47 29 28 13 26 8 34 28 28 29
A6 "040_Group40" 14 15 8 14 17 14 26 20 17 7 20 34 32 30
B6 "041_Group41" 14 14 3 12 11 14 9 12 12 6 15 15 25 12
C6 "042_Group42" 11 20 13 25 26 10 18 23 26 10 22 29 24 26
D6 "043_Group43" 8 7 11 24 11 11 12 15 6 9 18 27 27 16
E6 "044_Group44" 15 27 18 16 15 14 13 16 19 13 19 22 11 11
F6 "045_Group45" 38 18 16 12 13 21 20 18 11 12 16 11 21 30
G6 "046_Group46" 13 19 12 23 21 13 26 24 33 7 16 14 14 27
H6 "047_Group47" 34 25 26 22 26 21 29 28 32 13 33 37 47 37
A7 "048_Group48" 25 37 43 33 40 47 32 34 42 19 31 23 27 36
B7 "049_Group49" 33 32 48 48 25 49 45 22 45 2 14 18 31 32
C7 "050_Group50" 26 37 43 31 42 41 40 37 30 15 34 19 45 44
D7 "051_Group51" 28 31 56 44 33 40 44 43 44 22 37 38 36 40
E7 "052_Group52" 35 49 39 31 38 43 38 31 38 11 26 38 28 31
F7 "053_Group53" 60 17 27 43 45 47 27 27 20 12 53 29 25 35
G7 "054_Group54" 40 42 51 33 28 43 25 25 37 17 43 30 24 23
H7 "055_Group55" 39 39 48 40 24 36 30 33 38 14 50 39 43 36
A8 "056_Group56" 12 19 13 12 14 7 11 23 11 8 15 11 13 8
B8 "057_Group57" 6 9 11 8 18 12 11 10 9 16 20 13 18 10
C8 "058_Group58" 14 11 11 11 10 15 18 7 26 2 17 21 11 20
D8 "059_Group59" 12 10 13 22 6 14 9 10 11 5 11 6 17 10
E8 "060_Group60" 14 11 18 21 15 11 17 10 17 9 10 11 16 15
F8 "061_Group61" 13 20 13 14 16 14 13 23 15 16 14 15 18 23
G8 "062_Group62" 25 15 13 12 23 21 13 14 12 8 32 17 12 24
H8 "063_Group63" 21 23 10 9 16 16 13 26 11 14 11 26 14 9
A9 "064_Group64" 19 15 12 11 15 17 19 14 17 10 22 12 14 26
B9 "065_Group65" 23 27 15 39 17 18 17 8 14 6 17 23 27 12
C9 "066_Group66" 14 13 17 20 21 28 15 10 5 6 14 9 6 11
D9 "067_Group67" 38 53 19 17 25 14 20 14 20 21 23 20 39 42
E9 "068_Group68" 7 12 21 36 33 16 13 29 54 14 20 15 28 18
F9 "069_Group69" 20 27 25 22 25 34 18 16 26 7 28 38 23 18
G9 "070_Group70" 30 34 36 27 21 20 16 16 6 5 6 23 8 4
H9 "071_Group71" 29 49 43 18 11 42 38 26 12 4 17 18 11 13
A10 "072_Group72" 25 16 19 21 17 10 11 8 16 10 11 12 13 18
B10 "073_Group73" 43 14 22 13 17 18 20 15 28 8 23 13 11 23
C10 "074_Group74" 18 18 27 26 23 15 26 17 24 3 13 12 10 23
D10 "075_Group75" 29 29 23 24 9 40 19 22 19 8 20 24 20 12
E10 "076_Group76" 31 10 17 15 17 43 29 19 22 7 11 14 26 26
F10 "077_Group77" 24 25 15 8 22 10 8 9 27 2 10 11 13 13
G10 "078_Group78" 34 26 15 13 17 23 18 19 21 16 20 16 16 15
H10 "079_Group79" 23 29 14 14 18 23 15 27 20 5 13 17 19 13
A11 "080_Group80" 16 24 25 19 18 28 24 18 20 11 19 37 30 35
B11 "081_Group81" 18 26 28 20 32 20 48 18 26 11 22 22 20 18
C11 "082_Group82" 21 25 29 35 17 22 30 15 25 11 25 30 21 32
D11 "083_Group83" 8 14 15 23 25 19 15 29 26 10 17 14 18 34
E11 "084_Group84" 32 26 22 28 19 20 15 22 16 13 28 17 15 28
F11 "085_Group85" 17 25 9 22 12 18 27 16 16 11 19 13 25 22
G11 "086_Group86" 26 26 36 32 35 29 37 34 27 13 44 20 29 25
H11 "087_Group87" 24 27 34 23 18 15 22 24 30 21 15 21 24 26
A12 "088_Group88" 34 26 26 23 28 37 17 43 27 14 36 40 38 36
B12 "089_Group89" 31 31 16 21 27 22 33 30 34 5 18 38 30 14
C12 "090_Group90" 33 29 29 34 29 21 29 25 41 5 17 20 36 25
D12 "091_Group91" 11 7 6 6 24 18 22 12 14 4 18 15 11 11
E12 "092_Group92" 40 40 24 32 21 34 30 23 24 22 32 18 34 16
F12 "093_Group93" 28 15 20 9 32 24 28 25 13 13 21 35 18 9
G12 "094_Group94" 25 20 20 13 19 22 24 27 18 13 25 17 26 18
H12 "095_Group95" 26 21 18 21 37 19 31 25 21 20 22 22 33 32

"<<<<<< Channel Activity >>>>>>"
Channel Well Group/Time[m] 2 4 6 8 10 12 14 16 18 20 22 24 26 28
CH0 A1.0 "000_Group0" 25 27 37 27 30 25 26 28 31 12 25 23 17 21
CH2 B1.0 "001_Group1" 31 25 43 16 21 25 13 28 23 5 25 33 11 14
CH4 C1.0 "002_Group2" 25 31 24 18 22 26 28 17 25 15 34 24 36 36
CH6 D1.0 "003_Group3" 17 23 26 19 23 22 19 38 13 23 24 14 20 10
CH8 E1.0 "004_Group4" 26 11 26 29 22 31 21 33 21 12 21 24 28 15
CH10 F1.0 "005_Group5" 31 12 17 14 21 20 30 14 27 17 15 12 26 18
CH12 G1.0 "006_Group6" 38 35 45 29 21 31 19 21 34 10 34 32 17 26
CH14 H1.0 "007_Group7" 20 41 45 40 48 28 18 26 40 17 35 20 34 27
CH32 A2.0 "008_Group8" 29 27 21 34 25 25 34 27 24 15 22 21 35 25
CH34 B2.0 "009_Group9" 21 24 14 12 24 24 23 18 19 6 15 15 24 19
CH36 C2.0 "010_Group10" 36 37 11 23 21 23 36 16 14 16 26 24 20 29
CH38 D2.0 "011_Group11" 26 24 38 15 23 15 8 10 21 20 13 17 15 22
CH40 E2.0 "012_Group12" 23 33 19 25 30 23 25 17 19 16 29 13 13 17
CH42 F2.0 "013_Group13" 44 37 31 30 23 22 34 24 31 12 28 36 19 16
CH44 G2.0 "014_Group14" 34 19 16 22 23 14 17 19 12 8 25 20 18 29
CH46 H2.0 "015_Group15" 15 19 19 19 16 14 16 18 30 8 15 13 11 18
CH64 A3.0 "016_Group16" 13 22 30 28 21 24 23 13 13 11 11 17 34 17
CH66 B3.0 "017_Group17" 7 11 14 19 18 16 23 16 21 5 25 28 24 37
CH68 C3.0 "018_Group18" 11 19 17 14 20 14 21 19 27 13 17 14 17 17
CH70 D3.0 "019_Group19" 26 16 19 16 17 16 22 27 33 12 15 27 24 22
CH72 E3.0 "020_Group20" 25 15 17 22 19 16 18 16 30 11 29 21 27 18
CH74 F3.0 "021_Group21" 25 19 11 16 13 19 13 24 21 8 16 16 14 22
CH76 G3.0 "022_Group22" 35 19 12 16 28 29 22 29 17 10 25 23 25 13
CH78 H3.0 "023_Group23" 43 8 25 23 16 18 19 23 13 10 14 10 17 11
CH96 A4.0 "024_Group24" 29 27 16 31 34 24 21 21 22 13 34 24 28 24
CH98 B4.0 "025_Group25" 38 42 21 21 35 34 24 32 14 12 14 16 34 5
CH100 C4.0 "026_Group26" 31 12 27 29 34 31 28 20 27 10 37 30 31 27
CH102 D4.0 "027_Group27" 27 20 32 20 21 26 17 26 26 14 28 34 41 33
CH104 E4.0 "028_Group28" 30 27 28 34 26 13 27 33 21 2 24 33 9 18
CH106 F4.0 "029_Group29" 35 36 29 38 33 32 40 26 40 24 19 19 19 31
CH108 G4.0 "030_Group30" 28 27 28 28 26 28 41 36 20 11 25 26 28 32
CH110 H4.0 "031_Group31" 22 31 30 21 24 23 35 28 28 10 14 9 15 36
CH128 A5.0 "032_Group32" 19 16 18 18 24 13 18 16 23 9 26 22 12 17
CH130 B5.0 "033_Group33" 13 12 25 45 26 12 17 6 8 5 7 22 26 12
CH132 C5.0 "034_Group34" 32 30 22 19 18 20 21 27 37 18 20 36 17 8
CH134 D5.0 "035_Group35" 10 10 12 10 18 27 27 18 18 10 9 30 21 26
CH136 E5.0 "036_Group36" 28 23 21 20 18 18 33 9 29 13 26 6 8 28
CH138 F5.0 "037_Group37" 25 22 26 36 26 32 24 22 32 14 17 27 23 17
CH140 G5.0 "038_Group38" 31 27 31 33 33 21 20 22 22 4 16 31 24 12
CH142 H5.0 "039_Group39" 37 18 24 25 47 29 28 13 26 8 34 28 28 29
CH160 A6.0 "040_Group40" 14 15 8 14 17 14 26 20 17 7 20 34 32 30
CH162 B6.0 "041_Group41" 14 14 3 12 11 14 9 12 12 6 15 15 25 12
CH164 C6.0 "042_Group42" 11 20 13 25 26 10 18 23 26 10 22 29 24 26
CH166 D6.0 "043_Group43" 8 7 11 24 11 11 12 15 6 9 18 27 27 16
CH168 E6.0 "044_Group44" 15 27 18 16 15 14 13 16 19 13 19 22 11 11
CH170 F6.0 "045_Group45" 38 18 16 12 13 21 20 18 11 12 16 11 21 30
CH172 G6.0 "046_Group46" 13 19 12 23 21 13 26 24 33 7 16 14 14 27
CH174 H6.0 "047_Group47" 34 25 26 22 26 21 29 28 32 13 33 37 47 37
CH192 A7.0 "048_Group48" 25 37 43 33 40 47 32 34 42 19 31 23 27 36
CH194 B7.0 "049_Group49" 33 32 48 48 25 49 45 22 45 2 14 18 31 32
CH196 C7.0 "050_Group50" 26 37 43 31 42 41 40 37 30 15 34 19 45 44
CH198 D7.0 "051_Group51" 28 31 56 44 33 40 44 43 44 22 37 38 36 40
CH200 E7.0 "052_Group52" 35 49 39 31 38 43 38 31 38 11 26 38 28 31
CH202 F7.0 "053_Group53" 60 17 27 43 45 47 27 27 20 12 53 29 25 35
CH204 G7.0 "054_Group54" 40 42 51 33 28 43 25 25 37 17 43 30 24 23
CH206 H7.0 "055_Group55" 39 39 48 40 24 36 30 33 38 14 50 39 43 36
CH224 A8.0 "056_Group56" 12 19 13 12 14 7 11 23 11 8 15 11 13 8
CH226 B8.0 "057_Group57" 6 9 11 8 18 12 11 10 9 16 20 13 18 10
CH228 C8.0 "058_Group58" 14 11 11 11 10 15 18 7 26 2 17 21 11 20
CH230 D8.0 "059_Group59" 12 10 13 22 6 14 9 10 11 5 11 6 17 10
CH232 E8.0 "060_Group60" 14 11 18 21 15 11 17 10 17 9 10 11 16 15
CH234 F8.0 "061_Group61" 13 20 13 14 16 14 13 23 15 16 14 15 18 23
CH236 G8.0 "062_Group62" 25 15 13 12 23 21 13 14 12 8 32 17 12 24
CH238 H8.0 "063_Group63" 21 23 10 9 16 16 13 26 11 14 11 26 14 9
CH256 A9.0 "064_Group64" 19 15 12 11 15 17 19 14 17 10 22 12 14 26
CH258 B9.0 "065_Group65" 23 27 15 39 17 18 17 8 14 6 17 23 27 12
CH260 C9.0 "066_Group66" 14 13 17 20 21 28 15 10 5 6 14 9 6 11
CH262 D9.0 "067_Group67" 38 53 19 17 25 14 20 14 20 21 23 20 39 42
CH264 E9.0 "068_Group68" 7 12 21 36 33 16 13 29 54 14 20 15 28 18
CH266 F9.0 "069_Group69" 20 27 25 22 25 34 18 16 26 7 28 38 23 18
CH268 G9.0 "070_Group70" 30 34 36 27 21 20 16 16 6 5 6 23 8 4
CH270 H9.0 "071_Group71" 29 49 43 18 11 42 38 26 12 4 17 18 11 13
CH288 A10.0 "072_Group72" 25 16 19 21 17 10 11 8 16 10 11 12 13 18
CH290 B10.0 "073_Group73" 43 14 22 13 17 18 20 15 28 8 23 13 11 23
CH292 C10.0 "074_Group74" 18 18 27 26 23 15 26 17 24 3 13 12 10 23
CH294 D10.0 "075_Group75" 29 29 23 24 9 40 19 22 19 8 20 24 20 12
CH296 E10.0 "076_Group76" 31 10 17 15 17 43 29 19 22 7 11 14 26 26
CH298 F10.0 "077_Group77" 24 25 15 8 22 10 8 9 27 2 10 11 13 13
CH300 G10.0 "078_Group78" 34 26 15 13 17 23 18 19 21 16 20 16 16 15
CH302 H10.0 "079_Group79" 23 29 14 14 18 23 15 27 20 5 13 17 19 13
CH320 A11.0 "080_Group80" 16 24 25 19 18 28 24 18 20 11 19 37 30 35
CH322 B11.0 "081_Group81" 18 26 28 20 32 20 48 18 26 11 22 22 20 18
CH324 C11.0 "082_Group82" 21 25 29 35 17 22 30 15 25 11 25 30 21 32
CH326 D11.0 "083_Group83" 8 14 15 23 25 19 15 29 26 10 17 14 18 34
CH328 E11.0 "084_Group84" 32 26 22 28 19 20 15 22 16 13 28 17 15 28
CH330 F11.0 "085_Group85" 17 25 9 22 12 18 27 16 16 11 19 13 25 22
CH332 G11.0 "086_Group86" 26 26 36 32 35 29 37 34 27 13 44 20 29 25
CH334 H11.0 "087_Group87" 24 27 34 23 18 15 22 24 30 21 15 21 24 26
CH352 A12.0 "088_Group88" 34 26 26 23 28 37 17 43 27 14 36 40 38 36
CH354 B12.0 "089_Group89" 31 31 16 21 27 22 33 30 34 5 18 38 30 14
CH356 C12.0 "090_Group90" 33 29 29 34 29 21 29 25 41 5 17 20 36 25
CH358 D12.0 "091_Group91" 11 7 6 6 24 18 22 12 14 4 18 15 11 11
CH360 E12.0 "092_Group92" 40 40 24 32 21 34 30 23 24 22 32 18 34 16
CH362 F12.0 "093_Group93" 28 15 20 9 32 24 28 25 13 13 21 35 18 9
CH364 G12.0 "094_Group94" 25 20 20 13 19 22 24 27 18 13 25 17 26 18
CH366 H12.0 "095_Group95" 26 21 18 21 37 19 31 25 21 20 22 22 33 32
