"DATE:" "1/29/2015 9:24:57 AM"
"FILE:" "C:\Users\AndersenLab\Desktop\wmicrotracker\p00011\20150129_0913"
"SUBPROJECT:" "20150129_Longevity_1_4mgmL"

"<<<<<< Group Activity: Average Activity Counts per Data Interval>>>>>>"
Group/Time[m] 2 4 6 8 10
"000_Group0" 22 19 12 23 16
"001_Group1" 22 27 16 16 9
"002_Group2" 23 15 10 9 16
"003_Group3" 26 21 13 10 23
"004_Group4" 28 26 25 21 21
"005_Group5" 31 41 28 33 7
"006_Group6" 32 31 40 30 18
"007_Group7" 46 34 22 14 11
"008_Group8" 32 27 15 18 8
"009_Group9" 10 10 5 11 9
"010_Group10" 39 32 31 16 12
"011_Group11" 50 36 20 9 11
"012_Group12" 30 15 5 10 5
"013_Group13" 30 32 20 16 13
"014_Group14" 28 35 33 12 14
"015_Group15" 34 21 12 20 23
"016_Group16" 11 17 12 1 5
"017_Group17" 16 10 14 7 9
"018_Group18" 21 14 6 15 10
"019_Group19" 10 14 14 5 9
"020_Group20" 13 7 12 3 5
"021_Group21" 10 10 6 11 11
"022_Group22" 13 18 7 9 10
"023_Group23" 24 14 7 7 5
"024_Group24" 37 20 17 8 1
"025_Group25" 29 21 20 22 12
"026_Group26" 37 17 14 25 30
"027_Group27" 30 22 24 15 21
"028_Group28" 25 22 14 26 15
"029_Group29" 19 15 7 6 10
"030_Group30" 26 23 6 10 12
"031_Group31" 18 12 10 5 10
"032_Group32" 21 18 3 4 3
"033_Group33" 1 0 1 0 0
"034_Group34" 3 1 0 0 0
"035_Group35" 2 1 0 2 0
"036_Group36" 0 0 0 0 0
"037_Group37" 0 0 0 0 0
"038_Group38" 0 0 1 0 0
"039_Group39" 7 4 3 1 0
"040_Group40" 0 0 0 0 0
"041_Group41" 0 0 0 0 0
"042_Group42" 0 0 0 0 0
"043_Group43" 0 0 0 0 0
"044_Group44" 0 0 0 0 0
"045_Group45" 0 0 0 0 0
"046_Group46" 0 0 0 0 0
"047_Group47" 0 0 0 3 0
"048_Group48" 47 37 25 19 14
"049_Group49" 0 0 0 0 0
"050_Group50" 12 12 13 12 13
"051_Group51" 15 13 11 6 5
"052_Group52" 18 11 14 10 7
"053_Group53" 11 17 14 9 18
"054_Group54" 17 9 9 11 35
"055_Group55" 46 17 26 16 13
"056_Group56" 39 34 9 14 8
"057_Group57" 10 6 9 3 5
"058_Group58" 17 7 6 8 21
"059_Group59" 1 8 15 10 5
"060_Group60" 4 7 7 16 8
"061_Group61" 11 10 6 10 11
"062_Group62" 4 6 6 13 7
"063_Group63" 43 15 11 3 12
"064_Group64" 24 24 20 15 12
"065_Group65" 19 21 27 14 17
"066_Group66" 22 13 20 17 15
"067_Group67" 27 39 23 15 15
"068_Group68" 31 29 27 22 12
"069_Group69" 26 37 39 26 17
"070_Group70" 39 34 37 26 30
"071_Group71" 41 32 28 21 11
"072_Group72" 22 15 15 16 4
"073_Group73" 11 8 10 10 15
"074_Group74" 18 13 18 14 8
"075_Group75" 9 5 5 10 10
"076_Group76" 23 13 20 7 7
"077_Group77" 13 20 21 19 9
"078_Group78" 11 10 9 11 4
"079_Group79" 20 20 14 10 8
"080_Group80" 8 5 11 8 9
"081_Group81" 12 16 11 12 9
"082_Group82" 17 6 8 10 7
"083_Group83" 13 14 13 22 10
"084_Group84" 6 10 9 13 4
"085_Group85" 37 12 12 11 9
"086_Group86" 11 10 8 11 12
"087_Group87" 28 15 12 7 5
"088_Group88" 12 11 18 8 18
"089_Group89" 8 9 8 3 13
"090_Group90" 11 23 15 6 6
"091_Group91" 27 15 7 6 2
"092_Group92" 11 9 17 12 5
"093_Group93" 9 3 11 8 13
"094_Group94" 17 14 12 7 10
"095_Group95" 11 8 14 10 12

"<<<<<< Group Activity: Number of wells/group >>>>>>"
Group/Time[m] 2 4 6 8 10
"000_Group0" 1 1 1 1 1
"001_Group1" 1 1 1 1 1
"002_Group2" 1 1 1 1 1
"003_Group3" 1 1 1 1 1
"004_Group4" 1 1 1 1 1
"005_Group5" 1 1 1 1 1
"006_Group6" 1 1 1 1 1
"007_Group7" 1 1 1 1 1
"008_Group8" 1 1 1 1 1
"009_Group9" 1 1 1 1 1
"010_Group10" 1 1 1 1 1
"011_Group11" 1 1 1 1 1
"012_Group12" 1 1 1 1 1
"013_Group13" 1 1 1 1 1
"014_Group14" 1 1 1 1 1
"015_Group15" 1 1 1 1 1
"016_Group16" 1 1 1 1 1
"017_Group17" 1 1 1 1 1
"018_Group18" 1 1 1 1 1
"019_Group19" 1 1 1 1 1
"020_Group20" 1 1 1 1 1
"021_Group21" 1 1 1 1 1
"022_Group22" 1 1 1 1 1
"023_Group23" 1 1 1 1 1
"024_Group24" 1 1 1 1 1
"025_Group25" 1 1 1 1 1
"026_Group26" 1 1 1 1 1
"027_Group27" 1 1 1 1 1
"028_Group28" 1 1 1 1 1
"029_Group29" 1 1 1 1 1
"030_Group30" 1 1 1 1 1
"031_Group31" 1 1 1 1 1
"032_Group32" 1 1 1 1 1
"033_Group33" 1 1 1 1 1
"034_Group34" 1 1 1 1 1
"035_Group35" 1 1 1 1 1
"036_Group36" 1 1 1 1 1
"037_Group37" 1 1 1 1 1
"038_Group38" 1 1 1 1 1
"039_Group39" 1 1 1 1 1
"040_Group40" 1 1 1 1 1
"041_Group41" 1 1 1 1 1
"042_Group42" 1 1 1 1 1
"043_Group43" 1 1 1 1 1
"044_Group44" 1 1 1 1 1
"045_Group45" 1 1 1 1 1
"046_Group46" 1 1 1 1 1
"047_Group47" 1 1 1 1 1
"048_Group48" 1 1 1 1 1
"049_Group49" 1 1 1 1 1
"050_Group50" 1 1 1 1 1
"051_Group51" 1 1 1 1 1
"052_Group52" 1 1 1 1 1
"053_Group53" 1 1 1 1 1
"054_Group54" 1 1 1 1 1
"055_Group55" 1 1 1 1 1
"056_Group56" 1 1 1 1 1
"057_Group57" 1 1 1 1 1
"058_Group58" 1 1 1 1 1
"059_Group59" 1 1 1 1 1
"060_Group60" 1 1 1 1 1
"061_Group61" 1 1 1 1 1
"062_Group62" 1 1 1 1 1
"063_Group63" 1 1 1 1 1
"064_Group64" 1 1 1 1 1
"065_Group65" 1 1 1 1 1
"066_Group66" 1 1 1 1 1
"067_Group67" 1 1 1 1 1
"068_Group68" 1 1 1 1 1
"069_Group69" 1 1 1 1 1
"070_Group70" 1 1 1 1 1
"071_Group71" 1 1 1 1 1
"072_Group72" 1 1 1 1 1
"073_Group73" 1 1 1 1 1
"074_Group74" 1 1 1 1 1
"075_Group75" 1 1 1 1 1
"076_Group76" 1 1 1 1 1
"077_Group77" 1 1 1 1 1
"078_Group78" 1 1 1 1 1
"079_Group79" 1 1 1 1 1
"080_Group80" 1 1 1 1 1
"081_Group81" 1 1 1 1 1
"082_Group82" 1 1 1 1 1
"083_Group83" 1 1 1 1 1
"084_Group84" 1 1 1 1 1
"085_Group85" 1 1 1 1 1
"086_Group86" 1 1 1 1 1
"087_Group87" 1 1 1 1 1
"088_Group88" 1 1 1 1 1
"089_Group89" 1 1 1 1 1
"090_Group90" 1 1 1 1 1
"091_Group91" 1 1 1 1 1
"092_Group92" 1 1 1 1 1
"093_Group93" 1 1 1 1 1
"094_Group94" 1 1 1 1 1
"095_Group95" 1 1 1 1 1

"<<<<<< Number of Samples per Acquisition Interval [1unit=500values] >>>>>>"
Time[m] 2 4 6 8 10 
#Samples 2 2 2 2 2 

"<<<<<< Average Temperature [°C] >>>>>>"
Time[m] 2 4 6 8 10 
Temp[°C] 22.2 22.2 22.2 22.2 22.2 

"<<<<<< Well Activity >>>>>>"
Well Group/Time[m] 2 4 6 8 10
A1 "000_Group0" 22 19 12 23 16
B1 "001_Group1" 22 27 16 16 9
C1 "002_Group2" 23 15 10 9 16
D1 "003_Group3" 26 21 13 10 23
E1 "004_Group4" 28 26 25 21 21
F1 "005_Group5" 31 41 28 33 7
G1 "006_Group6" 32 31 40 30 18
H1 "007_Group7" 46 34 22 14 11
A2 "008_Group8" 32 27 15 18 8
B2 "009_Group9" 10 10 5 11 9
C2 "010_Group10" 39 32 31 16 12
D2 "011_Group11" 50 36 20 9 11
E2 "012_Group12" 30 15 5 10 5
F2 "013_Group13" 30 32 20 16 13
G2 "014_Group14" 28 35 33 12 14
H2 "015_Group15" 34 21 12 20 23
A3 "016_Group16" 11 17 12 1 5
B3 "017_Group17" 16 10 14 7 9
C3 "018_Group18" 21 14 6 15 10
D3 "019_Group19" 10 14 14 5 9
E3 "020_Group20" 13 7 12 3 5
F3 "021_Group21" 10 10 6 11 11
G3 "022_Group22" 13 18 7 9 10
H3 "023_Group23" 24 14 7 7 5
A4 "024_Group24" 37 20 17 8 1
B4 "025_Group25" 29 21 20 22 12
C4 "026_Group26" 37 17 14 25 30
D4 "027_Group27" 30 22 24 15 21
E4 "028_Group28" 25 22 14 26 15
F4 "029_Group29" 19 15 7 6 10
G4 "030_Group30" 26 23 6 10 12
H4 "031_Group31" 18 12 10 5 10
A5 "032_Group32" 21 18 3 4 3
B5 "033_Group33" 1 0 1 0 0
C5 "034_Group34" 3 1 0 0 0
D5 "035_Group35" 2 1 0 2 0
E5 "036_Group36" 0 0 0 0 0
F5 "037_Group37" 0 0 0 0 0
G5 "038_Group38" 0 0 1 0 0
H5 "039_Group39" 7 4 3 1 0
A6 "040_Group40" 0 0 0 0 0
B6 "041_Group41" 0 0 0 0 0
C6 "042_Group42" 0 0 0 0 0
D6 "043_Group43" 0 0 0 0 0
E6 "044_Group44" 0 0 0 0 0
F6 "045_Group45" 0 0 0 0 0
G6 "046_Group46" 0 0 0 0 0
H6 "047_Group47" 0 0 0 3 0
A7 "048_Group48" 47 37 25 19 14
B7 "049_Group49" 0 0 0 0 0
C7 "050_Group50" 12 12 13 12 13
D7 "051_Group51" 15 13 11 6 5
E7 "052_Group52" 18 11 14 10 7
F7 "053_Group53" 11 17 14 9 18
G7 "054_Group54" 17 9 9 11 35
H7 "055_Group55" 46 17 26 16 13
A8 "056_Group56" 39 34 9 14 8
B8 "057_Group57" 10 6 9 3 5
C8 "058_Group58" 17 7 6 8 21
D8 "059_Group59" 1 8 15 10 5
E8 "060_Group60" 4 7 7 16 8
F8 "061_Group61" 11 10 6 10 11
G8 "062_Group62" 4 6 6 13 7
H8 "063_Group63" 43 15 11 3 12
A9 "064_Group64" 24 24 20 15 12
B9 "065_Group65" 19 21 27 14 17
C9 "066_Group66" 22 13 20 17 15
D9 "067_Group67" 27 39 23 15 15
E9 "068_Group68" 31 29 27 22 12
F9 "069_Group69" 26 37 39 26 17
G9 "070_Group70" 39 34 37 26 30
H9 "071_Group71" 41 32 28 21 11
A10 "072_Group72" 22 15 15 16 4
B10 "073_Group73" 11 8 10 10 15
C10 "074_Group74" 18 13 18 14 8
D10 "075_Group75" 9 5 5 10 10
E10 "076_Group76" 23 13 20 7 7
F10 "077_Group77" 13 20 21 19 9
G10 "078_Group78" 11 10 9 11 4
H10 "079_Group79" 20 20 14 10 8
A11 "080_Group80" 8 5 11 8 9
B11 "081_Group81" 12 16 11 12 9
C11 "082_Group82" 17 6 8 10 7
D11 "083_Group83" 13 14 13 22 10
E11 "084_Group84" 6 10 9 13 4
F11 "085_Group85" 37 12 12 11 9
G11 "086_Group86" 11 10 8 11 12
H11 "087_Group87" 28 15 12 7 5
A12 "088_Group88" 12 11 18 8 18
B12 "089_Group89" 8 9 8 3 13
C12 "090_Group90" 11 23 15 6 6
D12 "091_Group91" 27 15 7 6 2
E12 "092_Group92" 11 9 17 12 5
F12 "093_Group93" 9 3 11 8 13
G12 "094_Group94" 17 14 12 7 10
H12 "095_Group95" 11 8 14 10 12

"<<<<<< Channel Activity >>>>>>"
Channel Well Group/Time[m] 2 4 6 8 10
CH0 A1.0 "000_Group0" 22 19 12 23 16
CH2 B1.0 "001_Group1" 22 27 16 16 9
CH4 C1.0 "002_Group2" 23 15 10 9 16
CH6 D1.0 "003_Group3" 26 21 13 10 23
CH8 E1.0 "004_Group4" 28 26 25 21 21
CH10 F1.0 "005_Group5" 31 41 28 33 7
CH12 G1.0 "006_Group6" 32 31 40 30 18
CH14 H1.0 "007_Group7" 46 34 22 14 11
CH32 A2.0 "008_Group8" 32 27 15 18 8
CH34 B2.0 "009_Group9" 10 10 5 11 9
CH36 C2.0 "010_Group10" 39 32 31 16 12
CH38 D2.0 "011_Group11" 50 36 20 9 11
CH40 E2.0 "012_Group12" 30 15 5 10 5
CH42 F2.0 "013_Group13" 30 32 20 16 13
CH44 G2.0 "014_Group14" 28 35 33 12 14
CH46 H2.0 "015_Group15" 34 21 12 20 23
CH64 A3.0 "016_Group16" 11 17 12 1 5
CH66 B3.0 "017_Group17" 16 10 14 7 9
CH68 C3.0 "018_Group18" 21 14 6 15 10
CH70 D3.0 "019_Group19" 10 14 14 5 9
CH72 E3.0 "020_Group20" 13 7 12 3 5
CH74 F3.0 "021_Group21" 10 10 6 11 11
CH76 G3.0 "022_Group22" 13 18 7 9 10
CH78 H3.0 "023_Group23" 24 14 7 7 5
CH96 A4.0 "024_Group24" 37 20 17 8 1
CH98 B4.0 "025_Group25" 29 21 20 22 12
CH100 C4.0 "026_Group26" 37 17 14 25 30
CH102 D4.0 "027_Group27" 30 22 24 15 21
CH104 E4.0 "028_Group28" 25 22 14 26 15
CH106 F4.0 "029_Group29" 19 15 7 6 10
CH108 G4.0 "030_Group30" 26 23 6 10 12
CH110 H4.0 "031_Group31" 18 12 10 5 10
CH128 A5.0 "032_Group32" 21 18 3 4 3
CH130 B5.0 "033_Group33" 1 0 1 0 0
CH132 C5.0 "034_Group34" 3 1 0 0 0
CH134 D5.0 "035_Group35" 2 1 0 2 0
CH136 E5.0 "036_Group36" 0 0 0 0 0
CH138 F5.0 "037_Group37" 0 0 0 0 0
CH140 G5.0 "038_Group38" 0 0 1 0 0
CH142 H5.0 "039_Group39" 7 4 3 1 0
CH160 A6.0 "040_Group40" 0 0 0 0 0
CH162 B6.0 "041_Group41" 0 0 0 0 0
CH164 C6.0 "042_Group42" 0 0 0 0 0
CH166 D6.0 "043_Group43" 0 0 0 0 0
CH168 E6.0 "044_Group44" 0 0 0 0 0
CH170 F6.0 "045_Group45" 0 0 0 0 0
CH172 G6.0 "046_Group46" 0 0 0 0 0
CH174 H6.0 "047_Group47" 0 0 0 3 0
CH192 A7.0 "048_Group48" 47 37 25 19 14
CH194 B7.0 "049_Group49" 0 0 0 0 0
CH196 C7.0 "050_Group50" 12 12 13 12 13
CH198 D7.0 "051_Group51" 15 13 11 6 5
CH200 E7.0 "052_Group52" 18 11 14 10 7
CH202 F7.0 "053_Group53" 11 17 14 9 18
CH204 G7.0 "054_Group54" 17 9 9 11 35
CH206 H7.0 "055_Group55" 46 17 26 16 13
CH224 A8.0 "056_Group56" 39 34 9 14 8
CH226 B8.0 "057_Group57" 10 6 9 3 5
CH228 C8.0 "058_Group58" 17 7 6 8 21
CH230 D8.0 "059_Group59" 1 8 15 10 5
CH232 E8.0 "060_Group60" 4 7 7 16 8
CH234 F8.0 "061_Group61" 11 10 6 10 11
CH236 G8.0 "062_Group62" 4 6 6 13 7
CH238 H8.0 "063_Group63" 43 15 11 3 12
CH256 A9.0 "064_Group64" 24 24 20 15 12
CH258 B9.0 "065_Group65" 19 21 27 14 17
CH260 C9.0 "066_Group66" 22 13 20 17 15
CH262 D9.0 "067_Group67" 27 39 23 15 15
CH264 E9.0 "068_Group68" 31 29 27 22 12
CH266 F9.0 "069_Group69" 26 37 39 26 17
CH268 G9.0 "070_Group70" 39 34 37 26 30
CH270 H9.0 "071_Group71" 41 32 28 21 11
CH288 A10.0 "072_Group72" 22 15 15 16 4
CH290 B10.0 "073_Group73" 11 8 10 10 15
CH292 C10.0 "074_Group74" 18 13 18 14 8
CH294 D10.0 "075_Group75" 9 5 5 10 10
CH296 E10.0 "076_Group76" 23 13 20 7 7
CH298 F10.0 "077_Group77" 13 20 21 19 9
CH300 G10.0 "078_Group78" 11 10 9 11 4
CH302 H10.0 "079_Group79" 20 20 14 10 8
CH320 A11.0 "080_Group80" 8 5 11 8 9
CH322 B11.0 "081_Group81" 12 16 11 12 9
CH324 C11.0 "082_Group82" 17 6 8 10 7
CH326 D11.0 "083_Group83" 13 14 13 22 10
CH328 E11.0 "084_Group84" 6 10 9 13 4
CH330 F11.0 "085_Group85" 37 12 12 11 9
CH332 G11.0 "086_Group86" 11 10 8 11 12
CH334 H11.0 "087_Group87" 28 15 12 7 5
CH352 A12.0 "088_Group88" 12 11 18 8 18
CH354 B12.0 "089_Group89" 8 9 8 3 13
CH356 C12.0 "090_Group90" 11 23 15 6 6
CH358 D12.0 "091_Group91" 27 15 7 6 2
CH360 E12.0 "092_Group92" 11 9 17 12 5
CH362 F12.0 "093_Group93" 9 3 11 8 13
CH364 G12.0 "094_Group94" 17 14 12 7 10
CH366 H12.0 "095_Group95" 11 8 14 10 12
