"DATE:" "1/29/2015 8:57:55 AM"
"FILE:" "C:\Users\AndersenLab\Desktop\wmicrotracker\p00011\20150129_0846"
"SUBPROJECT:" "20150129_Longevity_2_2mgmL"

"<<<<<< Group Activity: Average Activity Counts per Data Interval>>>>>>"
Group/Time[m] 2 4 6 8 10
"000_Group0" 34 28 36 31 19
"001_Group1" 26 34 28 19 21
"002_Group2" 20 37 31 20 18
"003_Group3" 27 18 25 24 20
"004_Group4" 13 13 4 8 11
"005_Group5" 22 14 10 12 14
"006_Group6" 4 10 8 0 6
"007_Group7" 9 17 21 20 27
"008_Group8" 10 12 16 13 10
"009_Group9" 31 30 9 2 9
"010_Group10" 21 26 29 23 10
"011_Group11" 18 13 13 8 2
"012_Group12" 5 18 12 18 10
"013_Group13" 29 24 20 25 7
"014_Group14" 8 16 8 4 0
"015_Group15" 5 10 1 0 4
"016_Group16" 24 20 13 25 14
"017_Group17" 18 12 23 18 23
"018_Group18" 34 21 15 14 19
"019_Group19" 11 13 16 11 12
"020_Group20" 23 21 19 12 13
"021_Group21" 9 17 11 9 16
"022_Group22" 9 13 18 14 17
"023_Group23" 12 15 18 9 6
"024_Group24" 47 41 19 31 18
"025_Group25" 1 0 0 0 0
"026_Group26" 8 2 0 0 0
"027_Group27" 0 0 0 0 0
"028_Group28" 14 23 11 15 6
"029_Group29" 6 7 4 7 2
"030_Group30" 6 20 15 32 12
"031_Group31" 9 2 9 2 1
"032_Group32" 19 32 30 17 23
"033_Group33" 11 14 23 37 26
"034_Group34" 13 12 15 16 32
"035_Group35" 19 17 32 29 29
"036_Group36" 31 31 34 55 40
"037_Group37" 20 11 14 22 19
"038_Group38" 33 40 25 26 15
"039_Group39" 11 17 43 38 27
"040_Group40" 0 0 0 0 0
"041_Group41" 0 0 0 0 0
"042_Group42" 0 0 0 0 0
"043_Group43" 0 0 0 0 0
"044_Group44" 0 0 0 0 0
"045_Group45" 0 0 0 0 0
"046_Group46" 0 0 0 0 0
"047_Group47" 0 0 0 0 0
"048_Group48" 28 14 19 14 21
"049_Group49" 21 12 14 17 24
"050_Group50" 18 9 9 1 4
"051_Group51" 14 1 12 4 2
"052_Group52" 0 0 0 2 9
"053_Group53" 23 34 31 18 9
"054_Group54" 20 18 5 0 0
"055_Group55" 1 0 12 1 1
"056_Group56" 17 27 22 18 17
"057_Group57" 13 16 20 10 9
"058_Group58" 19 8 13 13 8
"059_Group59" 19 11 21 16 9
"060_Group60" 41 24 26 18 8
"061_Group61" 50 21 10 12 10
"062_Group62" 7 13 16 15 12
"063_Group63" 36 20 16 15 17
"064_Group64" 12 11 11 6 7
"065_Group65" 29 39 32 25 16
"066_Group66" 28 17 26 23 28
"067_Group67" 28 30 24 30 13
"068_Group68" 8 35 36 38 15
"069_Group69" 23 29 25 24 15
"070_Group70" 19 26 28 33 28
"071_Group71" 43 31 23 13 23
"072_Group72" 11 16 15 12 7
"073_Group73" 9 17 20 19 10
"074_Group74" 20 18 24 7 22
"075_Group75" 14 11 6 19 17
"076_Group76" 22 17 13 5 13
"077_Group77" 13 9 10 9 20
"078_Group78" 22 13 10 19 6
"079_Group79" 22 25 14 7 8
"080_Group80" 9 14 11 14 17
"081_Group81" 10 18 10 9 19
"082_Group82" 9 11 12 12 7
"083_Group83" 12 17 14 11 11
"084_Group84" 8 10 16 12 12
"085_Group85" 23 8 18 11 15
"086_Group86" 4 11 24 9 19
"087_Group87" 17 18 14 14 10
"088_Group88" 5 8 2 1 4
"089_Group89" 8 14 1 2 13
"090_Group90" 8 13 21 29 6
"091_Group91" 2 13 11 8 9
"092_Group92" 23 5 1 2 0
"093_Group93" 2 6 2 3 8
"094_Group94" 0 2 10 10 8
"095_Group95" 7 16 18 11 12

"<<<<<< Group Activity: Number of wells/group >>>>>>"
Group/Time[m] 2 4 6 8 10
"000_Group0" 1 1 1 1 1
"001_Group1" 1 1 1 1 1
"002_Group2" 1 1 1 1 1
"003_Group3" 1 1 1 1 1
"004_Group4" 1 1 1 1 1
"005_Group5" 1 1 1 1 1
"006_Group6" 1 1 1 1 1
"007_Group7" 1 1 1 1 1
"008_Group8" 1 1 1 1 1
"009_Group9" 1 1 1 1 1
"010_Group10" 1 1 1 1 1
"011_Group11" 1 1 1 1 1
"012_Group12" 1 1 1 1 1
"013_Group13" 1 1 1 1 1
"014_Group14" 1 1 1 1 1
"015_Group15" 1 1 1 1 1
"016_Group16" 1 1 1 1 1
"017_Group17" 1 1 1 1 1
"018_Group18" 1 1 1 1 1
"019_Group19" 1 1 1 1 1
"020_Group20" 1 1 1 1 1
"021_Group21" 1 1 1 1 1
"022_Group22" 1 1 1 1 1
"023_Group23" 1 1 1 1 1
"024_Group24" 1 1 1 1 1
"025_Group25" 1 1 1 1 1
"026_Group26" 1 1 1 1 1
"027_Group27" 1 1 1 1 1
"028_Group28" 1 1 1 1 1
"029_Group29" 1 1 1 1 1
"030_Group30" 1 1 1 1 1
"031_Group31" 1 1 1 1 1
"032_Group32" 1 1 1 1 1
"033_Group33" 1 1 1 1 1
"034_Group34" 1 1 1 1 1
"035_Group35" 1 1 1 1 1
"036_Group36" 1 1 1 1 1
"037_Group37" 1 1 1 1 1
"038_Group38" 1 1 1 1 1
"039_Group39" 1 1 1 1 1
"040_Group40" 1 1 1 1 1
"041_Group41" 1 1 1 1 1
"042_Group42" 1 1 1 1 1
"043_Group43" 1 1 1 1 1
"044_Group44" 1 1 1 1 1
"045_Group45" 1 1 1 1 1
"046_Group46" 1 1 1 1 1
"047_Group47" 1 1 1 1 1
"048_Group48" 1 1 1 1 1
"049_Group49" 1 1 1 1 1
"050_Group50" 1 1 1 1 1
"051_Group51" 1 1 1 1 1
"052_Group52" 1 1 1 1 1
"053_Group53" 1 1 1 1 1
"054_Group54" 1 1 1 1 1
"055_Group55" 1 1 1 1 1
"056_Group56" 1 1 1 1 1
"057_Group57" 1 1 1 1 1
"058_Group58" 1 1 1 1 1
"059_Group59" 1 1 1 1 1
"060_Group60" 1 1 1 1 1
"061_Group61" 1 1 1 1 1
"062_Group62" 1 1 1 1 1
"063_Group63" 1 1 1 1 1
"064_Group64" 1 1 1 1 1
"065_Group65" 1 1 1 1 1
"066_Group66" 1 1 1 1 1
"067_Group67" 1 1 1 1 1
"068_Group68" 1 1 1 1 1
"069_Group69" 1 1 1 1 1
"070_Group70" 1 1 1 1 1
"071_Group71" 1 1 1 1 1
"072_Group72" 1 1 1 1 1
"073_Group73" 1 1 1 1 1
"074_Group74" 1 1 1 1 1
"075_Group75" 1 1 1 1 1
"076_Group76" 1 1 1 1 1
"077_Group77" 1 1 1 1 1
"078_Group78" 1 1 1 1 1
"079_Group79" 1 1 1 1 1
"080_Group80" 1 1 1 1 1
"081_Group81" 1 1 1 1 1
"082_Group82" 1 1 1 1 1
"083_Group83" 1 1 1 1 1
"084_Group84" 1 1 1 1 1
"085_Group85" 1 1 1 1 1
"086_Group86" 1 1 1 1 1
"087_Group87" 1 1 1 1 1
"088_Group88" 1 1 1 1 1
"089_Group89" 1 1 1 1 1
"090_Group90" 1 1 1 1 1
"091_Group91" 1 1 1 1 1
"092_Group92" 1 1 1 1 1
"093_Group93" 1 1 1 1 1
"094_Group94" 1 1 1 1 1
"095_Group95" 1 1 1 1 1

"<<<<<< Number of Samples per Acquisition Interval [1unit=500values] >>>>>>"
Time[m] 2 4 6 8 10 
#Samples 2 2 2 2 2 

"<<<<<< Average Temperature [°C] >>>>>>"
Time[m] 2 4 6 8 10 
Temp[°C] 22.2 22.2 22.2 22.2 22.2 

"<<<<<< Well Activity >>>>>>"
Well Group/Time[m] 2 4 6 8 10
A1 "000_Group0" 34 28 36 31 19
B1 "001_Group1" 26 34 28 19 21
C1 "002_Group2" 20 37 31 20 18
D1 "003_Group3" 27 18 25 24 20
E1 "004_Group4" 13 13 4 8 11
F1 "005_Group5" 22 14 10 12 14
G1 "006_Group6" 4 10 8 0 6
H1 "007_Group7" 9 17 21 20 27
A2 "008_Group8" 10 12 16 13 10
B2 "009_Group9" 31 30 9 2 9
C2 "010_Group10" 21 26 29 23 10
D2 "011_Group11" 18 13 13 8 2
E2 "012_Group12" 5 18 12 18 10
F2 "013_Group13" 29 24 20 25 7
G2 "014_Group14" 8 16 8 4 0
H2 "015_Group15" 5 10 1 0 4
A3 "016_Group16" 24 20 13 25 14
B3 "017_Group17" 18 12 23 18 23
C3 "018_Group18" 34 21 15 14 19
D3 "019_Group19" 11 13 16 11 12
E3 "020_Group20" 23 21 19 12 13
F3 "021_Group21" 9 17 11 9 16
G3 "022_Group22" 9 13 18 14 17
H3 "023_Group23" 12 15 18 9 6
A4 "024_Group24" 47 41 19 31 18
B4 "025_Group25" 1 0 0 0 0
C4 "026_Group26" 8 2 0 0 0
D4 "027_Group27" 0 0 0 0 0
E4 "028_Group28" 14 23 11 15 6
F4 "029_Group29" 6 7 4 7 2
G4 "030_Group30" 6 20 15 32 12
H4 "031_Group31" 9 2 9 2 1
A5 "032_Group32" 19 32 30 17 23
B5 "033_Group33" 11 14 23 37 26
C5 "034_Group34" 13 12 15 16 32
D5 "035_Group35" 19 17 32 29 29
E5 "036_Group36" 31 31 34 55 40
F5 "037_Group37" 20 11 14 22 19
G5 "038_Group38" 33 40 25 26 15
H5 "039_Group39" 11 17 43 38 27
A6 "040_Group40" 0 0 0 0 0
B6 "041_Group41" 0 0 0 0 0
C6 "042_Group42" 0 0 0 0 0
D6 "043_Group43" 0 0 0 0 0
E6 "044_Group44" 0 0 0 0 0
F6 "045_Group45" 0 0 0 0 0
G6 "046_Group46" 0 0 0 0 0
H6 "047_Group47" 0 0 0 0 0
A7 "048_Group48" 28 14 19 14 21
B7 "049_Group49" 21 12 14 17 24
C7 "050_Group50" 18 9 9 1 4
D7 "051_Group51" 14 1 12 4 2
E7 "052_Group52" 0 0 0 2 9
F7 "053_Group53" 23 34 31 18 9
G7 "054_Group54" 20 18 5 0 0
H7 "055_Group55" 1 0 12 1 1
A8 "056_Group56" 17 27 22 18 17
B8 "057_Group57" 13 16 20 10 9
C8 "058_Group58" 19 8 13 13 8
D8 "059_Group59" 19 11 21 16 9
E8 "060_Group60" 41 24 26 18 8
F8 "061_Group61" 50 21 10 12 10
G8 "062_Group62" 7 13 16 15 12
H8 "063_Group63" 36 20 16 15 17
A9 "064_Group64" 12 11 11 6 7
B9 "065_Group65" 29 39 32 25 16
C9 "066_Group66" 28 17 26 23 28
D9 "067_Group67" 28 30 24 30 13
E9 "068_Group68" 8 35 36 38 15
F9 "069_Group69" 23 29 25 24 15
G9 "070_Group70" 19 26 28 33 28
H9 "071_Group71" 43 31 23 13 23
A10 "072_Group72" 11 16 15 12 7
B10 "073_Group73" 9 17 20 19 10
C10 "074_Group74" 20 18 24 7 22
D10 "075_Group75" 14 11 6 19 17
E10 "076_Group76" 22 17 13 5 13
F10 "077_Group77" 13 9 10 9 20
G10 "078_Group78" 22 13 10 19 6
H10 "079_Group79" 22 25 14 7 8
A11 "080_Group80" 9 14 11 14 17
B11 "081_Group81" 10 18 10 9 19
C11 "082_Group82" 9 11 12 12 7
D11 "083_Group83" 12 17 14 11 11
E11 "084_Group84" 8 10 16 12 12
F11 "085_Group85" 23 8 18 11 15
G11 "086_Group86" 4 11 24 9 19
H11 "087_Group87" 17 18 14 14 10
A12 "088_Group88" 5 8 2 1 4
B12 "089_Group89" 8 14 1 2 13
C12 "090_Group90" 8 13 21 29 6
D12 "091_Group91" 2 13 11 8 9
E12 "092_Group92" 23 5 1 2 0
F12 "093_Group93" 2 6 2 3 8
G12 "094_Group94" 0 2 10 10 8
H12 "095_Group95" 7 16 18 11 12

"<<<<<< Channel Activity >>>>>>"
Channel Well Group/Time[m] 2 4 6 8 10
CH0 A1.0 "000_Group0" 34 28 36 31 19
CH2 B1.0 "001_Group1" 26 34 28 19 21
CH4 C1.0 "002_Group2" 20 37 31 20 18
CH6 D1.0 "003_Group3" 27 18 25 24 20
CH8 E1.0 "004_Group4" 13 13 4 8 11
CH10 F1.0 "005_Group5" 22 14 10 12 14
CH12 G1.0 "006_Group6" 4 10 8 0 6
CH14 H1.0 "007_Group7" 9 17 21 20 27
CH32 A2.0 "008_Group8" 10 12 16 13 10
CH34 B2.0 "009_Group9" 31 30 9 2 9
CH36 C2.0 "010_Group10" 21 26 29 23 10
CH38 D2.0 "011_Group11" 18 13 13 8 2
CH40 E2.0 "012_Group12" 5 18 12 18 10
CH42 F2.0 "013_Group13" 29 24 20 25 7
CH44 G2.0 "014_Group14" 8 16 8 4 0
CH46 H2.0 "015_Group15" 5 10 1 0 4
CH64 A3.0 "016_Group16" 24 20 13 25 14
CH66 B3.0 "017_Group17" 18 12 23 18 23
CH68 C3.0 "018_Group18" 34 21 15 14 19
CH70 D3.0 "019_Group19" 11 13 16 11 12
CH72 E3.0 "020_Group20" 23 21 19 12 13
CH74 F3.0 "021_Group21" 9 17 11 9 16
CH76 G3.0 "022_Group22" 9 13 18 14 17
CH78 H3.0 "023_Group23" 12 15 18 9 6
CH96 A4.0 "024_Group24" 47 41 19 31 18
CH98 B4.0 "025_Group25" 1 0 0 0 0
CH100 C4.0 "026_Group26" 8 2 0 0 0
CH102 D4.0 "027_Group27" 0 0 0 0 0
CH104 E4.0 "028_Group28" 14 23 11 15 6
CH106 F4.0 "029_Group29" 6 7 4 7 2
CH108 G4.0 "030_Group30" 6 20 15 32 12
CH110 H4.0 "031_Group31" 9 2 9 2 1
CH128 A5.0 "032_Group32" 19 32 30 17 23
CH130 B5.0 "033_Group33" 11 14 23 37 26
CH132 C5.0 "034_Group34" 13 12 15 16 32
CH134 D5.0 "035_Group35" 19 17 32 29 29
CH136 E5.0 "036_Group36" 31 31 34 55 40
CH138 F5.0 "037_Group37" 20 11 14 22 19
CH140 G5.0 "038_Group38" 33 40 25 26 15
CH142 H5.0 "039_Group39" 11 17 43 38 27
CH160 A6.0 "040_Group40" 0 0 0 0 0
CH162 B6.0 "041_Group41" 0 0 0 0 0
CH164 C6.0 "042_Group42" 0 0 0 0 0
CH166 D6.0 "043_Group43" 0 0 0 0 0
CH168 E6.0 "044_Group44" 0 0 0 0 0
CH170 F6.0 "045_Group45" 0 0 0 0 0
CH172 G6.0 "046_Group46" 0 0 0 0 0
CH174 H6.0 "047_Group47" 0 0 0 0 0
CH192 A7.0 "048_Group48" 28 14 19 14 21
CH194 B7.0 "049_Group49" 21 12 14 17 24
CH196 C7.0 "050_Group50" 18 9 9 1 4
CH198 D7.0 "051_Group51" 14 1 12 4 2
CH200 E7.0 "052_Group52" 0 0 0 2 9
CH202 F7.0 "053_Group53" 23 34 31 18 9
CH204 G7.0 "054_Group54" 20 18 5 0 0
CH206 H7.0 "055_Group55" 1 0 12 1 1
CH224 A8.0 "056_Group56" 17 27 22 18 17
CH226 B8.0 "057_Group57" 13 16 20 10 9
CH228 C8.0 "058_Group58" 19 8 13 13 8
CH230 D8.0 "059_Group59" 19 11 21 16 9
CH232 E8.0 "060_Group60" 41 24 26 18 8
CH234 F8.0 "061_Group61" 50 21 10 12 10
CH236 G8.0 "062_Group62" 7 13 16 15 12
CH238 H8.0 "063_Group63" 36 20 16 15 17
CH256 A9.0 "064_Group64" 12 11 11 6 7
CH258 B9.0 "065_Group65" 29 39 32 25 16
CH260 C9.0 "066_Group66" 28 17 26 23 28
CH262 D9.0 "067_Group67" 28 30 24 30 13
CH264 E9.0 "068_Group68" 8 35 36 38 15
CH266 F9.0 "069_Group69" 23 29 25 24 15
CH268 G9.0 "070_Group70" 19 26 28 33 28
CH270 H9.0 "071_Group71" 43 31 23 13 23
CH288 A10.0 "072_Group72" 11 16 15 12 7
CH290 B10.0 "073_Group73" 9 17 20 19 10
CH292 C10.0 "074_Group74" 20 18 24 7 22
CH294 D10.0 "075_Group75" 14 11 6 19 17
CH296 E10.0 "076_Group76" 22 17 13 5 13
CH298 F10.0 "077_Group77" 13 9 10 9 20
CH300 G10.0 "078_Group78" 22 13 10 19 6
CH302 H10.0 "079_Group79" 22 25 14 7 8
CH320 A11.0 "080_Group80" 9 14 11 14 17
CH322 B11.0 "081_Group81" 10 18 10 9 19
CH324 C11.0 "082_Group82" 9 11 12 12 7
CH326 D11.0 "083_Group83" 12 17 14 11 11
CH328 E11.0 "084_Group84" 8 10 16 12 12
CH330 F11.0 "085_Group85" 23 8 18 11 15
CH332 G11.0 "086_Group86" 4 11 24 9 19
CH334 H11.0 "087_Group87" 17 18 14 14 10
CH352 A12.0 "088_Group88" 5 8 2 1 4
CH354 B12.0 "089_Group89" 8 14 1 2 13
CH356 C12.0 "090_Group90" 8 13 21 29 6
CH358 D12.0 "091_Group91" 2 13 11 8 9
CH360 E12.0 "092_Group92" 23 5 1 2 0
CH362 F12.0 "093_Group93" 2 6 2 3 8
CH364 G12.0 "094_Group94" 0 2 10 10 8
CH366 H12.0 "095_Group95" 7 16 18 11 12
