"DATE:" "1/28/2015 8:57:06 AM"
"FILE:" "C:\Users\AndersenLab\Desktop\wmicrotracker\p00011\20150128_0845"
"SUBPROJECT:" "20150128_Longevity_2_2mgmL"

"<<<<<< Group Activity: Average Activity Counts per Data Interval>>>>>>"
Group/Time[m] 2 4 6 8 10
"000_Group0" 28 23 36 38 27
"001_Group1" 34 19 17 27 7
"002_Group2" 39 26 19 27 17
"003_Group3" 21 6 0 0 2
"004_Group4" 1 0 0 0 0
"005_Group5" 28 26 26 35 31
"006_Group6" 10 3 0 0 0
"007_Group7" 7 13 6 5 5
"008_Group8" 22 23 5 9 4
"009_Group9" 6 15 4 7 0
"010_Group10" 13 11 8 3 13
"011_Group11" 24 31 19 16 0
"012_Group12" 22 17 8 14 5
"013_Group13" 22 12 14 11 15
"014_Group14" 25 31 33 15 16
"015_Group15" 20 25 44 20 22
"016_Group16" 12 7 13 10 9
"017_Group17" 19 13 16 10 9
"018_Group18" 19 10 7 9 9
"019_Group19" 13 5 5 17 11
"020_Group20" 32 19 32 17 14
"021_Group21" 6 7 15 9 10
"022_Group22" 28 26 14 12 10
"023_Group23" 13 13 11 16 11
"024_Group24" 31 24 8 10 8
"025_Group25" 21 10 7 0 0
"026_Group26" 28 5 0 12 0
"027_Group27" 2 0 3 1 0
"028_Group28" 26 12 1 0 0
"029_Group29" 12 8 19 5 0
"030_Group30" 8 9 11 7 6
"031_Group31" 3 4 1 0 0
"032_Group32" 21 31 36 25 21
"033_Group33" 9 12 11 14 15
"034_Group34" 29 36 12 15 22
"035_Group35" 17 25 24 36 20
"036_Group36" 25 33 29 37 28
"037_Group37" 18 13 11 16 17
"038_Group38" 17 10 16 11 12
"039_Group39" 23 27 23 19 25
"040_Group40" 0 0 0 0 0
"041_Group41" 0 0 0 0 0
"042_Group42" 0 0 0 0 0
"043_Group43" 0 0 0 0 0
"044_Group44" 0 0 0 0 0
"045_Group45" 0 0 0 0 0
"046_Group46" 0 0 0 0 0
"047_Group47" 0 0 0 0 0
"048_Group48" 41 35 14 13 3
"049_Group49" 42 13 31 36 15
"050_Group50" 10 9 8 13 21
"051_Group51" 9 0 0 2 3
"052_Group52" 9 15 6 12 4
"053_Group53" 4 0 2 0 0
"054_Group54" 27 0 2 0 0
"055_Group55" 0 0 1 7 1
"056_Group56" 15 11 11 23 17
"057_Group57" 45 29 20 13 2
"058_Group58" 18 8 13 10 18
"059_Group59" 7 28 18 13 11
"060_Group60" 26 23 5 8 18
"061_Group61" 28 33 17 20 26
"062_Group62" 19 16 21 21 14
"063_Group63" 15 13 13 13 7
"064_Group64" 14 6 3 3 5
"065_Group65" 20 21 13 23 11
"066_Group66" 49 39 21 25 30
"067_Group67" 18 12 6 13 22
"068_Group68" 33 25 11 20 31
"069_Group69" 22 40 45 24 35
"070_Group70" 38 45 24 31 16
"071_Group71" 16 15 16 11 13
"072_Group72" 18 15 12 13 12
"073_Group73" 23 16 25 13 10
"074_Group74" 31 30 16 8 14
"075_Group75" 16 15 16 14 11
"076_Group76" 31 16 22 13 17
"077_Group77" 17 9 16 21 17
"078_Group78" 16 17 8 10 17
"079_Group79" 8 10 9 10 18
"080_Group80" 14 20 14 18 18
"081_Group81" 17 15 7 9 13
"082_Group82" 8 14 10 11 8
"083_Group83" 19 17 18 13 12
"084_Group84" 11 13 11 21 13
"085_Group85" 15 12 6 10 17
"086_Group86" 14 14 10 17 11
"087_Group87" 10 16 11 6 16
"088_Group88" 8 13 9 20 13
"089_Group89" 9 5 9 7 18
"090_Group90" 15 11 16 19 4
"091_Group91" 23 10 8 9 6
"092_Group92" 7 0 0 0 0
"093_Group93" 22 16 9 13 9
"094_Group94" 5 0 0 1 0
"095_Group95" 9 7 7 6 18

"<<<<<< Group Activity: Number of wells/group >>>>>>"
Group/Time[m] 2 4 6 8 10
"000_Group0" 1 1 1 1 1
"001_Group1" 1 1 1 1 1
"002_Group2" 1 1 1 1 1
"003_Group3" 1 1 1 1 1
"004_Group4" 1 1 1 1 1
"005_Group5" 1 1 1 1 1
"006_Group6" 1 1 1 1 1
"007_Group7" 1 1 1 1 1
"008_Group8" 1 1 1 1 1
"009_Group9" 1 1 1 1 1
"010_Group10" 1 1 1 1 1
"011_Group11" 1 1 1 1 1
"012_Group12" 1 1 1 1 1
"013_Group13" 1 1 1 1 1
"014_Group14" 1 1 1 1 1
"015_Group15" 1 1 1 1 1
"016_Group16" 1 1 1 1 1
"017_Group17" 1 1 1 1 1
"018_Group18" 1 1 1 1 1
"019_Group19" 1 1 1 1 1
"020_Group20" 1 1 1 1 1
"021_Group21" 1 1 1 1 1
"022_Group22" 1 1 1 1 1
"023_Group23" 1 1 1 1 1
"024_Group24" 1 1 1 1 1
"025_Group25" 1 1 1 1 1
"026_Group26" 1 1 1 1 1
"027_Group27" 1 1 1 1 1
"028_Group28" 1 1 1 1 1
"029_Group29" 1 1 1 1 1
"030_Group30" 1 1 1 1 1
"031_Group31" 1 1 1 1 1
"032_Group32" 1 1 1 1 1
"033_Group33" 1 1 1 1 1
"034_Group34" 1 1 1 1 1
"035_Group35" 1 1 1 1 1
"036_Group36" 1 1 1 1 1
"037_Group37" 1 1 1 1 1
"038_Group38" 1 1 1 1 1
"039_Group39" 1 1 1 1 1
"040_Group40" 1 1 1 1 1
"041_Group41" 1 1 1 1 1
"042_Group42" 1 1 1 1 1
"043_Group43" 1 1 1 1 1
"044_Group44" 1 1 1 1 1
"045_Group45" 1 1 1 1 1
"046_Group46" 1 1 1 1 1
"047_Group47" 1 1 1 1 1
"048_Group48" 1 1 1 1 1
"049_Group49" 1 1 1 1 1
"050_Group50" 1 1 1 1 1
"051_Group51" 1 1 1 1 1
"052_Group52" 1 1 1 1 1
"053_Group53" 1 1 1 1 1
"054_Group54" 1 1 1 1 1
"055_Group55" 1 1 1 1 1
"056_Group56" 1 1 1 1 1
"057_Group57" 1 1 1 1 1
"058_Group58" 1 1 1 1 1
"059_Group59" 1 1 1 1 1
"060_Group60" 1 1 1 1 1
"061_Group61" 1 1 1 1 1
"062_Group62" 1 1 1 1 1
"063_Group63" 1 1 1 1 1
"064_Group64" 1 1 1 1 1
"065_Group65" 1 1 1 1 1
"066_Group66" 1 1 1 1 1
"067_Group67" 1 1 1 1 1
"068_Group68" 1 1 1 1 1
"069_Group69" 1 1 1 1 1
"070_Group70" 1 1 1 1 1
"071_Group71" 1 1 1 1 1
"072_Group72" 1 1 1 1 1
"073_Group73" 1 1 1 1 1
"074_Group74" 1 1 1 1 1
"075_Group75" 1 1 1 1 1
"076_Group76" 1 1 1 1 1
"077_Group77" 1 1 1 1 1
"078_Group78" 1 1 1 1 1
"079_Group79" 1 1 1 1 1
"080_Group80" 1 1 1 1 1
"081_Group81" 1 1 1 1 1
"082_Group82" 1 1 1 1 1
"083_Group83" 1 1 1 1 1
"084_Group84" 1 1 1 1 1
"085_Group85" 1 1 1 1 1
"086_Group86" 1 1 1 1 1
"087_Group87" 1 1 1 1 1
"088_Group88" 1 1 1 1 1
"089_Group89" 1 1 1 1 1
"090_Group90" 1 1 1 1 1
"091_Group91" 1 1 1 1 1
"092_Group92" 1 1 1 1 1
"093_Group93" 1 1 1 1 1
"094_Group94" 1 1 1 1 1
"095_Group95" 1 1 1 1 1

"<<<<<< Number of Samples per Acquisition Interval [1unit=500values] >>>>>>"
Time[m] 2 4 6 8 10 
#Samples 2 2 2 2 2 

"<<<<<< Average Temperature [°C] >>>>>>"
Time[m] 2 4 6 8 10 
Temp[°C] 21.8 21.8 21.8 21.8 21.8 

"<<<<<< Well Activity >>>>>>"
Well Group/Time[m] 2 4 6 8 10
A1 "000_Group0" 28 23 36 38 27
B1 "001_Group1" 34 19 17 27 7
C1 "002_Group2" 39 26 19 27 17
D1 "003_Group3" 21 6 0 0 2
E1 "004_Group4" 1 0 0 0 0
F1 "005_Group5" 28 26 26 35 31
G1 "006_Group6" 10 3 0 0 0
H1 "007_Group7" 7 13 6 5 5
A2 "008_Group8" 22 23 5 9 4
B2 "009_Group9" 6 15 4 7 0
C2 "010_Group10" 13 11 8 3 13
D2 "011_Group11" 24 31 19 16 0
E2 "012_Group12" 22 17 8 14 5
F2 "013_Group13" 22 12 14 11 15
G2 "014_Group14" 25 31 33 15 16
H2 "015_Group15" 20 25 44 20 22
A3 "016_Group16" 12 7 13 10 9
B3 "017_Group17" 19 13 16 10 9
C3 "018_Group18" 19 10 7 9 9
D3 "019_Group19" 13 5 5 17 11
E3 "020_Group20" 32 19 32 17 14
F3 "021_Group21" 6 7 15 9 10
G3 "022_Group22" 28 26 14 12 10
H3 "023_Group23" 13 13 11 16 11
A4 "024_Group24" 31 24 8 10 8
B4 "025_Group25" 21 10 7 0 0
C4 "026_Group26" 28 5 0 12 0
D4 "027_Group27" 2 0 3 1 0
E4 "028_Group28" 26 12 1 0 0
F4 "029_Group29" 12 8 19 5 0
G4 "030_Group30" 8 9 11 7 6
H4 "031_Group31" 3 4 1 0 0
A5 "032_Group32" 21 31 36 25 21
B5 "033_Group33" 9 12 11 14 15
C5 "034_Group34" 29 36 12 15 22
D5 "035_Group35" 17 25 24 36 20
E5 "036_Group36" 25 33 29 37 28
F5 "037_Group37" 18 13 11 16 17
G5 "038_Group38" 17 10 16 11 12
H5 "039_Group39" 23 27 23 19 25
A6 "040_Group40" 0 0 0 0 0
B6 "041_Group41" 0 0 0 0 0
C6 "042_Group42" 0 0 0 0 0
D6 "043_Group43" 0 0 0 0 0
E6 "044_Group44" 0 0 0 0 0
F6 "045_Group45" 0 0 0 0 0
G6 "046_Group46" 0 0 0 0 0
H6 "047_Group47" 0 0 0 0 0
A7 "048_Group48" 41 35 14 13 3
B7 "049_Group49" 42 13 31 36 15
C7 "050_Group50" 10 9 8 13 21
D7 "051_Group51" 9 0 0 2 3
E7 "052_Group52" 9 15 6 12 4
F7 "053_Group53" 4 0 2 0 0
G7 "054_Group54" 27 0 2 0 0
H7 "055_Group55" 0 0 1 7 1
A8 "056_Group56" 15 11 11 23 17
B8 "057_Group57" 45 29 20 13 2
C8 "058_Group58" 18 8 13 10 18
D8 "059_Group59" 7 28 18 13 11
E8 "060_Group60" 26 23 5 8 18
F8 "061_Group61" 28 33 17 20 26
G8 "062_Group62" 19 16 21 21 14
H8 "063_Group63" 15 13 13 13 7
A9 "064_Group64" 14 6 3 3 5
B9 "065_Group65" 20 21 13 23 11
C9 "066_Group66" 49 39 21 25 30
D9 "067_Group67" 18 12 6 13 22
E9 "068_Group68" 33 25 11 20 31
F9 "069_Group69" 22 40 45 24 35
G9 "070_Group70" 38 45 24 31 16
H9 "071_Group71" 16 15 16 11 13
A10 "072_Group72" 18 15 12 13 12
B10 "073_Group73" 23 16 25 13 10
C10 "074_Group74" 31 30 16 8 14
D10 "075_Group75" 16 15 16 14 11
E10 "076_Group76" 31 16 22 13 17
F10 "077_Group77" 17 9 16 21 17
G10 "078_Group78" 16 17 8 10 17
H10 "079_Group79" 8 10 9 10 18
A11 "080_Group80" 14 20 14 18 18
B11 "081_Group81" 17 15 7 9 13
C11 "082_Group82" 8 14 10 11 8
D11 "083_Group83" 19 17 18 13 12
E11 "084_Group84" 11 13 11 21 13
F11 "085_Group85" 15 12 6 10 17
G11 "086_Group86" 14 14 10 17 11
H11 "087_Group87" 10 16 11 6 16
A12 "088_Group88" 8 13 9 20 13
B12 "089_Group89" 9 5 9 7 18
C12 "090_Group90" 15 11 16 19 4
D12 "091_Group91" 23 10 8 9 6
E12 "092_Group92" 7 0 0 0 0
F12 "093_Group93" 22 16 9 13 9
G12 "094_Group94" 5 0 0 1 0
H12 "095_Group95" 9 7 7 6 18

"<<<<<< Channel Activity >>>>>>"
Channel Well Group/Time[m] 2 4 6 8 10
CH0 A1.0 "000_Group0" 28 23 36 38 27
CH2 B1.0 "001_Group1" 34 19 17 27 7
CH4 C1.0 "002_Group2" 39 26 19 27 17
CH6 D1.0 "003_Group3" 21 6 0 0 2
CH8 E1.0 "004_Group4" 1 0 0 0 0
CH10 F1.0 "005_Group5" 28 26 26 35 31
CH12 G1.0 "006_Group6" 10 3 0 0 0
CH14 H1.0 "007_Group7" 7 13 6 5 5
CH32 A2.0 "008_Group8" 22 23 5 9 4
CH34 B2.0 "009_Group9" 6 15 4 7 0
CH36 C2.0 "010_Group10" 13 11 8 3 13
CH38 D2.0 "011_Group11" 24 31 19 16 0
CH40 E2.0 "012_Group12" 22 17 8 14 5
CH42 F2.0 "013_Group13" 22 12 14 11 15
CH44 G2.0 "014_Group14" 25 31 33 15 16
CH46 H2.0 "015_Group15" 20 25 44 20 22
CH64 A3.0 "016_Group16" 12 7 13 10 9
CH66 B3.0 "017_Group17" 19 13 16 10 9
CH68 C3.0 "018_Group18" 19 10 7 9 9
CH70 D3.0 "019_Group19" 13 5 5 17 11
CH72 E3.0 "020_Group20" 32 19 32 17 14
CH74 F3.0 "021_Group21" 6 7 15 9 10
CH76 G3.0 "022_Group22" 28 26 14 12 10
CH78 H3.0 "023_Group23" 13 13 11 16 11
CH96 A4.0 "024_Group24" 31 24 8 10 8
CH98 B4.0 "025_Group25" 21 10 7 0 0
CH100 C4.0 "026_Group26" 28 5 0 12 0
CH102 D4.0 "027_Group27" 2 0 3 1 0
CH104 E4.0 "028_Group28" 26 12 1 0 0
CH106 F4.0 "029_Group29" 12 8 19 5 0
CH108 G4.0 "030_Group30" 8 9 11 7 6
CH110 H4.0 "031_Group31" 3 4 1 0 0
CH128 A5.0 "032_Group32" 21 31 36 25 21
CH130 B5.0 "033_Group33" 9 12 11 14 15
CH132 C5.0 "034_Group34" 29 36 12 15 22
CH134 D5.0 "035_Group35" 17 25 24 36 20
CH136 E5.0 "036_Group36" 25 33 29 37 28
CH138 F5.0 "037_Group37" 18 13 11 16 17
CH140 G5.0 "038_Group38" 17 10 16 11 12
CH142 H5.0 "039_Group39" 23 27 23 19 25
CH160 A6.0 "040_Group40" 0 0 0 0 0
CH162 B6.0 "041_Group41" 0 0 0 0 0
CH164 C6.0 "042_Group42" 0 0 0 0 0
CH166 D6.0 "043_Group43" 0 0 0 0 0
CH168 E6.0 "044_Group44" 0 0 0 0 0
CH170 F6.0 "045_Group45" 0 0 0 0 0
CH172 G6.0 "046_Group46" 0 0 0 0 0
CH174 H6.0 "047_Group47" 0 0 0 0 0
CH192 A7.0 "048_Group48" 41 35 14 13 3
CH194 B7.0 "049_Group49" 42 13 31 36 15
CH196 C7.0 "050_Group50" 10 9 8 13 21
CH198 D7.0 "051_Group51" 9 0 0 2 3
CH200 E7.0 "052_Group52" 9 15 6 12 4
CH202 F7.0 "053_Group53" 4 0 2 0 0
CH204 G7.0 "054_Group54" 27 0 2 0 0
CH206 H7.0 "055_Group55" 0 0 1 7 1
CH224 A8.0 "056_Group56" 15 11 11 23 17
CH226 B8.0 "057_Group57" 45 29 20 13 2
CH228 C8.0 "058_Group58" 18 8 13 10 18
CH230 D8.0 "059_Group59" 7 28 18 13 11
CH232 E8.0 "060_Group60" 26 23 5 8 18
CH234 F8.0 "061_Group61" 28 33 17 20 26
CH236 G8.0 "062_Group62" 19 16 21 21 14
CH238 H8.0 "063_Group63" 15 13 13 13 7
CH256 A9.0 "064_Group64" 14 6 3 3 5
CH258 B9.0 "065_Group65" 20 21 13 23 11
CH260 C9.0 "066_Group66" 49 39 21 25 30
CH262 D9.0 "067_Group67" 18 12 6 13 22
CH264 E9.0 "068_Group68" 33 25 11 20 31
CH266 F9.0 "069_Group69" 22 40 45 24 35
CH268 G9.0 "070_Group70" 38 45 24 31 16
CH270 H9.0 "071_Group71" 16 15 16 11 13
CH288 A10.0 "072_Group72" 18 15 12 13 12
CH290 B10.0 "073_Group73" 23 16 25 13 10
CH292 C10.0 "074_Group74" 31 30 16 8 14
CH294 D10.0 "075_Group75" 16 15 16 14 11
CH296 E10.0 "076_Group76" 31 16 22 13 17
CH298 F10.0 "077_Group77" 17 9 16 21 17
CH300 G10.0 "078_Group78" 16 17 8 10 17
CH302 H10.0 "079_Group79" 8 10 9 10 18
CH320 A11.0 "080_Group80" 14 20 14 18 18
CH322 B11.0 "081_Group81" 17 15 7 9 13
CH324 C11.0 "082_Group82" 8 14 10 11 8
CH326 D11.0 "083_Group83" 19 17 18 13 12
CH328 E11.0 "084_Group84" 11 13 11 21 13
CH330 F11.0 "085_Group85" 15 12 6 10 17
CH332 G11.0 "086_Group86" 14 14 10 17 11
CH334 H11.0 "087_Group87" 10 16 11 6 16
CH352 A12.0 "088_Group88" 8 13 9 20 13
CH354 B12.0 "089_Group89" 9 5 9 7 18
CH356 C12.0 "090_Group90" 15 11 16 19 4
CH358 D12.0 "091_Group91" 23 10 8 9 6
CH360 E12.0 "092_Group92" 7 0 0 0 0
CH362 F12.0 "093_Group93" 22 16 9 13 9
CH364 G12.0 "094_Group94" 5 0 0 1 0
CH366 H12.0 "095_Group95" 9 7 7 6 18
