"DATE:" "1/30/2015 8:47:22 AM"
"FILE:" "C:\Users\AndersenLab\Desktop\wmicrotracker\p00011\20150130_0835"
"SUBPROJECT:" "20150130_Longevity_2_2mgmL"

"<<<<<< Group Activity: Average Activity Counts per Data Interval>>>>>>"
Group/Time[m] 2 4 6 8 10
"000_Group0" 27 35 32 28 15
"001_Group1" 30 26 16 27 7
"002_Group2" 20 11 13 18 12
"003_Group3" 4 7 2 10 11
"004_Group4" 2 5 4 1 2
"005_Group5" 26 7 27 11 26
"006_Group6" 19 9 29 15 14
"007_Group7" 9 6 11 19 13
"008_Group8" 40 15 3 9 7
"009_Group9" 11 12 12 10 7
"010_Group10" 17 9 13 12 5
"011_Group11" 11 24 26 4 5
"012_Group12" 21 37 32 36 14
"013_Group13" 17 15 15 7 11
"014_Group14" 18 17 10 6 12
"015_Group15" 1 12 3 2 1
"016_Group16" 2 11 17 14 11
"017_Group17" 14 17 12 16 13
"018_Group18" 11 15 12 4 12
"019_Group19" 9 11 11 13 15
"020_Group20" 12 19 8 16 15
"021_Group21" 30 16 9 9 10
"022_Group22" 22 10 11 18 12
"023_Group23" 6 10 11 10 10
"024_Group24" 19 21 8 12 8
"025_Group25" 10 12 9 4 0
"026_Group26" 14 7 7 3 0
"027_Group27" 12 13 6 5 11
"028_Group28" 19 12 15 2 0
"029_Group29" 24 15 13 12 14
"030_Group30" 8 18 8 16 22
"031_Group31" 0 2 0 1 0
"032_Group32" 25 22 40 19 30
"033_Group33" 10 16 24 18 24
"034_Group34" 12 13 9 13 6
"035_Group35" 13 10 23 34 21
"036_Group36" 21 31 22 11 21
"037_Group37" 20 26 44 35 28
"038_Group38" 10 30 28 25 31
"039_Group39" 16 22 41 24 21
"040_Group40" 0 0 0 0 0
"041_Group41" 0 0 0 0 0
"042_Group42" 0 0 0 0 0
"043_Group43" 0 0 0 0 0
"044_Group44" 0 0 0 0 0
"045_Group45" 0 0 0 0 0
"046_Group46" 0 0 0 0 0
"047_Group47" 0 0 0 0 0
"048_Group48" 15 16 11 13 24
"049_Group49" 11 27 26 19 15
"050_Group50" 28 32 23 25 16
"051_Group51" 4 3 18 7 14
"052_Group52" 0 4 8 12 10
"053_Group53" 3 6 13 24 6
"054_Group54" 23 23 15 6 12
"055_Group55" 14 17 19 4 11
"056_Group56" 32 20 21 16 20
"057_Group57" 14 8 18 16 15
"058_Group58" 42 38 27 11 26
"059_Group59" 23 27 25 11 15
"060_Group60" 30 24 30 24 12
"061_Group61" 20 25 17 25 24
"062_Group62" 33 21 16 13 12
"063_Group63" 25 39 37 26 15
"064_Group64" 11 17 23 13 13
"065_Group65" 20 29 18 29 24
"066_Group66" 14 16 15 20 21
"067_Group67" 21 4 18 19 12
"068_Group68" 21 25 29 15 12
"069_Group69" 24 31 29 39 15
"070_Group70" 24 33 42 19 11
"071_Group71" 27 51 24 18 18
"072_Group72" 9 14 17 13 7
"073_Group73" 19 10 16 12 19
"074_Group74" 15 15 13 6 19
"075_Group75" 9 20 22 17 17
"076_Group76" 11 8 14 12 8
"077_Group77" 14 11 11 18 13
"078_Group78" 9 23 23 15 15
"079_Group79" 24 21 17 8 9
"080_Group80" 11 17 14 11 14
"081_Group81" 23 17 20 12 13
"082_Group82" 20 15 7 16 14
"083_Group83" 18 10 11 17 17
"084_Group84" 10 12 10 19 13
"085_Group85" 14 16 13 24 13
"086_Group86" 17 15 13 4 17
"087_Group87" 14 11 10 7 14
"088_Group88" 0 2 0 1 1
"089_Group89" 6 4 2 4 2
"090_Group90" 7 15 4 10 5
"091_Group91" 13 16 4 2 6
"092_Group92" 3 7 7 5 5
"093_Group93" 1 17 12 1 3
"094_Group94" 10 13 19 9 4
"095_Group95" 6 5 7 5 0

"<<<<<< Group Activity: Number of wells/group >>>>>>"
Group/Time[m] 2 4 6 8 10
"000_Group0" 1 1 1 1 1
"001_Group1" 1 1 1 1 1
"002_Group2" 1 1 1 1 1
"003_Group3" 1 1 1 1 1
"004_Group4" 1 1 1 1 1
"005_Group5" 1 1 1 1 1
"006_Group6" 1 1 1 1 1
"007_Group7" 1 1 1 1 1
"008_Group8" 1 1 1 1 1
"009_Group9" 1 1 1 1 1
"010_Group10" 1 1 1 1 1
"011_Group11" 1 1 1 1 1
"012_Group12" 1 1 1 1 1
"013_Group13" 1 1 1 1 1
"014_Group14" 1 1 1 1 1
"015_Group15" 1 1 1 1 1
"016_Group16" 1 1 1 1 1
"017_Group17" 1 1 1 1 1
"018_Group18" 1 1 1 1 1
"019_Group19" 1 1 1 1 1
"020_Group20" 1 1 1 1 1
"021_Group21" 1 1 1 1 1
"022_Group22" 1 1 1 1 1
"023_Group23" 1 1 1 1 1
"024_Group24" 1 1 1 1 1
"025_Group25" 1 1 1 1 1
"026_Group26" 1 1 1 1 1
"027_Group27" 1 1 1 1 1
"028_Group28" 1 1 1 1 1
"029_Group29" 1 1 1 1 1
"030_Group30" 1 1 1 1 1
"031_Group31" 1 1 1 1 1
"032_Group32" 1 1 1 1 1
"033_Group33" 1 1 1 1 1
"034_Group34" 1 1 1 1 1
"035_Group35" 1 1 1 1 1
"036_Group36" 1 1 1 1 1
"037_Group37" 1 1 1 1 1
"038_Group38" 1 1 1 1 1
"039_Group39" 1 1 1 1 1
"040_Group40" 1 1 1 1 1
"041_Group41" 1 1 1 1 1
"042_Group42" 1 1 1 1 1
"043_Group43" 1 1 1 1 1
"044_Group44" 1 1 1 1 1
"045_Group45" 1 1 1 1 1
"046_Group46" 1 1 1 1 1
"047_Group47" 1 1 1 1 1
"048_Group48" 1 1 1 1 1
"049_Group49" 1 1 1 1 1
"050_Group50" 1 1 1 1 1
"051_Group51" 1 1 1 1 1
"052_Group52" 1 1 1 1 1
"053_Group53" 1 1 1 1 1
"054_Group54" 1 1 1 1 1
"055_Group55" 1 1 1 1 1
"056_Group56" 1 1 1 1 1
"057_Group57" 1 1 1 1 1
"058_Group58" 1 1 1 1 1
"059_Group59" 1 1 1 1 1
"060_Group60" 1 1 1 1 1
"061_Group61" 1 1 1 1 1
"062_Group62" 1 1 1 1 1
"063_Group63" 1 1 1 1 1
"064_Group64" 1 1 1 1 1
"065_Group65" 1 1 1 1 1
"066_Group66" 1 1 1 1 1
"067_Group67" 1 1 1 1 1
"068_Group68" 1 1 1 1 1
"069_Group69" 1 1 1 1 1
"070_Group70" 1 1 1 1 1
"071_Group71" 1 1 1 1 1
"072_Group72" 1 1 1 1 1
"073_Group73" 1 1 1 1 1
"074_Group74" 1 1 1 1 1
"075_Group75" 1 1 1 1 1
"076_Group76" 1 1 1 1 1
"077_Group77" 1 1 1 1 1
"078_Group78" 1 1 1 1 1
"079_Group79" 1 1 1 1 1
"080_Group80" 1 1 1 1 1
"081_Group81" 1 1 1 1 1
"082_Group82" 1 1 1 1 1
"083_Group83" 1 1 1 1 1
"084_Group84" 1 1 1 1 1
"085_Group85" 1 1 1 1 1
"086_Group86" 1 1 1 1 1
"087_Group87" 1 1 1 1 1
"088_Group88" 1 1 1 1 1
"089_Group89" 1 1 1 1 1
"090_Group90" 1 1 1 1 1
"091_Group91" 1 1 1 1 1
"092_Group92" 1 1 1 1 1
"093_Group93" 1 1 1 1 1
"094_Group94" 1 1 1 1 1
"095_Group95" 1 1 1 1 1

"<<<<<< Number of Samples per Acquisition Interval [1unit=500values] >>>>>>"
Time[m] 2 4 6 8 10 
#Samples 2 2 2 2 2 

"<<<<<< Average Temperature [°C] >>>>>>"
Time[m] 2 4 6 8 10 
Temp[°C] 21.1 21.1 21.1 21.2 21.4 

"<<<<<< Well Activity >>>>>>"
Well Group/Time[m] 2 4 6 8 10
A1 "000_Group0" 27 35 32 28 15
B1 "001_Group1" 30 26 16 27 7
C1 "002_Group2" 20 11 13 18 12
D1 "003_Group3" 4 7 2 10 11
E1 "004_Group4" 2 5 4 1 2
F1 "005_Group5" 26 7 27 11 26
G1 "006_Group6" 19 9 29 15 14
H1 "007_Group7" 9 6 11 19 13
A2 "008_Group8" 40 15 3 9 7
B2 "009_Group9" 11 12 12 10 7
C2 "010_Group10" 17 9 13 12 5
D2 "011_Group11" 11 24 26 4 5
E2 "012_Group12" 21 37 32 36 14
F2 "013_Group13" 17 15 15 7 11
G2 "014_Group14" 18 17 10 6 12
H2 "015_Group15" 1 12 3 2 1
A3 "016_Group16" 2 11 17 14 11
B3 "017_Group17" 14 17 12 16 13
C3 "018_Group18" 11 15 12 4 12
D3 "019_Group19" 9 11 11 13 15
E3 "020_Group20" 12 19 8 16 15
F3 "021_Group21" 30 16 9 9 10
G3 "022_Group22" 22 10 11 18 12
H3 "023_Group23" 6 10 11 10 10
A4 "024_Group24" 19 21 8 12 8
B4 "025_Group25" 10 12 9 4 0
C4 "026_Group26" 14 7 7 3 0
D4 "027_Group27" 12 13 6 5 11
E4 "028_Group28" 19 12 15 2 0
F4 "029_Group29" 24 15 13 12 14
G4 "030_Group30" 8 18 8 16 22
H4 "031_Group31" 0 2 0 1 0
A5 "032_Group32" 25 22 40 19 30
B5 "033_Group33" 10 16 24 18 24
C5 "034_Group34" 12 13 9 13 6
D5 "035_Group35" 13 10 23 34 21
E5 "036_Group36" 21 31 22 11 21
F5 "037_Group37" 20 26 44 35 28
G5 "038_Group38" 10 30 28 25 31
H5 "039_Group39" 16 22 41 24 21
A6 "040_Group40" 0 0 0 0 0
B6 "041_Group41" 0 0 0 0 0
C6 "042_Group42" 0 0 0 0 0
D6 "043_Group43" 0 0 0 0 0
E6 "044_Group44" 0 0 0 0 0
F6 "045_Group45" 0 0 0 0 0
G6 "046_Group46" 0 0 0 0 0
H6 "047_Group47" 0 0 0 0 0
A7 "048_Group48" 15 16 11 13 24
B7 "049_Group49" 11 27 26 19 15
C7 "050_Group50" 28 32 23 25 16
D7 "051_Group51" 4 3 18 7 14
E7 "052_Group52" 0 4 8 12 10
F7 "053_Group53" 3 6 13 24 6
G7 "054_Group54" 23 23 15 6 12
H7 "055_Group55" 14 17 19 4 11
A8 "056_Group56" 32 20 21 16 20
B8 "057_Group57" 14 8 18 16 15
C8 "058_Group58" 42 38 27 11 26
D8 "059_Group59" 23 27 25 11 15
E8 "060_Group60" 30 24 30 24 12
F8 "061_Group61" 20 25 17 25 24
G8 "062_Group62" 33 21 16 13 12
H8 "063_Group63" 25 39 37 26 15
A9 "064_Group64" 11 17 23 13 13
B9 "065_Group65" 20 29 18 29 24
C9 "066_Group66" 14 16 15 20 21
D9 "067_Group67" 21 4 18 19 12
E9 "068_Group68" 21 25 29 15 12
F9 "069_Group69" 24 31 29 39 15
G9 "070_Group70" 24 33 42 19 11
H9 "071_Group71" 27 51 24 18 18
A10 "072_Group72" 9 14 17 13 7
B10 "073_Group73" 19 10 16 12 19
C10 "074_Group74" 15 15 13 6 19
D10 "075_Group75" 9 20 22 17 17
E10 "076_Group76" 11 8 14 12 8
F10 "077_Group77" 14 11 11 18 13
G10 "078_Group78" 9 23 23 15 15
H10 "079_Group79" 24 21 17 8 9
A11 "080_Group80" 11 17 14 11 14
B11 "081_Group81" 23 17 20 12 13
C11 "082_Group82" 20 15 7 16 14
D11 "083_Group83" 18 10 11 17 17
E11 "084_Group84" 10 12 10 19 13
F11 "085_Group85" 14 16 13 24 13
G11 "086_Group86" 17 15 13 4 17
H11 "087_Group87" 14 11 10 7 14
A12 "088_Group88" 0 2 0 1 1
B12 "089_Group89" 6 4 2 4 2
C12 "090_Group90" 7 15 4 10 5
D12 "091_Group91" 13 16 4 2 6
E12 "092_Group92" 3 7 7 5 5
F12 "093_Group93" 1 17 12 1 3
G12 "094_Group94" 10 13 19 9 4
H12 "095_Group95" 6 5 7 5 0

"<<<<<< Channel Activity >>>>>>"
Channel Well Group/Time[m] 2 4 6 8 10
CH0 A1.0 "000_Group0" 27 35 32 28 15
CH2 B1.0 "001_Group1" 30 26 16 27 7
CH4 C1.0 "002_Group2" 20 11 13 18 12
CH6 D1.0 "003_Group3" 4 7 2 10 11
CH8 E1.0 "004_Group4" 2 5 4 1 2
CH10 F1.0 "005_Group5" 26 7 27 11 26
CH12 G1.0 "006_Group6" 19 9 29 15 14
CH14 H1.0 "007_Group7" 9 6 11 19 13
CH32 A2.0 "008_Group8" 40 15 3 9 7
CH34 B2.0 "009_Group9" 11 12 12 10 7
CH36 C2.0 "010_Group10" 17 9 13 12 5
CH38 D2.0 "011_Group11" 11 24 26 4 5
CH40 E2.0 "012_Group12" 21 37 32 36 14
CH42 F2.0 "013_Group13" 17 15 15 7 11
CH44 G2.0 "014_Group14" 18 17 10 6 12
CH46 H2.0 "015_Group15" 1 12 3 2 1
CH64 A3.0 "016_Group16" 2 11 17 14 11
CH66 B3.0 "017_Group17" 14 17 12 16 13
CH68 C3.0 "018_Group18" 11 15 12 4 12
CH70 D3.0 "019_Group19" 9 11 11 13 15
CH72 E3.0 "020_Group20" 12 19 8 16 15
CH74 F3.0 "021_Group21" 30 16 9 9 10
CH76 G3.0 "022_Group22" 22 10 11 18 12
CH78 H3.0 "023_Group23" 6 10 11 10 10
CH96 A4.0 "024_Group24" 19 21 8 12 8
CH98 B4.0 "025_Group25" 10 12 9 4 0
CH100 C4.0 "026_Group26" 14 7 7 3 0
CH102 D4.0 "027_Group27" 12 13 6 5 11
CH104 E4.0 "028_Group28" 19 12 15 2 0
CH106 F4.0 "029_Group29" 24 15 13 12 14
CH108 G4.0 "030_Group30" 8 18 8 16 22
CH110 H4.0 "031_Group31" 0 2 0 1 0
CH128 A5.0 "032_Group32" 25 22 40 19 30
CH130 B5.0 "033_Group33" 10 16 24 18 24
CH132 C5.0 "034_Group34" 12 13 9 13 6
CH134 D5.0 "035_Group35" 13 10 23 34 21
CH136 E5.0 "036_Group36" 21 31 22 11 21
CH138 F5.0 "037_Group37" 20 26 44 35 28
CH140 G5.0 "038_Group38" 10 30 28 25 31
CH142 H5.0 "039_Group39" 16 22 41 24 21
CH160 A6.0 "040_Group40" 0 0 0 0 0
CH162 B6.0 "041_Group41" 0 0 0 0 0
CH164 C6.0 "042_Group42" 0 0 0 0 0
CH166 D6.0 "043_Group43" 0 0 0 0 0
CH168 E6.0 "044_Group44" 0 0 0 0 0
CH170 F6.0 "045_Group45" 0 0 0 0 0
CH172 G6.0 "046_Group46" 0 0 0 0 0
CH174 H6.0 "047_Group47" 0 0 0 0 0
CH192 A7.0 "048_Group48" 15 16 11 13 24
CH194 B7.0 "049_Group49" 11 27 26 19 15
CH196 C7.0 "050_Group50" 28 32 23 25 16
CH198 D7.0 "051_Group51" 4 3 18 7 14
CH200 E7.0 "052_Group52" 0 4 8 12 10
CH202 F7.0 "053_Group53" 3 6 13 24 6
CH204 G7.0 "054_Group54" 23 23 15 6 12
CH206 H7.0 "055_Group55" 14 17 19 4 11
CH224 A8.0 "056_Group56" 32 20 21 16 20
CH226 B8.0 "057_Group57" 14 8 18 16 15
CH228 C8.0 "058_Group58" 42 38 27 11 26
CH230 D8.0 "059_Group59" 23 27 25 11 15
CH232 E8.0 "060_Group60" 30 24 30 24 12
CH234 F8.0 "061_Group61" 20 25 17 25 24
CH236 G8.0 "062_Group62" 33 21 16 13 12
CH238 H8.0 "063_Group63" 25 39 37 26 15
CH256 A9.0 "064_Group64" 11 17 23 13 13
CH258 B9.0 "065_Group65" 20 29 18 29 24
CH260 C9.0 "066_Group66" 14 16 15 20 21
CH262 D9.0 "067_Group67" 21 4 18 19 12
CH264 E9.0 "068_Group68" 21 25 29 15 12
CH266 F9.0 "069_Group69" 24 31 29 39 15
CH268 G9.0 "070_Group70" 24 33 42 19 11
CH270 H9.0 "071_Group71" 27 51 24 18 18
CH288 A10.0 "072_Group72" 9 14 17 13 7
CH290 B10.0 "073_Group73" 19 10 16 12 19
CH292 C10.0 "074_Group74" 15 15 13 6 19
CH294 D10.0 "075_Group75" 9 20 22 17 17
CH296 E10.0 "076_Group76" 11 8 14 12 8
CH298 F10.0 "077_Group77" 14 11 11 18 13
CH300 G10.0 "078_Group78" 9 23 23 15 15
CH302 H10.0 "079_Group79" 24 21 17 8 9
CH320 A11.0 "080_Group80" 11 17 14 11 14
CH322 B11.0 "081_Group81" 23 17 20 12 13
CH324 C11.0 "082_Group82" 20 15 7 16 14
CH326 D11.0 "083_Group83" 18 10 11 17 17
CH328 E11.0 "084_Group84" 10 12 10 19 13
CH330 F11.0 "085_Group85" 14 16 13 24 13
CH332 G11.0 "086_Group86" 17 15 13 4 17
CH334 H11.0 "087_Group87" 14 11 10 7 14
CH352 A12.0 "088_Group88" 0 2 0 1 1
CH354 B12.0 "089_Group89" 6 4 2 4 2
CH356 C12.0 "090_Group90" 7 15 4 10 5
CH358 D12.0 "091_Group91" 13 16 4 2 6
CH360 E12.0 "092_Group92" 3 7 7 5 5
CH362 F12.0 "093_Group93" 1 17 12 1 3
CH364 G12.0 "094_Group94" 10 13 19 9 4
CH366 H12.0 "095_Group95" 6 5 7 5 0
