"DATE:" "1/31/2015 9:32:03 AM"
"FILE:" "C:\Users\AndersenLab\Desktop\wmicrotracker\p00011\20150131_0917"
"SUBPROJECT:" "20150131_Longevity_2_2mgmL"

"<<<<<< Group Activity: Average Activity Counts per Data Interval>>>>>>"
Group/Time[m] 2 4 6 8 10
"000_Group0" 12 22 35 25 25
"001_Group1" 1 11 8 11 9
"002_Group2" 19 17 26 19 10
"003_Group3" 12 3 17 16 27
"004_Group4" 7 7 11 14 18
"005_Group5" 9 24 14 13 11
"006_Group6" 14 24 5 24 19
"007_Group7" 33 33 27 31 15
"008_Group8" 37 27 26 7 7
"009_Group9" 20 25 22 41 13
"010_Group10" 28 27 13 12 10
"011_Group11" 31 12 17 5 18
"012_Group12" 13 13 7 7 3
"013_Group13" 14 14 15 3 6
"014_Group14" 32 22 21 17 16
"015_Group15" 11 11 12 10 4
"016_Group16" 9 13 6 7 6
"017_Group17" 23 4 6 16 6
"018_Group18" 13 15 24 4 3
"019_Group19" 31 27 10 13 8
"020_Group20" 21 13 32 12 9
"021_Group21" 38 24 16 7 7
"022_Group22" 13 27 24 13 12
"023_Group23" 9 13 14 17 6
"024_Group24" 23 35 39 11 25
"025_Group25" 10 10 6 8 2
"026_Group26" 10 11 6 0 0
"027_Group27" 0 0 0 0 0
"028_Group28" 26 16 6 0 0
"029_Group29" 18 25 21 23 2
"030_Group30" 35 30 15 3 1
"031_Group31" 7 8 0 0 8
"032_Group32" 27 27 17 37 24
"033_Group33" 30 38 29 25 12
"034_Group34" 21 9 6 13 11
"035_Group35" 15 9 21 10 16
"036_Group36" 16 41 18 23 23
"037_Group37" 23 20 27 24 13
"038_Group38" 26 34 18 27 7
"039_Group39" 15 47 34 27 15
"040_Group40" 0 0 0 0 0
"041_Group41" 0 0 0 0 0
"042_Group42" 0 0 0 0 0
"043_Group43" 0 0 0 0 0
"044_Group44" 0 0 0 0 0
"045_Group45" 0 0 0 0 0
"046_Group46" 0 0 0 0 0
"047_Group47" 0 0 0 0 0
"048_Group48" 21 23 13 13 17
"049_Group49" 12 19 4 12 15
"050_Group50" 15 16 38 20 19
"051_Group51" 21 17 15 12 16
"052_Group52" 24 24 18 17 17
"053_Group53" 35 42 35 34 19
"054_Group54" 6 19 18 11 12
"055_Group55" 16 17 5 3 3
"056_Group56" 25 22 26 33 17
"057_Group57" 33 29 8 15 10
"058_Group58" 4 13 13 9 15
"059_Group59" 9 25 14 17 19
"060_Group60" 37 21 14 17 7
"061_Group61" 19 18 13 12 18
"062_Group62" 32 26 20 15 27
"063_Group63" 36 30 11 15 23
"064_Group64" 4 12 6 9 6
"065_Group65" 15 26 40 28 20
"066_Group66" 22 9 16 24 26
"067_Group67" 20 25 21 14 14
"068_Group68" 7 16 16 16 29
"069_Group69" 15 18 36 17 31
"070_Group70" 17 23 34 23 22
"071_Group71" 19 41 40 28 27
"072_Group72" 13 14 15 11 9
"073_Group73" 10 22 9 10 10
"074_Group74" 21 24 23 17 11
"075_Group75" 8 13 6 17 9
"076_Group76" 18 9 10 7 5
"077_Group77" 18 31 9 12 6
"078_Group78" 14 34 41 14 22
"079_Group79" 22 38 17 24 15
"080_Group80" 14 14 10 14 11
"081_Group81" 18 6 15 5 16
"082_Group82" 17 9 10 6 2
"083_Group83" 15 19 11 13 19
"084_Group84" 13 9 17 3 7
"085_Group85" 12 20 10 6 16
"086_Group86" 12 12 15 21 10
"087_Group87" 18 17 9 9 10
"088_Group88" 10 11 0 0 0
"089_Group89" 0 0 1 0 1
"090_Group90" 13 6 4 11 4
"091_Group91" 31 24 10 1 7
"092_Group92" 3 3 1 0 2
"093_Group93" 15 10 8 4 2
"094_Group94" 13 7 0 12 7
"095_Group95" 11 6 4 2 5

"<<<<<< Group Activity: Number of wells/group >>>>>>"
Group/Time[m] 2 4 6 8 10
"000_Group0" 1 1 1 1 1
"001_Group1" 1 1 1 1 1
"002_Group2" 1 1 1 1 1
"003_Group3" 1 1 1 1 1
"004_Group4" 1 1 1 1 1
"005_Group5" 1 1 1 1 1
"006_Group6" 1 1 1 1 1
"007_Group7" 1 1 1 1 1
"008_Group8" 1 1 1 1 1
"009_Group9" 1 1 1 1 1
"010_Group10" 1 1 1 1 1
"011_Group11" 1 1 1 1 1
"012_Group12" 1 1 1 1 1
"013_Group13" 1 1 1 1 1
"014_Group14" 1 1 1 1 1
"015_Group15" 1 1 1 1 1
"016_Group16" 1 1 1 1 1
"017_Group17" 1 1 1 1 1
"018_Group18" 1 1 1 1 1
"019_Group19" 1 1 1 1 1
"020_Group20" 1 1 1 1 1
"021_Group21" 1 1 1 1 1
"022_Group22" 1 1 1 1 1
"023_Group23" 1 1 1 1 1
"024_Group24" 1 1 1 1 1
"025_Group25" 1 1 1 1 1
"026_Group26" 1 1 1 1 1
"027_Group27" 1 1 1 1 1
"028_Group28" 1 1 1 1 1
"029_Group29" 1 1 1 1 1
"030_Group30" 1 1 1 1 1
"031_Group31" 1 1 1 1 1
"032_Group32" 1 1 1 1 1
"033_Group33" 1 1 1 1 1
"034_Group34" 1 1 1 1 1
"035_Group35" 1 1 1 1 1
"036_Group36" 1 1 1 1 1
"037_Group37" 1 1 1 1 1
"038_Group38" 1 1 1 1 1
"039_Group39" 1 1 1 1 1
"040_Group40" 1 1 1 1 1
"041_Group41" 1 1 1 1 1
"042_Group42" 1 1 1 1 1
"043_Group43" 1 1 1 1 1
"044_Group44" 1 1 1 1 1
"045_Group45" 1 1 1 1 1
"046_Group46" 1 1 1 1 1
"047_Group47" 1 1 1 1 1
"048_Group48" 1 1 1 1 1
"049_Group49" 1 1 1 1 1
"050_Group50" 1 1 1 1 1
"051_Group51" 1 1 1 1 1
"052_Group52" 1 1 1 1 1
"053_Group53" 1 1 1 1 1
"054_Group54" 1 1 1 1 1
"055_Group55" 1 1 1 1 1
"056_Group56" 1 1 1 1 1
"057_Group57" 1 1 1 1 1
"058_Group58" 1 1 1 1 1
"059_Group59" 1 1 1 1 1
"060_Group60" 1 1 1 1 1
"061_Group61" 1 1 1 1 1
"062_Group62" 1 1 1 1 1
"063_Group63" 1 1 1 1 1
"064_Group64" 1 1 1 1 1
"065_Group65" 1 1 1 1 1
"066_Group66" 1 1 1 1 1
"067_Group67" 1 1 1 1 1
"068_Group68" 1 1 1 1 1
"069_Group69" 1 1 1 1 1
"070_Group70" 1 1 1 1 1
"071_Group71" 1 1 1 1 1
"072_Group72" 1 1 1 1 1
"073_Group73" 1 1 1 1 1
"074_Group74" 1 1 1 1 1
"075_Group75" 1 1 1 1 1
"076_Group76" 1 1 1 1 1
"077_Group77" 1 1 1 1 1
"078_Group78" 1 1 1 1 1
"079_Group79" 1 1 1 1 1
"080_Group80" 1 1 1 1 1
"081_Group81" 1 1 1 1 1
"082_Group82" 1 1 1 1 1
"083_Group83" 1 1 1 1 1
"084_Group84" 1 1 1 1 1
"085_Group85" 1 1 1 1 1
"086_Group86" 1 1 1 1 1
"087_Group87" 1 1 1 1 1
"088_Group88" 1 1 1 1 1
"089_Group89" 1 1 1 1 1
"090_Group90" 1 1 1 1 1
"091_Group91" 1 1 1 1 1
"092_Group92" 1 1 1 1 1
"093_Group93" 1 1 1 1 1
"094_Group94" 1 1 1 1 1
"095_Group95" 1 1 1 1 1

"<<<<<< Number of Samples per Acquisition Interval [1unit=500values] >>>>>>"
Time[m] 2 4 6 8 10 
#Samples 2 2 2 2 2 

"<<<<<< Average Temperature [°C] >>>>>>"
Time[m] 2 4 6 8 10 
Temp[°C] 21.8 21.8 21.8 21.8 21.8 

"<<<<<< Well Activity >>>>>>"
Well Group/Time[m] 2 4 6 8 10
A1 "000_Group0" 12 22 35 25 25
B1 "001_Group1" 1 11 8 11 9
C1 "002_Group2" 19 17 26 19 10
D1 "003_Group3" 12 3 17 16 27
E1 "004_Group4" 7 7 11 14 18
F1 "005_Group5" 9 24 14 13 11
G1 "006_Group6" 14 24 5 24 19
H1 "007_Group7" 33 33 27 31 15
A2 "008_Group8" 37 27 26 7 7
B2 "009_Group9" 20 25 22 41 13
C2 "010_Group10" 28 27 13 12 10
D2 "011_Group11" 31 12 17 5 18
E2 "012_Group12" 13 13 7 7 3
F2 "013_Group13" 14 14 15 3 6
G2 "014_Group14" 32 22 21 17 16
H2 "015_Group15" 11 11 12 10 4
A3 "016_Group16" 9 13 6 7 6
B3 "017_Group17" 23 4 6 16 6
C3 "018_Group18" 13 15 24 4 3
D3 "019_Group19" 31 27 10 13 8
E3 "020_Group20" 21 13 32 12 9
F3 "021_Group21" 38 24 16 7 7
G3 "022_Group22" 13 27 24 13 12
H3 "023_Group23" 9 13 14 17 6
A4 "024_Group24" 23 35 39 11 25
B4 "025_Group25" 10 10 6 8 2
C4 "026_Group26" 10 11 6 0 0
D4 "027_Group27" 0 0 0 0 0
E4 "028_Group28" 26 16 6 0 0
F4 "029_Group29" 18 25 21 23 2
G4 "030_Group30" 35 30 15 3 1
H4 "031_Group31" 7 8 0 0 8
A5 "032_Group32" 27 27 17 37 24
B5 "033_Group33" 30 38 29 25 12
C5 "034_Group34" 21 9 6 13 11
D5 "035_Group35" 15 9 21 10 16
E5 "036_Group36" 16 41 18 23 23
F5 "037_Group37" 23 20 27 24 13
G5 "038_Group38" 26 34 18 27 7
H5 "039_Group39" 15 47 34 27 15
A6 "040_Group40" 0 0 0 0 0
B6 "041_Group41" 0 0 0 0 0
C6 "042_Group42" 0 0 0 0 0
D6 "043_Group43" 0 0 0 0 0
E6 "044_Group44" 0 0 0 0 0
F6 "045_Group45" 0 0 0 0 0
G6 "046_Group46" 0 0 0 0 0
H6 "047_Group47" 0 0 0 0 0
A7 "048_Group48" 21 23 13 13 17
B7 "049_Group49" 12 19 4 12 15
C7 "050_Group50" 15 16 38 20 19
D7 "051_Group51" 21 17 15 12 16
E7 "052_Group52" 24 24 18 17 17
F7 "053_Group53" 35 42 35 34 19
G7 "054_Group54" 6 19 18 11 12
H7 "055_Group55" 16 17 5 3 3
A8 "056_Group56" 25 22 26 33 17
B8 "057_Group57" 33 29 8 15 10
C8 "058_Group58" 4 13 13 9 15
D8 "059_Group59" 9 25 14 17 19
E8 "060_Group60" 37 21 14 17 7
F8 "061_Group61" 19 18 13 12 18
G8 "062_Group62" 32 26 20 15 27
H8 "063_Group63" 36 30 11 15 23
A9 "064_Group64" 4 12 6 9 6
B9 "065_Group65" 15 26 40 28 20
C9 "066_Group66" 22 9 16 24 26
D9 "067_Group67" 20 25 21 14 14
E9 "068_Group68" 7 16 16 16 29
F9 "069_Group69" 15 18 36 17 31
G9 "070_Group70" 17 23 34 23 22
H9 "071_Group71" 19 41 40 28 27
A10 "072_Group72" 13 14 15 11 9
B10 "073_Group73" 10 22 9 10 10
C10 "074_Group74" 21 24 23 17 11
D10 "075_Group75" 8 13 6 17 9
E10 "076_Group76" 18 9 10 7 5
F10 "077_Group77" 18 31 9 12 6
G10 "078_Group78" 14 34 41 14 22
H10 "079_Group79" 22 38 17 24 15
A11 "080_Group80" 14 14 10 14 11
B11 "081_Group81" 18 6 15 5 16
C11 "082_Group82" 17 9 10 6 2
D11 "083_Group83" 15 19 11 13 19
E11 "084_Group84" 13 9 17 3 7
F11 "085_Group85" 12 20 10 6 16
G11 "086_Group86" 12 12 15 21 10
H11 "087_Group87" 18 17 9 9 10
A12 "088_Group88" 10 11 0 0 0
B12 "089_Group89" 0 0 1 0 1
C12 "090_Group90" 13 6 4 11 4
D12 "091_Group91" 31 24 10 1 7
E12 "092_Group92" 3 3 1 0 2
F12 "093_Group93" 15 10 8 4 2
G12 "094_Group94" 13 7 0 12 7
H12 "095_Group95" 11 6 4 2 5

"<<<<<< Channel Activity >>>>>>"
Channel Well Group/Time[m] 2 4 6 8 10
CH0 A1.0 "000_Group0" 12 22 35 25 25
CH2 B1.0 "001_Group1" 1 11 8 11 9
CH4 C1.0 "002_Group2" 19 17 26 19 10
CH6 D1.0 "003_Group3" 12 3 17 16 27
CH8 E1.0 "004_Group4" 7 7 11 14 18
CH10 F1.0 "005_Group5" 9 24 14 13 11
CH12 G1.0 "006_Group6" 14 24 5 24 19
CH14 H1.0 "007_Group7" 33 33 27 31 15
CH32 A2.0 "008_Group8" 37 27 26 7 7
CH34 B2.0 "009_Group9" 20 25 22 41 13
CH36 C2.0 "010_Group10" 28 27 13 12 10
CH38 D2.0 "011_Group11" 31 12 17 5 18
CH40 E2.0 "012_Group12" 13 13 7 7 3
CH42 F2.0 "013_Group13" 14 14 15 3 6
CH44 G2.0 "014_Group14" 32 22 21 17 16
CH46 H2.0 "015_Group15" 11 11 12 10 4
CH64 A3.0 "016_Group16" 9 13 6 7 6
CH66 B3.0 "017_Group17" 23 4 6 16 6
CH68 C3.0 "018_Group18" 13 15 24 4 3
CH70 D3.0 "019_Group19" 31 27 10 13 8
CH72 E3.0 "020_Group20" 21 13 32 12 9
CH74 F3.0 "021_Group21" 38 24 16 7 7
CH76 G3.0 "022_Group22" 13 27 24 13 12
CH78 H3.0 "023_Group23" 9 13 14 17 6
CH96 A4.0 "024_Group24" 23 35 39 11 25
CH98 B4.0 "025_Group25" 10 10 6 8 2
CH100 C4.0 "026_Group26" 10 11 6 0 0
CH102 D4.0 "027_Group27" 0 0 0 0 0
CH104 E4.0 "028_Group28" 26 16 6 0 0
CH106 F4.0 "029_Group29" 18 25 21 23 2
CH108 G4.0 "030_Group30" 35 30 15 3 1
CH110 H4.0 "031_Group31" 7 8 0 0 8
CH128 A5.0 "032_Group32" 27 27 17 37 24
CH130 B5.0 "033_Group33" 30 38 29 25 12
CH132 C5.0 "034_Group34" 21 9 6 13 11
CH134 D5.0 "035_Group35" 15 9 21 10 16
CH136 E5.0 "036_Group36" 16 41 18 23 23
CH138 F5.0 "037_Group37" 23 20 27 24 13
CH140 G5.0 "038_Group38" 26 34 18 27 7
CH142 H5.0 "039_Group39" 15 47 34 27 15
CH160 A6.0 "040_Group40" 0 0 0 0 0
CH162 B6.0 "041_Group41" 0 0 0 0 0
CH164 C6.0 "042_Group42" 0 0 0 0 0
CH166 D6.0 "043_Group43" 0 0 0 0 0
CH168 E6.0 "044_Group44" 0 0 0 0 0
CH170 F6.0 "045_Group45" 0 0 0 0 0
CH172 G6.0 "046_Group46" 0 0 0 0 0
CH174 H6.0 "047_Group47" 0 0 0 0 0
CH192 A7.0 "048_Group48" 21 23 13 13 17
CH194 B7.0 "049_Group49" 12 19 4 12 15
CH196 C7.0 "050_Group50" 15 16 38 20 19
CH198 D7.0 "051_Group51" 21 17 15 12 16
CH200 E7.0 "052_Group52" 24 24 18 17 17
CH202 F7.0 "053_Group53" 35 42 35 34 19
CH204 G7.0 "054_Group54" 6 19 18 11 12
CH206 H7.0 "055_Group55" 16 17 5 3 3
CH224 A8.0 "056_Group56" 25 22 26 33 17
CH226 B8.0 "057_Group57" 33 29 8 15 10
CH228 C8.0 "058_Group58" 4 13 13 9 15
CH230 D8.0 "059_Group59" 9 25 14 17 19
CH232 E8.0 "060_Group60" 37 21 14 17 7
CH234 F8.0 "061_Group61" 19 18 13 12 18
CH236 G8.0 "062_Group62" 32 26 20 15 27
CH238 H8.0 "063_Group63" 36 30 11 15 23
CH256 A9.0 "064_Group64" 4 12 6 9 6
CH258 B9.0 "065_Group65" 15 26 40 28 20
CH260 C9.0 "066_Group66" 22 9 16 24 26
CH262 D9.0 "067_Group67" 20 25 21 14 14
CH264 E9.0 "068_Group68" 7 16 16 16 29
CH266 F9.0 "069_Group69" 15 18 36 17 31
CH268 G9.0 "070_Group70" 17 23 34 23 22
CH270 H9.0 "071_Group71" 19 41 40 28 27
CH288 A10.0 "072_Group72" 13 14 15 11 9
CH290 B10.0 "073_Group73" 10 22 9 10 10
CH292 C10.0 "074_Group74" 21 24 23 17 11
CH294 D10.0 "075_Group75" 8 13 6 17 9
CH296 E10.0 "076_Group76" 18 9 10 7 5
CH298 F10.0 "077_Group77" 18 31 9 12 6
CH300 G10.0 "078_Group78" 14 34 41 14 22
CH302 H10.0 "079_Group79" 22 38 17 24 15
CH320 A11.0 "080_Group80" 14 14 10 14 11
CH322 B11.0 "081_Group81" 18 6 15 5 16
CH324 C11.0 "082_Group82" 17 9 10 6 2
CH326 D11.0 "083_Group83" 15 19 11 13 19
CH328 E11.0 "084_Group84" 13 9 17 3 7
CH330 F11.0 "085_Group85" 12 20 10 6 16
CH332 G11.0 "086_Group86" 12 12 15 21 10
CH334 H11.0 "087_Group87" 18 17 9 9 10
CH352 A12.0 "088_Group88" 10 11 0 0 0
CH354 B12.0 "089_Group89" 0 0 1 0 1
CH356 C12.0 "090_Group90" 13 6 4 11 4
CH358 D12.0 "091_Group91" 31 24 10 1 7
CH360 E12.0 "092_Group92" 3 3 1 0 2
CH362 F12.0 "093_Group93" 15 10 8 4 2
CH364 G12.0 "094_Group94" 13 7 0 12 7
CH366 H12.0 "095_Group95" 11 6 4 2 5
