"DATE:" "1/27/2015 8:56:51 AM"
"FILE:" "C:\Users\AndersenLab\Desktop\wmicrotracker\p00011\20150127_0845"
"SUBPROJECT:" "20150127_Longevity_2_2mgmL"

"<<<<<< Group Activity: Average Activity Counts per Data Interval>>>>>>"
Group/Time[m] 2 4 6 8 10
"000_Group0" 37 43 55 27 46
"001_Group1" 34 20 22 32 34
"002_Group2" 38 33 28 27 32
"003_Group3" 35 22 26 22 21
"004_Group4" 5 15 17 28 19
"005_Group5" 43 28 23 34 30
"006_Group6" 5 5 1 0 4
"007_Group7" 0 1 0 0 0
"008_Group8" 31 27 36 23 34
"009_Group9" 25 33 21 22 24
"010_Group10" 32 39 35 30 30
"011_Group11" 15 39 40 29 36
"012_Group12" 29 35 30 26 29
"013_Group13" 26 15 29 29 23
"014_Group14" 40 25 40 34 41
"015_Group15" 34 21 20 18 11
"016_Group16" 19 33 11 12 10
"017_Group17" 15 17 17 15 15
"018_Group18" 12 16 15 13 19
"019_Group19" 10 31 28 8 12
"020_Group20" 31 22 31 29 22
"021_Group21" 33 23 11 18 17
"022_Group22" 13 15 19 31 31
"023_Group23" 35 27 32 27 21
"024_Group24" 19 30 33 17 19
"025_Group25" 25 27 26 22 14
"026_Group26" 36 21 30 30 31
"027_Group27" 9 1 1 6 5
"028_Group28" 19 27 16 4 4
"029_Group29" 34 29 16 11 23
"030_Group30" 13 5 8 9 3
"031_Group31" 15 7 6 3 0
"032_Group32" 17 24 24 15 19
"033_Group33" 18 29 20 19 17
"034_Group34" 13 13 8 11 15
"035_Group35" 25 33 36 28 23
"036_Group36" 24 20 29 11 17
"037_Group37" 44 46 38 24 22
"038_Group38" 4 10 25 16 19
"039_Group39" 14 24 28 14 39
"040_Group40" 0 0 0 1 0
"041_Group41" 0 0 0 1 0
"042_Group42" 0 0 0 0 0
"043_Group43" 0 0 0 0 0
"044_Group44" 0 0 0 0 0
"045_Group45" 0 0 0 0 0
"046_Group46" 0 0 0 0 0
"047_Group47" 0 0 0 0 0
"048_Group48" 31 28 34 19 21
"049_Group49" 27 23 17 23 26
"050_Group50" 17 36 30 12 15
"051_Group51" 26 20 31 18 23
"052_Group52" 6 16 19 23 16
"053_Group53" 46 24 19 23 17
"054_Group54" 1 28 27 25 18
"055_Group55" 29 15 22 26 25
"056_Group56" 11 16 14 12 16
"057_Group57" 14 5 16 6 8
"058_Group58" 9 11 19 9 12
"059_Group59" 10 11 14 22 16
"060_Group60" 14 46 12 15 13
"061_Group61" 10 22 11 15 12
"062_Group62" 28 9 15 17 12
"063_Group63" 27 15 17 14 16
"064_Group64" 2 10 6 11 21
"065_Group65" 19 16 17 15 17
"066_Group66" 24 31 18 23 35
"067_Group67" 42 29 34 15 22
"068_Group68" 21 20 15 17 18
"069_Group69" 32 27 25 27 29
"070_Group70" 24 32 25 22 20
"071_Group71" 11 18 18 23 23
"072_Group72" 16 14 14 16 13
"073_Group73" 20 22 31 23 18
"074_Group74" 29 33 33 43 36
"075_Group75" 22 15 21 17 22
"076_Group76" 24 21 28 34 18
"077_Group77" 36 27 28 13 20
"078_Group78" 22 20 19 17 17
"079_Group79" 22 20 20 13 23
"080_Group80" 19 17 20 22 18
"081_Group81" 13 14 23 18 22
"082_Group82" 15 13 14 16 9
"083_Group83" 15 12 7 16 15
"084_Group84" 13 29 12 13 11
"085_Group85" 15 21 19 11 13
"086_Group86" 10 23 16 20 15
"087_Group87" 4 14 12 4 11
"088_Group88" 25 19 18 22 11
"089_Group89" 21 17 17 9 17
"090_Group90" 24 16 18 13 10
"091_Group91" 17 19 16 32 20
"092_Group92" 21 19 12 13 11
"093_Group93" 12 16 27 15 27
"094_Group94" 12 14 27 6 11
"095_Group95" 16 18 13 13 26

"<<<<<< Group Activity: Number of wells/group >>>>>>"
Group/Time[m] 2 4 6 8 10
"000_Group0" 1 1 1 1 1
"001_Group1" 1 1 1 1 1
"002_Group2" 1 1 1 1 1
"003_Group3" 1 1 1 1 1
"004_Group4" 1 1 1 1 1
"005_Group5" 1 1 1 1 1
"006_Group6" 1 1 1 1 1
"007_Group7" 1 1 1 1 1
"008_Group8" 1 1 1 1 1
"009_Group9" 1 1 1 1 1
"010_Group10" 1 1 1 1 1
"011_Group11" 1 1 1 1 1
"012_Group12" 1 1 1 1 1
"013_Group13" 1 1 1 1 1
"014_Group14" 1 1 1 1 1
"015_Group15" 1 1 1 1 1
"016_Group16" 1 1 1 1 1
"017_Group17" 1 1 1 1 1
"018_Group18" 1 1 1 1 1
"019_Group19" 1 1 1 1 1
"020_Group20" 1 1 1 1 1
"021_Group21" 1 1 1 1 1
"022_Group22" 1 1 1 1 1
"023_Group23" 1 1 1 1 1
"024_Group24" 1 1 1 1 1
"025_Group25" 1 1 1 1 1
"026_Group26" 1 1 1 1 1
"027_Group27" 1 1 1 1 1
"028_Group28" 1 1 1 1 1
"029_Group29" 1 1 1 1 1
"030_Group30" 1 1 1 1 1
"031_Group31" 1 1 1 1 1
"032_Group32" 1 1 1 1 1
"033_Group33" 1 1 1 1 1
"034_Group34" 1 1 1 1 1
"035_Group35" 1 1 1 1 1
"036_Group36" 1 1 1 1 1
"037_Group37" 1 1 1 1 1
"038_Group38" 1 1 1 1 1
"039_Group39" 1 1 1 1 1
"040_Group40" 1 1 1 1 1
"041_Group41" 1 1 1 1 1
"042_Group42" 1 1 1 1 1
"043_Group43" 1 1 1 1 1
"044_Group44" 1 1 1 1 1
"045_Group45" 1 1 1 1 1
"046_Group46" 1 1 1 1 1
"047_Group47" 1 1 1 1 1
"048_Group48" 1 1 1 1 1
"049_Group49" 1 1 1 1 1
"050_Group50" 1 1 1 1 1
"051_Group51" 1 1 1 1 1
"052_Group52" 1 1 1 1 1
"053_Group53" 1 1 1 1 1
"054_Group54" 1 1 1 1 1
"055_Group55" 1 1 1 1 1
"056_Group56" 1 1 1 1 1
"057_Group57" 1 1 1 1 1
"058_Group58" 1 1 1 1 1
"059_Group59" 1 1 1 1 1
"060_Group60" 1 1 1 1 1
"061_Group61" 1 1 1 1 1
"062_Group62" 1 1 1 1 1
"063_Group63" 1 1 1 1 1
"064_Group64" 1 1 1 1 1
"065_Group65" 1 1 1 1 1
"066_Group66" 1 1 1 1 1
"067_Group67" 1 1 1 1 1
"068_Group68" 1 1 1 1 1
"069_Group69" 1 1 1 1 1
"070_Group70" 1 1 1 1 1
"071_Group71" 1 1 1 1 1
"072_Group72" 1 1 1 1 1
"073_Group73" 1 1 1 1 1
"074_Group74" 1 1 1 1 1
"075_Group75" 1 1 1 1 1
"076_Group76" 1 1 1 1 1
"077_Group77" 1 1 1 1 1
"078_Group78" 1 1 1 1 1
"079_Group79" 1 1 1 1 1
"080_Group80" 1 1 1 1 1
"081_Group81" 1 1 1 1 1
"082_Group82" 1 1 1 1 1
"083_Group83" 1 1 1 1 1
"084_Group84" 1 1 1 1 1
"085_Group85" 1 1 1 1 1
"086_Group86" 1 1 1 1 1
"087_Group87" 1 1 1 1 1
"088_Group88" 1 1 1 1 1
"089_Group89" 1 1 1 1 1
"090_Group90" 1 1 1 1 1
"091_Group91" 1 1 1 1 1
"092_Group92" 1 1 1 1 1
"093_Group93" 1 1 1 1 1
"094_Group94" 1 1 1 1 1
"095_Group95" 1 1 1 1 1

"<<<<<< Number of Samples per Acquisition Interval [1unit=500values] >>>>>>"
Time[m] 2 4 6 8 10 
#Samples 2 2 2 2 2 

"<<<<<< Average Temperature [°C] >>>>>>"
Time[m] 2 4 6 8 10 
Temp[°C] 21.4 21.6 21.6 21.6 21.5 

"<<<<<< Well Activity >>>>>>"
Well Group/Time[m] 2 4 6 8 10
A1 "000_Group0" 37 43 55 27 46
B1 "001_Group1" 34 20 22 32 34
C1 "002_Group2" 38 33 28 27 32
D1 "003_Group3" 35 22 26 22 21
E1 "004_Group4" 5 15 17 28 19
F1 "005_Group5" 43 28 23 34 30
G1 "006_Group6" 5 5 1 0 4
H1 "007_Group7" 0 1 0 0 0
A2 "008_Group8" 31 27 36 23 34
B2 "009_Group9" 25 33 21 22 24
C2 "010_Group10" 32 39 35 30 30
D2 "011_Group11" 15 39 40 29 36
E2 "012_Group12" 29 35 30 26 29
F2 "013_Group13" 26 15 29 29 23
G2 "014_Group14" 40 25 40 34 41
H2 "015_Group15" 34 21 20 18 11
A3 "016_Group16" 19 33 11 12 10
B3 "017_Group17" 15 17 17 15 15
C3 "018_Group18" 12 16 15 13 19
D3 "019_Group19" 10 31 28 8 12
E3 "020_Group20" 31 22 31 29 22
F3 "021_Group21" 33 23 11 18 17
G3 "022_Group22" 13 15 19 31 31
H3 "023_Group23" 35 27 32 27 21
A4 "024_Group24" 19 30 33 17 19
B4 "025_Group25" 25 27 26 22 14
C4 "026_Group26" 36 21 30 30 31
D4 "027_Group27" 9 1 1 6 5
E4 "028_Group28" 19 27 16 4 4
F4 "029_Group29" 34 29 16 11 23
G4 "030_Group30" 13 5 8 9 3
H4 "031_Group31" 15 7 6 3 0
A5 "032_Group32" 17 24 24 15 19
B5 "033_Group33" 18 29 20 19 17
C5 "034_Group34" 13 13 8 11 15
D5 "035_Group35" 25 33 36 28 23
E5 "036_Group36" 24 20 29 11 17
F5 "037_Group37" 44 46 38 24 22
G5 "038_Group38" 4 10 25 16 19
H5 "039_Group39" 14 24 28 14 39
A6 "040_Group40" 0 0 0 1 0
B6 "041_Group41" 0 0 0 1 0
C6 "042_Group42" 0 0 0 0 0
D6 "043_Group43" 0 0 0 0 0
E6 "044_Group44" 0 0 0 0 0
F6 "045_Group45" 0 0 0 0 0
G6 "046_Group46" 0 0 0 0 0
H6 "047_Group47" 0 0 0 0 0
A7 "048_Group48" 31 28 34 19 21
B7 "049_Group49" 27 23 17 23 26
C7 "050_Group50" 17 36 30 12 15
D7 "051_Group51" 26 20 31 18 23
E7 "052_Group52" 6 16 19 23 16
F7 "053_Group53" 46 24 19 23 17
G7 "054_Group54" 1 28 27 25 18
H7 "055_Group55" 29 15 22 26 25
A8 "056_Group56" 11 16 14 12 16
B8 "057_Group57" 14 5 16 6 8
C8 "058_Group58" 9 11 19 9 12
D8 "059_Group59" 10 11 14 22 16
E8 "060_Group60" 14 46 12 15 13
F8 "061_Group61" 10 22 11 15 12
G8 "062_Group62" 28 9 15 17 12
H8 "063_Group63" 27 15 17 14 16
A9 "064_Group64" 2 10 6 11 21
B9 "065_Group65" 19 16 17 15 17
C9 "066_Group66" 24 31 18 23 35
D9 "067_Group67" 42 29 34 15 22
E9 "068_Group68" 21 20 15 17 18
F9 "069_Group69" 32 27 25 27 29
G9 "070_Group70" 24 32 25 22 20
H9 "071_Group71" 11 18 18 23 23
A10 "072_Group72" 16 14 14 16 13
B10 "073_Group73" 20 22 31 23 18
C10 "074_Group74" 29 33 33 43 36
D10 "075_Group75" 22 15 21 17 22
E10 "076_Group76" 24 21 28 34 18
F10 "077_Group77" 36 27 28 13 20
G10 "078_Group78" 22 20 19 17 17
H10 "079_Group79" 22 20 20 13 23
A11 "080_Group80" 19 17 20 22 18
B11 "081_Group81" 13 14 23 18 22
C11 "082_Group82" 15 13 14 16 9
D11 "083_Group83" 15 12 7 16 15
E11 "084_Group84" 13 29 12 13 11
F11 "085_Group85" 15 21 19 11 13
G11 "086_Group86" 10 23 16 20 15
H11 "087_Group87" 4 14 12 4 11
A12 "088_Group88" 25 19 18 22 11
B12 "089_Group89" 21 17 17 9 17
C12 "090_Group90" 24 16 18 13 10
D12 "091_Group91" 17 19 16 32 20
E12 "092_Group92" 21 19 12 13 11
F12 "093_Group93" 12 16 27 15 27
G12 "094_Group94" 12 14 27 6 11
H12 "095_Group95" 16 18 13 13 26

"<<<<<< Channel Activity >>>>>>"
Channel Well Group/Time[m] 2 4 6 8 10
CH0 A1.0 "000_Group0" 37 43 55 27 46
CH2 B1.0 "001_Group1" 34 20 22 32 34
CH4 C1.0 "002_Group2" 38 33 28 27 32
CH6 D1.0 "003_Group3" 35 22 26 22 21
CH8 E1.0 "004_Group4" 5 15 17 28 19
CH10 F1.0 "005_Group5" 43 28 23 34 30
CH12 G1.0 "006_Group6" 5 5 1 0 4
CH14 H1.0 "007_Group7" 0 1 0 0 0
CH32 A2.0 "008_Group8" 31 27 36 23 34
CH34 B2.0 "009_Group9" 25 33 21 22 24
CH36 C2.0 "010_Group10" 32 39 35 30 30
CH38 D2.0 "011_Group11" 15 39 40 29 36
CH40 E2.0 "012_Group12" 29 35 30 26 29
CH42 F2.0 "013_Group13" 26 15 29 29 23
CH44 G2.0 "014_Group14" 40 25 40 34 41
CH46 H2.0 "015_Group15" 34 21 20 18 11
CH64 A3.0 "016_Group16" 19 33 11 12 10
CH66 B3.0 "017_Group17" 15 17 17 15 15
CH68 C3.0 "018_Group18" 12 16 15 13 19
CH70 D3.0 "019_Group19" 10 31 28 8 12
CH72 E3.0 "020_Group20" 31 22 31 29 22
CH74 F3.0 "021_Group21" 33 23 11 18 17
CH76 G3.0 "022_Group22" 13 15 19 31 31
CH78 H3.0 "023_Group23" 35 27 32 27 21
CH96 A4.0 "024_Group24" 19 30 33 17 19
CH98 B4.0 "025_Group25" 25 27 26 22 14
CH100 C4.0 "026_Group26" 36 21 30 30 31
CH102 D4.0 "027_Group27" 9 1 1 6 5
CH104 E4.0 "028_Group28" 19 27 16 4 4
CH106 F4.0 "029_Group29" 34 29 16 11 23
CH108 G4.0 "030_Group30" 13 5 8 9 3
CH110 H4.0 "031_Group31" 15 7 6 3 0
CH128 A5.0 "032_Group32" 17 24 24 15 19
CH130 B5.0 "033_Group33" 18 29 20 19 17
CH132 C5.0 "034_Group34" 13 13 8 11 15
CH134 D5.0 "035_Group35" 25 33 36 28 23
CH136 E5.0 "036_Group36" 24 20 29 11 17
CH138 F5.0 "037_Group37" 44 46 38 24 22
CH140 G5.0 "038_Group38" 4 10 25 16 19
CH142 H5.0 "039_Group39" 14 24 28 14 39
CH160 A6.0 "040_Group40" 0 0 0 1 0
CH162 B6.0 "041_Group41" 0 0 0 1 0
CH164 C6.0 "042_Group42" 0 0 0 0 0
CH166 D6.0 "043_Group43" 0 0 0 0 0
CH168 E6.0 "044_Group44" 0 0 0 0 0
CH170 F6.0 "045_Group45" 0 0 0 0 0
CH172 G6.0 "046_Group46" 0 0 0 0 0
CH174 H6.0 "047_Group47" 0 0 0 0 0
CH192 A7.0 "048_Group48" 31 28 34 19 21
CH194 B7.0 "049_Group49" 27 23 17 23 26
CH196 C7.0 "050_Group50" 17 36 30 12 15
CH198 D7.0 "051_Group51" 26 20 31 18 23
CH200 E7.0 "052_Group52" 6 16 19 23 16
CH202 F7.0 "053_Group53" 46 24 19 23 17
CH204 G7.0 "054_Group54" 1 28 27 25 18
CH206 H7.0 "055_Group55" 29 15 22 26 25
CH224 A8.0 "056_Group56" 11 16 14 12 16
CH226 B8.0 "057_Group57" 14 5 16 6 8
CH228 C8.0 "058_Group58" 9 11 19 9 12
CH230 D8.0 "059_Group59" 10 11 14 22 16
CH232 E8.0 "060_Group60" 14 46 12 15 13
CH234 F8.0 "061_Group61" 10 22 11 15 12
CH236 G8.0 "062_Group62" 28 9 15 17 12
CH238 H8.0 "063_Group63" 27 15 17 14 16
CH256 A9.0 "064_Group64" 2 10 6 11 21
CH258 B9.0 "065_Group65" 19 16 17 15 17
CH260 C9.0 "066_Group66" 24 31 18 23 35
CH262 D9.0 "067_Group67" 42 29 34 15 22
CH264 E9.0 "068_Group68" 21 20 15 17 18
CH266 F9.0 "069_Group69" 32 27 25 27 29
CH268 G9.0 "070_Group70" 24 32 25 22 20
CH270 H9.0 "071_Group71" 11 18 18 23 23
CH288 A10.0 "072_Group72" 16 14 14 16 13
CH290 B10.0 "073_Group73" 20 22 31 23 18
CH292 C10.0 "074_Group74" 29 33 33 43 36
CH294 D10.0 "075_Group75" 22 15 21 17 22
CH296 E10.0 "076_Group76" 24 21 28 34 18
CH298 F10.0 "077_Group77" 36 27 28 13 20
CH300 G10.0 "078_Group78" 22 20 19 17 17
CH302 H10.0 "079_Group79" 22 20 20 13 23
CH320 A11.0 "080_Group80" 19 17 20 22 18
CH322 B11.0 "081_Group81" 13 14 23 18 22
CH324 C11.0 "082_Group82" 15 13 14 16 9
CH326 D11.0 "083_Group83" 15 12 7 16 15
CH328 E11.0 "084_Group84" 13 29 12 13 11
CH330 F11.0 "085_Group85" 15 21 19 11 13
CH332 G11.0 "086_Group86" 10 23 16 20 15
CH334 H11.0 "087_Group87" 4 14 12 4 11
CH352 A12.0 "088_Group88" 25 19 18 22 11
CH354 B12.0 "089_Group89" 21 17 17 9 17
CH356 C12.0 "090_Group90" 24 16 18 13 10
CH358 D12.0 "091_Group91" 17 19 16 32 20
CH360 E12.0 "092_Group92" 21 19 12 13 11
CH362 F12.0 "093_Group93" 12 16 27 15 27
CH364 G12.0 "094_Group94" 12 14 27 6 11
CH366 H12.0 "095_Group95" 16 18 13 13 26
