"DATE:" "2/25/2015 9:08:02 AM"
"FILE:" "C:\Users\AndersenLab\Desktop\wmicrotracker\p00011\20150225_0856"
"SUBPROJECT:" "20150225_Longevity_5_daf2"

"<<<<<< Group Activity: Average Activity Counts per Data Interval>>>>>>"
Group/Time[m] 2 4 6 8 10
"000_Group0" 6 0 4 5 17
"001_Group1" 3 0 1 3 0
"002_Group2" 0 14 30 13 9
"003_Group3" 3 20 10 6 9
"004_Group4" 6 18 11 0 0
"005_Group5" 6 12 8 10 0
"006_Group6" 1 7 13 2 11
"007_Group7" 8 19 7 8 8
"008_Group8" 0 22 8 10 5
"009_Group9" 2 12 1 7 8
"010_Group10" 4 2 1 10 3
"011_Group11" 6 6 5 18 15
"012_Group12" 4 20 6 16 1
"013_Group13" 5 18 11 24 16
"014_Group14" 2 12 12 1 4
"015_Group15" 9 5 7 3 8
"016_Group16" 0 2 5 9 14
"017_Group17" 4 7 18 1 1
"018_Group18" 0 0 0 1 0
"019_Group19" 6 2 6 0 3
"020_Group20" 0 0 14 5 7
"021_Group21" 1 10 1 2 1
"022_Group22" 1 7 9 6 1
"023_Group23" 7 18 6 11 14
"024_Group24" 29 23 12 10 17
"025_Group25" 12 10 7 12 4
"026_Group26" 27 19 19 10 5
"027_Group27" 31 19 16 9 12
"028_Group28" 37 17 17 13 12
"029_Group29" 38 35 24 17 11
"030_Group30" 18 18 11 9 13
"031_Group31" 28 18 18 10 10
"032_Group32" 25 16 22 19 10
"033_Group33" 6 8 2 7 12
"034_Group34" 23 28 23 9 10
"035_Group35" 20 11 9 9 16
"036_Group36" 9 14 11 14 18
"037_Group37" 27 17 7 8 15
"038_Group38" 39 44 34 33 34
"039_Group39" 42 24 27 18 19
"040_Group40" 19 25 18 14 11
"041_Group41" 21 20 30 4 12
"042_Group42" 16 18 9 6 8
"043_Group43" 9 10 1 7 11
"044_Group44" 13 15 18 15 15
"045_Group45" 16 13 11 6 12
"046_Group46" 8 14 21 8 13
"047_Group47" 10 8 12 9 8
"048_Group48" 30 22 23 11 21
"049_Group49" 34 19 8 8 7
"050_Group50" 22 39 17 12 11
"051_Group51" 32 33 15 12 14
"052_Group52" 19 22 23 8 13
"053_Group53" 33 25 18 29 12
"054_Group54" 22 22 13 11 20
"055_Group55" 30 21 30 13 13
"056_Group56" 1 15 15 7 6
"057_Group57" 7 12 7 9 8
"058_Group58" 0 10 4 11 10
"059_Group59" 8 0 3 13 9
"060_Group60" 0 4 4 1 1
"061_Group61" 9 12 10 5 3
"062_Group62" 3 8 18 9 12
"063_Group63" 2 17 3 9 4
"064_Group64" 15 15 10 7 7
"065_Group65" 17 7 5 9 5
"066_Group66" 14 5 15 11 9
"067_Group67" 24 13 16 6 10
"068_Group68" 14 22 8 9 9
"069_Group69" 14 13 9 7 14
"070_Group70" 16 10 12 10 11
"071_Group71" 14 15 10 13 15
"072_Group72" 14 10 14 9 15
"073_Group73" 11 8 10 10 14
"074_Group74" 15 15 9 21 15
"075_Group75" 26 13 9 15 9
"076_Group76" 24 9 10 13 7
"077_Group77" 25 9 8 7 8
"078_Group78" 12 15 17 10 13
"079_Group79" 23 9 9 18 19
"080_Group80" 41 27 18 16 15
"081_Group81" 25 23 11 15 12
"082_Group82" 13 13 14 8 16
"083_Group83" 20 11 6 12 10
"084_Group84" 34 31 32 19 21
"085_Group85" 8 14 4 3 6
"086_Group86" 12 6 17 19 17
"087_Group87" 20 24 13 13 14
"088_Group88" 11 22 13 9 11
"089_Group89" 14 27 15 10 27
"090_Group90" 21 2 17 15 12
"091_Group91" 17 13 13 14 25
"092_Group92" 19 14 12 12 10
"093_Group93" 17 12 12 8 8
"094_Group94" 32 25 18 8 10
"095_Group95" 16 14 12 11 10

"<<<<<< Group Activity: Number of wells/group >>>>>>"
Group/Time[m] 2 4 6 8 10
"000_Group0" 1 1 1 1 1
"001_Group1" 1 1 1 1 1
"002_Group2" 1 1 1 1 1
"003_Group3" 1 1 1 1 1
"004_Group4" 1 1 1 1 1
"005_Group5" 1 1 1 1 1
"006_Group6" 1 1 1 1 1
"007_Group7" 1 1 1 1 1
"008_Group8" 1 1 1 1 1
"009_Group9" 1 1 1 1 1
"010_Group10" 1 1 1 1 1
"011_Group11" 1 1 1 1 1
"012_Group12" 1 1 1 1 1
"013_Group13" 1 1 1 1 1
"014_Group14" 1 1 1 1 1
"015_Group15" 1 1 1 1 1
"016_Group16" 1 1 1 1 1
"017_Group17" 1 1 1 1 1
"018_Group18" 1 1 1 1 1
"019_Group19" 1 1 1 1 1
"020_Group20" 1 1 1 1 1
"021_Group21" 1 1 1 1 1
"022_Group22" 1 1 1 1 1
"023_Group23" 1 1 1 1 1
"024_Group24" 1 1 1 1 1
"025_Group25" 1 1 1 1 1
"026_Group26" 1 1 1 1 1
"027_Group27" 1 1 1 1 1
"028_Group28" 1 1 1 1 1
"029_Group29" 1 1 1 1 1
"030_Group30" 1 1 1 1 1
"031_Group31" 1 1 1 1 1
"032_Group32" 1 1 1 1 1
"033_Group33" 1 1 1 1 1
"034_Group34" 1 1 1 1 1
"035_Group35" 1 1 1 1 1
"036_Group36" 1 1 1 1 1
"037_Group37" 1 1 1 1 1
"038_Group38" 1 1 1 1 1
"039_Group39" 1 1 1 1 1
"040_Group40" 1 1 1 1 1
"041_Group41" 1 1 1 1 1
"042_Group42" 1 1 1 1 1
"043_Group43" 1 1 1 1 1
"044_Group44" 1 1 1 1 1
"045_Group45" 1 1 1 1 1
"046_Group46" 1 1 1 1 1
"047_Group47" 1 1 1 1 1
"048_Group48" 1 1 1 1 1
"049_Group49" 1 1 1 1 1
"050_Group50" 1 1 1 1 1
"051_Group51" 1 1 1 1 1
"052_Group52" 1 1 1 1 1
"053_Group53" 1 1 1 1 1
"054_Group54" 1 1 1 1 1
"055_Group55" 1 1 1 1 1
"056_Group56" 1 1 1 1 1
"057_Group57" 1 1 1 1 1
"058_Group58" 1 1 1 1 1
"059_Group59" 1 1 1 1 1
"060_Group60" 1 1 1 1 1
"061_Group61" 1 1 1 1 1
"062_Group62" 1 1 1 1 1
"063_Group63" 1 1 1 1 1
"064_Group64" 1 1 1 1 1
"065_Group65" 1 1 1 1 1
"066_Group66" 1 1 1 1 1
"067_Group67" 1 1 1 1 1
"068_Group68" 1 1 1 1 1
"069_Group69" 1 1 1 1 1
"070_Group70" 1 1 1 1 1
"071_Group71" 1 1 1 1 1
"072_Group72" 1 1 1 1 1
"073_Group73" 1 1 1 1 1
"074_Group74" 1 1 1 1 1
"075_Group75" 1 1 1 1 1
"076_Group76" 1 1 1 1 1
"077_Group77" 1 1 1 1 1
"078_Group78" 1 1 1 1 1
"079_Group79" 1 1 1 1 1
"080_Group80" 1 1 1 1 1
"081_Group81" 1 1 1 1 1
"082_Group82" 1 1 1 1 1
"083_Group83" 1 1 1 1 1
"084_Group84" 1 1 1 1 1
"085_Group85" 1 1 1 1 1
"086_Group86" 1 1 1 1 1
"087_Group87" 1 1 1 1 1
"088_Group88" 1 1 1 1 1
"089_Group89" 1 1 1 1 1
"090_Group90" 1 1 1 1 1
"091_Group91" 1 1 1 1 1
"092_Group92" 1 1 1 1 1
"093_Group93" 1 1 1 1 1
"094_Group94" 1 1 1 1 1
"095_Group95" 1 1 1 1 1

"<<<<<< Number of Samples per Acquisition Interval [1unit=500values] >>>>>>"
Time[m] 2 4 6 8 10 
#Samples 2 2 2 2 2 

"<<<<<< Average Temperature [°C] >>>>>>"
Time[m] 2 4 6 8 10 
Temp[°C] 21.4 21.4 21.6 21.6 21.6 

"<<<<<< Well Activity >>>>>>"
Well Group/Time[m] 2 4 6 8 10
A1 "000_Group0" 6 0 4 5 17
B1 "001_Group1" 3 0 1 3 0
C1 "002_Group2" 0 14 30 13 9
D1 "003_Group3" 3 20 10 6 9
E1 "004_Group4" 6 18 11 0 0
F1 "005_Group5" 6 12 8 10 0
G1 "006_Group6" 1 7 13 2 11
H1 "007_Group7" 8 19 7 8 8
A2 "008_Group8" 0 22 8 10 5
B2 "009_Group9" 2 12 1 7 8
C2 "010_Group10" 4 2 1 10 3
D2 "011_Group11" 6 6 5 18 15
E2 "012_Group12" 4 20 6 16 1
F2 "013_Group13" 5 18 11 24 16
G2 "014_Group14" 2 12 12 1 4
H2 "015_Group15" 9 5 7 3 8
A3 "016_Group16" 0 2 5 9 14
B3 "017_Group17" 4 7 18 1 1
C3 "018_Group18" 0 0 0 1 0
D3 "019_Group19" 6 2 6 0 3
E3 "020_Group20" 0 0 14 5 7
F3 "021_Group21" 1 10 1 2 1
G3 "022_Group22" 1 7 9 6 1
H3 "023_Group23" 7 18 6 11 14
A4 "024_Group24" 29 23 12 10 17
B4 "025_Group25" 12 10 7 12 4
C4 "026_Group26" 27 19 19 10 5
D4 "027_Group27" 31 19 16 9 12
E4 "028_Group28" 37 17 17 13 12
F4 "029_Group29" 38 35 24 17 11
G4 "030_Group30" 18 18 11 9 13
H4 "031_Group31" 28 18 18 10 10
A5 "032_Group32" 25 16 22 19 10
B5 "033_Group33" 6 8 2 7 12
C5 "034_Group34" 23 28 23 9 10
D5 "035_Group35" 20 11 9 9 16
E5 "036_Group36" 9 14 11 14 18
F5 "037_Group37" 27 17 7 8 15
G5 "038_Group38" 39 44 34 33 34
H5 "039_Group39" 42 24 27 18 19
A6 "040_Group40" 19 25 18 14 11
B6 "041_Group41" 21 20 30 4 12
C6 "042_Group42" 16 18 9 6 8
D6 "043_Group43" 9 10 1 7 11
E6 "044_Group44" 13 15 18 15 15
F6 "045_Group45" 16 13 11 6 12
G6 "046_Group46" 8 14 21 8 13
H6 "047_Group47" 10 8 12 9 8
A7 "048_Group48" 30 22 23 11 21
B7 "049_Group49" 34 19 8 8 7
C7 "050_Group50" 22 39 17 12 11
D7 "051_Group51" 32 33 15 12 14
E7 "052_Group52" 19 22 23 8 13
F7 "053_Group53" 33 25 18 29 12
G7 "054_Group54" 22 22 13 11 20
H7 "055_Group55" 30 21 30 13 13
A8 "056_Group56" 1 15 15 7 6
B8 "057_Group57" 7 12 7 9 8
C8 "058_Group58" 0 10 4 11 10
D8 "059_Group59" 8 0 3 13 9
E8 "060_Group60" 0 4 4 1 1
F8 "061_Group61" 9 12 10 5 3
G8 "062_Group62" 3 8 18 9 12
H8 "063_Group63" 2 17 3 9 4
A9 "064_Group64" 15 15 10 7 7
B9 "065_Group65" 17 7 5 9 5
C9 "066_Group66" 14 5 15 11 9
D9 "067_Group67" 24 13 16 6 10
E9 "068_Group68" 14 22 8 9 9
F9 "069_Group69" 14 13 9 7 14
G9 "070_Group70" 16 10 12 10 11
H9 "071_Group71" 14 15 10 13 15
A10 "072_Group72" 14 10 14 9 15
B10 "073_Group73" 11 8 10 10 14
C10 "074_Group74" 15 15 9 21 15
D10 "075_Group75" 26 13 9 15 9
E10 "076_Group76" 24 9 10 13 7
F10 "077_Group77" 25 9 8 7 8
G10 "078_Group78" 12 15 17 10 13
H10 "079_Group79" 23 9 9 18 19
A11 "080_Group80" 41 27 18 16 15
B11 "081_Group81" 25 23 11 15 12
C11 "082_Group82" 13 13 14 8 16
D11 "083_Group83" 20 11 6 12 10
E11 "084_Group84" 34 31 32 19 21
F11 "085_Group85" 8 14 4 3 6
G11 "086_Group86" 12 6 17 19 17
H11 "087_Group87" 20 24 13 13 14
A12 "088_Group88" 11 22 13 9 11
B12 "089_Group89" 14 27 15 10 27
C12 "090_Group90" 21 2 17 15 12
D12 "091_Group91" 17 13 13 14 25
E12 "092_Group92" 19 14 12 12 10
F12 "093_Group93" 17 12 12 8 8
G12 "094_Group94" 32 25 18 8 10
H12 "095_Group95" 16 14 12 11 10

"<<<<<< Channel Activity >>>>>>"
Channel Well Group/Time[m] 2 4 6 8 10
CH0 A1.0 "000_Group0" 6 0 4 5 17
CH2 B1.0 "001_Group1" 3 0 1 3 0
CH4 C1.0 "002_Group2" 0 14 30 13 9
CH6 D1.0 "003_Group3" 3 20 10 6 9
CH8 E1.0 "004_Group4" 6 18 11 0 0
CH10 F1.0 "005_Group5" 6 12 8 10 0
CH12 G1.0 "006_Group6" 1 7 13 2 11
CH14 H1.0 "007_Group7" 8 19 7 8 8
CH32 A2.0 "008_Group8" 0 22 8 10 5
CH34 B2.0 "009_Group9" 2 12 1 7 8
CH36 C2.0 "010_Group10" 4 2 1 10 3
CH38 D2.0 "011_Group11" 6 6 5 18 15
CH40 E2.0 "012_Group12" 4 20 6 16 1
CH42 F2.0 "013_Group13" 5 18 11 24 16
CH44 G2.0 "014_Group14" 2 12 12 1 4
CH46 H2.0 "015_Group15" 9 5 7 3 8
CH64 A3.0 "016_Group16" 0 2 5 9 14
CH66 B3.0 "017_Group17" 4 7 18 1 1
CH68 C3.0 "018_Group18" 0 0 0 1 0
CH70 D3.0 "019_Group19" 6 2 6 0 3
CH72 E3.0 "020_Group20" 0 0 14 5 7
CH74 F3.0 "021_Group21" 1 10 1 2 1
CH76 G3.0 "022_Group22" 1 7 9 6 1
CH78 H3.0 "023_Group23" 7 18 6 11 14
CH96 A4.0 "024_Group24" 29 23 12 10 17
CH98 B4.0 "025_Group25" 12 10 7 12 4
CH100 C4.0 "026_Group26" 27 19 19 10 5
CH102 D4.0 "027_Group27" 31 19 16 9 12
CH104 E4.0 "028_Group28" 37 17 17 13 12
CH106 F4.0 "029_Group29" 38 35 24 17 11
CH108 G4.0 "030_Group30" 18 18 11 9 13
CH110 H4.0 "031_Group31" 28 18 18 10 10
CH128 A5.0 "032_Group32" 25 16 22 19 10
CH130 B5.0 "033_Group33" 6 8 2 7 12
CH132 C5.0 "034_Group34" 23 28 23 9 10
CH134 D5.0 "035_Group35" 20 11 9 9 16
CH136 E5.0 "036_Group36" 9 14 11 14 18
CH138 F5.0 "037_Group37" 27 17 7 8 15
CH140 G5.0 "038_Group38" 39 44 34 33 34
CH142 H5.0 "039_Group39" 42 24 27 18 19
CH160 A6.0 "040_Group40" 19 25 18 14 11
CH162 B6.0 "041_Group41" 21 20 30 4 12
CH164 C6.0 "042_Group42" 16 18 9 6 8
CH166 D6.0 "043_Group43" 9 10 1 7 11
CH168 E6.0 "044_Group44" 13 15 18 15 15
CH170 F6.0 "045_Group45" 16 13 11 6 12
CH172 G6.0 "046_Group46" 8 14 21 8 13
CH174 H6.0 "047_Group47" 10 8 12 9 8
CH192 A7.0 "048_Group48" 30 22 23 11 21
CH194 B7.0 "049_Group49" 34 19 8 8 7
CH196 C7.0 "050_Group50" 22 39 17 12 11
CH198 D7.0 "051_Group51" 32 33 15 12 14
CH200 E7.0 "052_Group52" 19 22 23 8 13
CH202 F7.0 "053_Group53" 33 25 18 29 12
CH204 G7.0 "054_Group54" 22 22 13 11 20
CH206 H7.0 "055_Group55" 30 21 30 13 13
CH224 A8.0 "056_Group56" 1 15 15 7 6
CH226 B8.0 "057_Group57" 7 12 7 9 8
CH228 C8.0 "058_Group58" 0 10 4 11 10
CH230 D8.0 "059_Group59" 8 0 3 13 9
CH232 E8.0 "060_Group60" 0 4 4 1 1
CH234 F8.0 "061_Group61" 9 12 10 5 3
CH236 G8.0 "062_Group62" 3 8 18 9 12
CH238 H8.0 "063_Group63" 2 17 3 9 4
CH256 A9.0 "064_Group64" 15 15 10 7 7
CH258 B9.0 "065_Group65" 17 7 5 9 5
CH260 C9.0 "066_Group66" 14 5 15 11 9
CH262 D9.0 "067_Group67" 24 13 16 6 10
CH264 E9.0 "068_Group68" 14 22 8 9 9
CH266 F9.0 "069_Group69" 14 13 9 7 14
CH268 G9.0 "070_Group70" 16 10 12 10 11
CH270 H9.0 "071_Group71" 14 15 10 13 15
CH288 A10.0 "072_Group72" 14 10 14 9 15
CH290 B10.0 "073_Group73" 11 8 10 10 14
CH292 C10.0 "074_Group74" 15 15 9 21 15
CH294 D10.0 "075_Group75" 26 13 9 15 9
CH296 E10.0 "076_Group76" 24 9 10 13 7
CH298 F10.0 "077_Group77" 25 9 8 7 8
CH300 G10.0 "078_Group78" 12 15 17 10 13
CH302 H10.0 "079_Group79" 23 9 9 18 19
CH320 A11.0 "080_Group80" 41 27 18 16 15
CH322 B11.0 "081_Group81" 25 23 11 15 12
CH324 C11.0 "082_Group82" 13 13 14 8 16
CH326 D11.0 "083_Group83" 20 11 6 12 10
CH328 E11.0 "084_Group84" 34 31 32 19 21
CH330 F11.0 "085_Group85" 8 14 4 3 6
CH332 G11.0 "086_Group86" 12 6 17 19 17
CH334 H11.0 "087_Group87" 20 24 13 13 14
CH352 A12.0 "088_Group88" 11 22 13 9 11
CH354 B12.0 "089_Group89" 14 27 15 10 27
CH356 C12.0 "090_Group90" 21 2 17 15 12
CH358 D12.0 "091_Group91" 17 13 13 14 25
CH360 E12.0 "092_Group92" 19 14 12 12 10
CH362 F12.0 "093_Group93" 17 12 12 8 8
CH364 G12.0 "094_Group94" 32 25 18 8 10
CH366 H12.0 "095_Group95" 16 14 12 11 10
