"DATE:" "2/24/2015 9:12:54 AM"
"FILE:" "C:\Users\AndersenLab\Desktop\wmicrotracker\p00011\20150224_0901"
"SUBPROJECT:" "20150224_Longevity_5_daf2"

"<<<<<< Group Activity: Average Activity Counts per Data Interval>>>>>>"
Group/Time[m] 2 4 6 8 10
"000_Group0" 4 3 7 9 2
"001_Group1" 1 11 5 4 3
"002_Group2" 5 13 6 11 0
"003_Group3" 13 11 8 11 14
"004_Group4" 7 9 4 19 14
"005_Group5" 5 13 1 14 21
"006_Group6" 9 11 7 7 0
"007_Group7" 13 21 20 10 9
"008_Group8" 11 21 5 21 3
"009_Group9" 3 8 6 7 7
"010_Group10" 0 3 2 7 3
"011_Group11" 3 3 8 3 7
"012_Group12" 6 7 12 12 16
"013_Group13" 2 24 9 21 2
"014_Group14" 0 0 2 1 6
"015_Group15" 9 3 8 4 4
"016_Group16" 7 12 11 4 7
"017_Group17" 0 0 1 0 16
"018_Group18" 9 2 2 1 6
"019_Group19" 10 3 1 5 6
"020_Group20" 0 0 3 5 0
"021_Group21" 3 7 10 8 10
"022_Group22" 1 4 15 3 9
"023_Group23" 1 3 11 7 10
"024_Group24" 19 14 10 14 12
"025_Group25" 11 13 11 16 14
"026_Group26" 22 32 6 14 15
"027_Group27" 17 17 9 8 5
"028_Group28" 25 14 10 7 11
"029_Group29" 20 36 29 11 8
"030_Group30" 20 25 14 17 12
"031_Group31" 34 33 14 13 9
"032_Group32" 9 9 15 11 9
"033_Group33" 2 3 3 8 1
"034_Group34" 10 16 14 15 16
"035_Group35" 32 14 7 9 13
"036_Group36" 11 17 23 8 3
"037_Group37" 20 9 13 11 11
"038_Group38" 25 31 21 21 21
"039_Group39" 20 18 11 12 16
"040_Group40" 11 29 11 5 10
"041_Group41" 16 12 10 12 11
"042_Group42" 6 7 12 7 20
"043_Group43" 16 7 13 15 14
"044_Group44" 11 16 16 15 26
"045_Group45" 15 15 19 10 11
"046_Group46" 25 14 21 19 13
"047_Group47" 15 15 17 14 12
"048_Group48" 31 14 10 9 15
"049_Group49" 18 13 7 19 11
"050_Group50" 37 34 12 17 19
"051_Group51" 26 18 16 9 9
"052_Group52" 6 12 11 7 11
"053_Group53" 13 23 26 12 10
"054_Group54" 10 22 14 6 9
"055_Group55" 16 18 13 8 13
"056_Group56" 12 10 13 2 14
"057_Group57" 1 10 7 12 1
"058_Group58" 0 4 0 11 0
"059_Group59" 2 12 3 2 18
"060_Group60" 2 2 10 10 1
"061_Group61" 0 8 12 5 3
"062_Group62" 1 1 8 2 9
"063_Group63" 11 5 4 6 3
"064_Group64" 22 16 14 7 7
"065_Group65" 9 9 18 11 10
"066_Group66" 14 14 12 15 7
"067_Group67" 23 9 19 20 11
"068_Group68" 23 11 9 8 14
"069_Group69" 14 12 9 16 18
"070_Group70" 26 21 7 8 7
"071_Group71" 17 14 8 20 22
"072_Group72" 15 14 10 12 16
"073_Group73" 13 8 9 12 6
"074_Group74" 9 8 12 17 11
"075_Group75" 22 20 13 15 15
"076_Group76" 11 19 11 8 16
"077_Group77" 31 34 15 10 11
"078_Group78" 21 13 12 7 20
"079_Group79" 21 10 11 14 13
"080_Group80" 36 24 10 12 9
"081_Group81" 31 30 9 17 15
"082_Group82" 28 16 8 11 11
"083_Group83" 30 11 17 11 11
"084_Group84" 28 32 19 13 12
"085_Group85" 22 7 10 10 17
"086_Group86" 42 33 15 9 13
"087_Group87" 24 19 6 12 10
"088_Group88" 31 22 12 10 10
"089_Group89" 22 12 12 6 9
"090_Group90" 17 14 10 13 9
"091_Group91" 15 14 8 17 17
"092_Group92" 10 8 17 10 9
"093_Group93" 28 29 23 16 21
"094_Group94" 10 13 9 10 16
"095_Group95" 25 20 11 8 6

"<<<<<< Group Activity: Number of wells/group >>>>>>"
Group/Time[m] 2 4 6 8 10
"000_Group0" 1 1 1 1 1
"001_Group1" 1 1 1 1 1
"002_Group2" 1 1 1 1 1
"003_Group3" 1 1 1 1 1
"004_Group4" 1 1 1 1 1
"005_Group5" 1 1 1 1 1
"006_Group6" 1 1 1 1 1
"007_Group7" 1 1 1 1 1
"008_Group8" 1 1 1 1 1
"009_Group9" 1 1 1 1 1
"010_Group10" 1 1 1 1 1
"011_Group11" 1 1 1 1 1
"012_Group12" 1 1 1 1 1
"013_Group13" 1 1 1 1 1
"014_Group14" 1 1 1 1 1
"015_Group15" 1 1 1 1 1
"016_Group16" 1 1 1 1 1
"017_Group17" 1 1 1 1 1
"018_Group18" 1 1 1 1 1
"019_Group19" 1 1 1 1 1
"020_Group20" 1 1 1 1 1
"021_Group21" 1 1 1 1 1
"022_Group22" 1 1 1 1 1
"023_Group23" 1 1 1 1 1
"024_Group24" 1 1 1 1 1
"025_Group25" 1 1 1 1 1
"026_Group26" 1 1 1 1 1
"027_Group27" 1 1 1 1 1
"028_Group28" 1 1 1 1 1
"029_Group29" 1 1 1 1 1
"030_Group30" 1 1 1 1 1
"031_Group31" 1 1 1 1 1
"032_Group32" 1 1 1 1 1
"033_Group33" 1 1 1 1 1
"034_Group34" 1 1 1 1 1
"035_Group35" 1 1 1 1 1
"036_Group36" 1 1 1 1 1
"037_Group37" 1 1 1 1 1
"038_Group38" 1 1 1 1 1
"039_Group39" 1 1 1 1 1
"040_Group40" 1 1 1 1 1
"041_Group41" 1 1 1 1 1
"042_Group42" 1 1 1 1 1
"043_Group43" 1 1 1 1 1
"044_Group44" 1 1 1 1 1
"045_Group45" 1 1 1 1 1
"046_Group46" 1 1 1 1 1
"047_Group47" 1 1 1 1 1
"048_Group48" 1 1 1 1 1
"049_Group49" 1 1 1 1 1
"050_Group50" 1 1 1 1 1
"051_Group51" 1 1 1 1 1
"052_Group52" 1 1 1 1 1
"053_Group53" 1 1 1 1 1
"054_Group54" 1 1 1 1 1
"055_Group55" 1 1 1 1 1
"056_Group56" 1 1 1 1 1
"057_Group57" 1 1 1 1 1
"058_Group58" 1 1 1 1 1
"059_Group59" 1 1 1 1 1
"060_Group60" 1 1 1 1 1
"061_Group61" 1 1 1 1 1
"062_Group62" 1 1 1 1 1
"063_Group63" 1 1 1 1 1
"064_Group64" 1 1 1 1 1
"065_Group65" 1 1 1 1 1
"066_Group66" 1 1 1 1 1
"067_Group67" 1 1 1 1 1
"068_Group68" 1 1 1 1 1
"069_Group69" 1 1 1 1 1
"070_Group70" 1 1 1 1 1
"071_Group71" 1 1 1 1 1
"072_Group72" 1 1 1 1 1
"073_Group73" 1 1 1 1 1
"074_Group74" 1 1 1 1 1
"075_Group75" 1 1 1 1 1
"076_Group76" 1 1 1 1 1
"077_Group77" 1 1 1 1 1
"078_Group78" 1 1 1 1 1
"079_Group79" 1 1 1 1 1
"080_Group80" 1 1 1 1 1
"081_Group81" 1 1 1 1 1
"082_Group82" 1 1 1 1 1
"083_Group83" 1 1 1 1 1
"084_Group84" 1 1 1 1 1
"085_Group85" 1 1 1 1 1
"086_Group86" 1 1 1 1 1
"087_Group87" 1 1 1 1 1
"088_Group88" 1 1 1 1 1
"089_Group89" 1 1 1 1 1
"090_Group90" 1 1 1 1 1
"091_Group91" 1 1 1 1 1
"092_Group92" 1 1 1 1 1
"093_Group93" 1 1 1 1 1
"094_Group94" 1 1 1 1 1
"095_Group95" 1 1 1 1 1

"<<<<<< Number of Samples per Acquisition Interval [1unit=500values] >>>>>>"
Time[m] 2 4 6 8 10 
#Samples 2 2 2 2 2 

"<<<<<< Average Temperature [°C] >>>>>>"
Time[m] 2 4 6 8 10 
Temp[°C] 20.9 20.9 21.0 20.9 21.0 

"<<<<<< Well Activity >>>>>>"
Well Group/Time[m] 2 4 6 8 10
A1 "000_Group0" 4 3 7 9 2
B1 "001_Group1" 1 11 5 4 3
C1 "002_Group2" 5 13 6 11 0
D1 "003_Group3" 13 11 8 11 14
E1 "004_Group4" 7 9 4 19 14
F1 "005_Group5" 5 13 1 14 21
G1 "006_Group6" 9 11 7 7 0
H1 "007_Group7" 13 21 20 10 9
A2 "008_Group8" 11 21 5 21 3
B2 "009_Group9" 3 8 6 7 7
C2 "010_Group10" 0 3 2 7 3
D2 "011_Group11" 3 3 8 3 7
E2 "012_Group12" 6 7 12 12 16
F2 "013_Group13" 2 24 9 21 2
G2 "014_Group14" 0 0 2 1 6
H2 "015_Group15" 9 3 8 4 4
A3 "016_Group16" 7 12 11 4 7
B3 "017_Group17" 0 0 1 0 16
C3 "018_Group18" 9 2 2 1 6
D3 "019_Group19" 10 3 1 5 6
E3 "020_Group20" 0 0 3 5 0
F3 "021_Group21" 3 7 10 8 10
G3 "022_Group22" 1 4 15 3 9
H3 "023_Group23" 1 3 11 7 10
A4 "024_Group24" 19 14 10 14 12
B4 "025_Group25" 11 13 11 16 14
C4 "026_Group26" 22 32 6 14 15
D4 "027_Group27" 17 17 9 8 5
E4 "028_Group28" 25 14 10 7 11
F4 "029_Group29" 20 36 29 11 8
G4 "030_Group30" 20 25 14 17 12
H4 "031_Group31" 34 33 14 13 9
A5 "032_Group32" 9 9 15 11 9
B5 "033_Group33" 2 3 3 8 1
C5 "034_Group34" 10 16 14 15 16
D5 "035_Group35" 32 14 7 9 13
E5 "036_Group36" 11 17 23 8 3
F5 "037_Group37" 20 9 13 11 11
G5 "038_Group38" 25 31 21 21 21
H5 "039_Group39" 20 18 11 12 16
A6 "040_Group40" 11 29 11 5 10
B6 "041_Group41" 16 12 10 12 11
C6 "042_Group42" 6 7 12 7 20
D6 "043_Group43" 16 7 13 15 14
E6 "044_Group44" 11 16 16 15 26
F6 "045_Group45" 15 15 19 10 11
G6 "046_Group46" 25 14 21 19 13
H6 "047_Group47" 15 15 17 14 12
A7 "048_Group48" 31 14 10 9 15
B7 "049_Group49" 18 13 7 19 11
C7 "050_Group50" 37 34 12 17 19
D7 "051_Group51" 26 18 16 9 9
E7 "052_Group52" 6 12 11 7 11
F7 "053_Group53" 13 23 26 12 10
G7 "054_Group54" 10 22 14 6 9
H7 "055_Group55" 16 18 13 8 13
A8 "056_Group56" 12 10 13 2 14
B8 "057_Group57" 1 10 7 12 1
C8 "058_Group58" 0 4 0 11 0
D8 "059_Group59" 2 12 3 2 18
E8 "060_Group60" 2 2 10 10 1
F8 "061_Group61" 0 8 12 5 3
G8 "062_Group62" 1 1 8 2 9
H8 "063_Group63" 11 5 4 6 3
A9 "064_Group64" 22 16 14 7 7
B9 "065_Group65" 9 9 18 11 10
C9 "066_Group66" 14 14 12 15 7
D9 "067_Group67" 23 9 19 20 11
E9 "068_Group68" 23 11 9 8 14
F9 "069_Group69" 14 12 9 16 18
G9 "070_Group70" 26 21 7 8 7
H9 "071_Group71" 17 14 8 20 22
A10 "072_Group72" 15 14 10 12 16
B10 "073_Group73" 13 8 9 12 6
C10 "074_Group74" 9 8 12 17 11
D10 "075_Group75" 22 20 13 15 15
E10 "076_Group76" 11 19 11 8 16
F10 "077_Group77" 31 34 15 10 11
G10 "078_Group78" 21 13 12 7 20
H10 "079_Group79" 21 10 11 14 13
A11 "080_Group80" 36 24 10 12 9
B11 "081_Group81" 31 30 9 17 15
C11 "082_Group82" 28 16 8 11 11
D11 "083_Group83" 30 11 17 11 11
E11 "084_Group84" 28 32 19 13 12
F11 "085_Group85" 22 7 10 10 17
G11 "086_Group86" 42 33 15 9 13
H11 "087_Group87" 24 19 6 12 10
A12 "088_Group88" 31 22 12 10 10
B12 "089_Group89" 22 12 12 6 9
C12 "090_Group90" 17 14 10 13 9
D12 "091_Group91" 15 14 8 17 17
E12 "092_Group92" 10 8 17 10 9
F12 "093_Group93" 28 29 23 16 21
G12 "094_Group94" 10 13 9 10 16
H12 "095_Group95" 25 20 11 8 6

"<<<<<< Channel Activity >>>>>>"
Channel Well Group/Time[m] 2 4 6 8 10
CH0 A1.0 "000_Group0" 4 3 7 9 2
CH2 B1.0 "001_Group1" 1 11 5 4 3
CH4 C1.0 "002_Group2" 5 13 6 11 0
CH6 D1.0 "003_Group3" 13 11 8 11 14
CH8 E1.0 "004_Group4" 7 9 4 19 14
CH10 F1.0 "005_Group5" 5 13 1 14 21
CH12 G1.0 "006_Group6" 9 11 7 7 0
CH14 H1.0 "007_Group7" 13 21 20 10 9
CH32 A2.0 "008_Group8" 11 21 5 21 3
CH34 B2.0 "009_Group9" 3 8 6 7 7
CH36 C2.0 "010_Group10" 0 3 2 7 3
CH38 D2.0 "011_Group11" 3 3 8 3 7
CH40 E2.0 "012_Group12" 6 7 12 12 16
CH42 F2.0 "013_Group13" 2 24 9 21 2
CH44 G2.0 "014_Group14" 0 0 2 1 6
CH46 H2.0 "015_Group15" 9 3 8 4 4
CH64 A3.0 "016_Group16" 7 12 11 4 7
CH66 B3.0 "017_Group17" 0 0 1 0 16
CH68 C3.0 "018_Group18" 9 2 2 1 6
CH70 D3.0 "019_Group19" 10 3 1 5 6
CH72 E3.0 "020_Group20" 0 0 3 5 0
CH74 F3.0 "021_Group21" 3 7 10 8 10
CH76 G3.0 "022_Group22" 1 4 15 3 9
CH78 H3.0 "023_Group23" 1 3 11 7 10
CH96 A4.0 "024_Group24" 19 14 10 14 12
CH98 B4.0 "025_Group25" 11 13 11 16 14
CH100 C4.0 "026_Group26" 22 32 6 14 15
CH102 D4.0 "027_Group27" 17 17 9 8 5
CH104 E4.0 "028_Group28" 25 14 10 7 11
CH106 F4.0 "029_Group29" 20 36 29 11 8
CH108 G4.0 "030_Group30" 20 25 14 17 12
CH110 H4.0 "031_Group31" 34 33 14 13 9
CH128 A5.0 "032_Group32" 9 9 15 11 9
CH130 B5.0 "033_Group33" 2 3 3 8 1
CH132 C5.0 "034_Group34" 10 16 14 15 16
CH134 D5.0 "035_Group35" 32 14 7 9 13
CH136 E5.0 "036_Group36" 11 17 23 8 3
CH138 F5.0 "037_Group37" 20 9 13 11 11
CH140 G5.0 "038_Group38" 25 31 21 21 21
CH142 H5.0 "039_Group39" 20 18 11 12 16
CH160 A6.0 "040_Group40" 11 29 11 5 10
CH162 B6.0 "041_Group41" 16 12 10 12 11
CH164 C6.0 "042_Group42" 6 7 12 7 20
CH166 D6.0 "043_Group43" 16 7 13 15 14
CH168 E6.0 "044_Group44" 11 16 16 15 26
CH170 F6.0 "045_Group45" 15 15 19 10 11
CH172 G6.0 "046_Group46" 25 14 21 19 13
CH174 H6.0 "047_Group47" 15 15 17 14 12
CH192 A7.0 "048_Group48" 31 14 10 9 15
CH194 B7.0 "049_Group49" 18 13 7 19 11
CH196 C7.0 "050_Group50" 37 34 12 17 19
CH198 D7.0 "051_Group51" 26 18 16 9 9
CH200 E7.0 "052_Group52" 6 12 11 7 11
CH202 F7.0 "053_Group53" 13 23 26 12 10
CH204 G7.0 "054_Group54" 10 22 14 6 9
CH206 H7.0 "055_Group55" 16 18 13 8 13
CH224 A8.0 "056_Group56" 12 10 13 2 14
CH226 B8.0 "057_Group57" 1 10 7 12 1
CH228 C8.0 "058_Group58" 0 4 0 11 0
CH230 D8.0 "059_Group59" 2 12 3 2 18
CH232 E8.0 "060_Group60" 2 2 10 10 1
CH234 F8.0 "061_Group61" 0 8 12 5 3
CH236 G8.0 "062_Group62" 1 1 8 2 9
CH238 H8.0 "063_Group63" 11 5 4 6 3
CH256 A9.0 "064_Group64" 22 16 14 7 7
CH258 B9.0 "065_Group65" 9 9 18 11 10
CH260 C9.0 "066_Group66" 14 14 12 15 7
CH262 D9.0 "067_Group67" 23 9 19 20 11
CH264 E9.0 "068_Group68" 23 11 9 8 14
CH266 F9.0 "069_Group69" 14 12 9 16 18
CH268 G9.0 "070_Group70" 26 21 7 8 7
CH270 H9.0 "071_Group71" 17 14 8 20 22
CH288 A10.0 "072_Group72" 15 14 10 12 16
CH290 B10.0 "073_Group73" 13 8 9 12 6
CH292 C10.0 "074_Group74" 9 8 12 17 11
CH294 D10.0 "075_Group75" 22 20 13 15 15
CH296 E10.0 "076_Group76" 11 19 11 8 16
CH298 F10.0 "077_Group77" 31 34 15 10 11
CH300 G10.0 "078_Group78" 21 13 12 7 20
CH302 H10.0 "079_Group79" 21 10 11 14 13
CH320 A11.0 "080_Group80" 36 24 10 12 9
CH322 B11.0 "081_Group81" 31 30 9 17 15
CH324 C11.0 "082_Group82" 28 16 8 11 11
CH326 D11.0 "083_Group83" 30 11 17 11 11
CH328 E11.0 "084_Group84" 28 32 19 13 12
CH330 F11.0 "085_Group85" 22 7 10 10 17
CH332 G11.0 "086_Group86" 42 33 15 9 13
CH334 H11.0 "087_Group87" 24 19 6 12 10
CH352 A12.0 "088_Group88" 31 22 12 10 10
CH354 B12.0 "089_Group89" 22 12 12 6 9
CH356 C12.0 "090_Group90" 17 14 10 13 9
CH358 D12.0 "091_Group91" 15 14 8 17 17
CH360 E12.0 "092_Group92" 10 8 17 10 9
CH362 F12.0 "093_Group93" 28 29 23 16 21
CH364 G12.0 "094_Group94" 10 13 9 10 16
CH366 H12.0 "095_Group95" 25 20 11 8 6
