"DATE:" "3/2/2015 9:08:46 AM"
"FILE:" "C:\Users\AndersenLab\Desktop\wmicrotracker\p00011\20150302_0857"
"SUBPROJECT:" "20150302_Longevity_5_daf2"

"<<<<<< Group Activity: Average Activity Counts per Data Interval>>>>>>"
Group/Time[m] 2 4 6 8 10
"000_Group0" 0 2 0 0 1
"001_Group1" 0 1 2 0 0
"002_Group2" 0 2 6 4 5
"003_Group3" 28 2 16 10 4
"004_Group4" 9 5 2 4 16
"005_Group5" 0 7 7 11 13
"006_Group6" 3 1 6 2 4
"007_Group7" 10 11 10 12 8
"008_Group8" 0 7 2 11 12
"009_Group9" 7 7 3 7 5
"010_Group10" 1 0 0 1 0
"011_Group11" 3 4 10 11 5
"012_Group12" 0 6 6 7 10
"013_Group13" 8 2 4 3 6
"014_Group14" 3 0 0 0 0
"015_Group15" 0 3 7 8 2
"016_Group16" 6 2 0 0 0
"017_Group17" 0 0 0 0 0
"018_Group18" 0 0 0 0 0
"019_Group19" 0 0 0 0 0
"020_Group20" 2 0 3 1 9
"021_Group21" 2 8 9 7 9
"022_Group22" 3 4 0 8 5
"023_Group23" 2 2 11 7 4
"024_Group24" 18 23 10 14 18
"025_Group25" 0 0 0 0 0
"026_Group26" 16 23 12 8 3
"027_Group27" 25 24 18 13 13
"028_Group28" 28 21 24 19 22
"029_Group29" 4 24 20 6 6
"030_Group30" 22 14 15 12 1
"031_Group31" 31 15 4 2 1
"032_Group32" 11 3 4 7 0
"033_Group33" 6 0 2 1 0
"034_Group34" 18 11 4 10 7
"035_Group35" 12 8 4 4 5
"036_Group36" 1 8 1 4 1
"037_Group37" 8 10 9 2 4
"038_Group38" 21 14 32 4 8
"039_Group39" 17 13 12 19 27
"040_Group40" 11 19 16 2 7
"041_Group41" 10 8 0 3 1
"042_Group42" 4 7 2 3 0
"043_Group43" 5 0 0 0 0
"044_Group44" 6 11 12 24 7
"045_Group45" 10 13 12 5 7
"046_Group46" 7 8 7 5 5
"047_Group47" 9 19 5 6 6
"048_Group48" 20 17 14 9 7
"049_Group49" 21 15 9 3 8
"050_Group50" 28 25 12 12 11
"051_Group51" 12 17 8 14 4
"052_Group52" 34 27 7 10 10
"053_Group53" 19 13 23 23 7
"054_Group54" 26 20 12 25 13
"055_Group55" 17 14 3 5 9
"056_Group56" 13 1 14 1 8
"057_Group57" 7 7 11 16 14
"058_Group58" 0 0 0 0 1
"059_Group59" 0 0 0 0 0
"060_Group60" 0 2 0 2 2
"061_Group61" 0 8 4 8 7
"062_Group62" 6 13 5 2 7
"063_Group63" 6 6 3 9 4
"064_Group64" 4 7 1 3 3
"065_Group65" 26 12 4 3 0
"066_Group66" 23 0 0 2 0
"067_Group67" 22 25 13 2 0
"068_Group68" 12 6 6 1 4
"069_Group69" 4 9 0 0 2
"070_Group70" 5 3 0 3 4
"071_Group71" 7 3 3 4 7
"072_Group72" 5 0 0 0 0
"073_Group73" 12 8 15 18 12
"074_Group74" 15 12 8 6 0
"075_Group75" 12 7 6 5 4
"076_Group76" 12 11 9 8 0
"077_Group77" 6 16 2 3 4
"078_Group78" 16 0 0 0 0
"079_Group79" 10 16 10 1 1
"080_Group80" 22 23 10 5 8
"081_Group81" 35 8 9 4 3
"082_Group82" 6 16 6 11 3
"083_Group83" 5 8 0 3 1
"084_Group84" 27 6 10 6 6
"085_Group85" 26 1 0 0 0
"086_Group86" 7 7 0 1 0
"087_Group87" 0 2 1 0 0
"088_Group88" 9 11 9 4 4
"089_Group89" 0 0 0 0 0
"090_Group90" 7 0 0 0 0
"091_Group91" 2 3 0 0 0
"092_Group92" 0 0 0 0 0
"093_Group93" 9 7 1 2 2
"094_Group94" 1 0 0 1 2
"095_Group95" 4 1 1 0 0

"<<<<<< Group Activity: Number of wells/group >>>>>>"
Group/Time[m] 2 4 6 8 10
"000_Group0" 1 1 1 1 1
"001_Group1" 1 1 1 1 1
"002_Group2" 1 1 1 1 1
"003_Group3" 1 1 1 1 1
"004_Group4" 1 1 1 1 1
"005_Group5" 1 1 1 1 1
"006_Group6" 1 1 1 1 1
"007_Group7" 1 1 1 1 1
"008_Group8" 1 1 1 1 1
"009_Group9" 1 1 1 1 1
"010_Group10" 1 1 1 1 1
"011_Group11" 1 1 1 1 1
"012_Group12" 1 1 1 1 1
"013_Group13" 1 1 1 1 1
"014_Group14" 1 1 1 1 1
"015_Group15" 1 1 1 1 1
"016_Group16" 1 1 1 1 1
"017_Group17" 1 1 1 1 1
"018_Group18" 1 1 1 1 1
"019_Group19" 1 1 1 1 1
"020_Group20" 1 1 1 1 1
"021_Group21" 1 1 1 1 1
"022_Group22" 1 1 1 1 1
"023_Group23" 1 1 1 1 1
"024_Group24" 1 1 1 1 1
"025_Group25" 1 1 1 1 1
"026_Group26" 1 1 1 1 1
"027_Group27" 1 1 1 1 1
"028_Group28" 1 1 1 1 1
"029_Group29" 1 1 1 1 1
"030_Group30" 1 1 1 1 1
"031_Group31" 1 1 1 1 1
"032_Group32" 1 1 1 1 1
"033_Group33" 1 1 1 1 1
"034_Group34" 1 1 1 1 1
"035_Group35" 1 1 1 1 1
"036_Group36" 1 1 1 1 1
"037_Group37" 1 1 1 1 1
"038_Group38" 1 1 1 1 1
"039_Group39" 1 1 1 1 1
"040_Group40" 1 1 1 1 1
"041_Group41" 1 1 1 1 1
"042_Group42" 1 1 1 1 1
"043_Group43" 1 1 1 1 1
"044_Group44" 1 1 1 1 1
"045_Group45" 1 1 1 1 1
"046_Group46" 1 1 1 1 1
"047_Group47" 1 1 1 1 1
"048_Group48" 1 1 1 1 1
"049_Group49" 1 1 1 1 1
"050_Group50" 1 1 1 1 1
"051_Group51" 1 1 1 1 1
"052_Group52" 1 1 1 1 1
"053_Group53" 1 1 1 1 1
"054_Group54" 1 1 1 1 1
"055_Group55" 1 1 1 1 1
"056_Group56" 1 1 1 1 1
"057_Group57" 1 1 1 1 1
"058_Group58" 1 1 1 1 1
"059_Group59" 1 1 1 1 1
"060_Group60" 1 1 1 1 1
"061_Group61" 1 1 1 1 1
"062_Group62" 1 1 1 1 1
"063_Group63" 1 1 1 1 1
"064_Group64" 1 1 1 1 1
"065_Group65" 1 1 1 1 1
"066_Group66" 1 1 1 1 1
"067_Group67" 1 1 1 1 1
"068_Group68" 1 1 1 1 1
"069_Group69" 1 1 1 1 1
"070_Group70" 1 1 1 1 1
"071_Group71" 1 1 1 1 1
"072_Group72" 1 1 1 1 1
"073_Group73" 1 1 1 1 1
"074_Group74" 1 1 1 1 1
"075_Group75" 1 1 1 1 1
"076_Group76" 1 1 1 1 1
"077_Group77" 1 1 1 1 1
"078_Group78" 1 1 1 1 1
"079_Group79" 1 1 1 1 1
"080_Group80" 1 1 1 1 1
"081_Group81" 1 1 1 1 1
"082_Group82" 1 1 1 1 1
"083_Group83" 1 1 1 1 1
"084_Group84" 1 1 1 1 1
"085_Group85" 1 1 1 1 1
"086_Group86" 1 1 1 1 1
"087_Group87" 1 1 1 1 1
"088_Group88" 1 1 1 1 1
"089_Group89" 1 1 1 1 1
"090_Group90" 1 1 1 1 1
"091_Group91" 1 1 1 1 1
"092_Group92" 1 1 1 1 1
"093_Group93" 1 1 1 1 1
"094_Group94" 1 1 1 1 1
"095_Group95" 1 1 1 1 1

"<<<<<< Number of Samples per Acquisition Interval [1unit=500values] >>>>>>"
Time[m] 2 4 6 8 10 
#Samples 2 2 2 2 2 

"<<<<<< Average Temperature [°C] >>>>>>"
Time[m] 2 4 6 8 10 
Temp[°C] 20.9 21.1 21.0 21.1 21.1 

"<<<<<< Well Activity >>>>>>"
Well Group/Time[m] 2 4 6 8 10
A1 "000_Group0" 0 2 0 0 1
B1 "001_Group1" 0 1 2 0 0
C1 "002_Group2" 0 2 6 4 5
D1 "003_Group3" 28 2 16 10 4
E1 "004_Group4" 9 5 2 4 16
F1 "005_Group5" 0 7 7 11 13
G1 "006_Group6" 3 1 6 2 4
H1 "007_Group7" 10 11 10 12 8
A2 "008_Group8" 0 7 2 11 12
B2 "009_Group9" 7 7 3 7 5
C2 "010_Group10" 1 0 0 1 0
D2 "011_Group11" 3 4 10 11 5
E2 "012_Group12" 0 6 6 7 10
F2 "013_Group13" 8 2 4 3 6
G2 "014_Group14" 3 0 0 0 0
H2 "015_Group15" 0 3 7 8 2
A3 "016_Group16" 6 2 0 0 0
B3 "017_Group17" 0 0 0 0 0
C3 "018_Group18" 0 0 0 0 0
D3 "019_Group19" 0 0 0 0 0
E3 "020_Group20" 2 0 3 1 9
F3 "021_Group21" 2 8 9 7 9
G3 "022_Group22" 3 4 0 8 5
H3 "023_Group23" 2 2 11 7 4
A4 "024_Group24" 18 23 10 14 18
B4 "025_Group25" 0 0 0 0 0
C4 "026_Group26" 16 23 12 8 3
D4 "027_Group27" 25 24 18 13 13
E4 "028_Group28" 28 21 24 19 22
F4 "029_Group29" 4 24 20 6 6
G4 "030_Group30" 22 14 15 12 1
H4 "031_Group31" 31 15 4 2 1
A5 "032_Group32" 11 3 4 7 0
B5 "033_Group33" 6 0 2 1 0
C5 "034_Group34" 18 11 4 10 7
D5 "035_Group35" 12 8 4 4 5
E5 "036_Group36" 1 8 1 4 1
F5 "037_Group37" 8 10 9 2 4
G5 "038_Group38" 21 14 32 4 8
H5 "039_Group39" 17 13 12 19 27
A6 "040_Group40" 11 19 16 2 7
B6 "041_Group41" 10 8 0 3 1
C6 "042_Group42" 4 7 2 3 0
D6 "043_Group43" 5 0 0 0 0
E6 "044_Group44" 6 11 12 24 7
F6 "045_Group45" 10 13 12 5 7
G6 "046_Group46" 7 8 7 5 5
H6 "047_Group47" 9 19 5 6 6
A7 "048_Group48" 20 17 14 9 7
B7 "049_Group49" 21 15 9 3 8
C7 "050_Group50" 28 25 12 12 11
D7 "051_Group51" 12 17 8 14 4
E7 "052_Group52" 34 27 7 10 10
F7 "053_Group53" 19 13 23 23 7
G7 "054_Group54" 26 20 12 25 13
H7 "055_Group55" 17 14 3 5 9
A8 "056_Group56" 13 1 14 1 8
B8 "057_Group57" 7 7 11 16 14
C8 "058_Group58" 0 0 0 0 1
D8 "059_Group59" 0 0 0 0 0
E8 "060_Group60" 0 2 0 2 2
F8 "061_Group61" 0 8 4 8 7
G8 "062_Group62" 6 13 5 2 7
H8 "063_Group63" 6 6 3 9 4
A9 "064_Group64" 4 7 1 3 3
B9 "065_Group65" 26 12 4 3 0
C9 "066_Group66" 23 0 0 2 0
D9 "067_Group67" 22 25 13 2 0
E9 "068_Group68" 12 6 6 1 4
F9 "069_Group69" 4 9 0 0 2
G9 "070_Group70" 5 3 0 3 4
H9 "071_Group71" 7 3 3 4 7
A10 "072_Group72" 5 0 0 0 0
B10 "073_Group73" 12 8 15 18 12
C10 "074_Group74" 15 12 8 6 0
D10 "075_Group75" 12 7 6 5 4
E10 "076_Group76" 12 11 9 8 0
F10 "077_Group77" 6 16 2 3 4
G10 "078_Group78" 16 0 0 0 0
H10 "079_Group79" 10 16 10 1 1
A11 "080_Group80" 22 23 10 5 8
B11 "081_Group81" 35 8 9 4 3
C11 "082_Group82" 6 16 6 11 3
D11 "083_Group83" 5 8 0 3 1
E11 "084_Group84" 27 6 10 6 6
F11 "085_Group85" 26 1 0 0 0
G11 "086_Group86" 7 7 0 1 0
H11 "087_Group87" 0 2 1 0 0
A12 "088_Group88" 9 11 9 4 4
B12 "089_Group89" 0 0 0 0 0
C12 "090_Group90" 7 0 0 0 0
D12 "091_Group91" 2 3 0 0 0
E12 "092_Group92" 0 0 0 0 0
F12 "093_Group93" 9 7 1 2 2
G12 "094_Group94" 1 0 0 1 2
H12 "095_Group95" 4 1 1 0 0

"<<<<<< Channel Activity >>>>>>"
Channel Well Group/Time[m] 2 4 6 8 10
CH0 A1.0 "000_Group0" 0 2 0 0 1
CH2 B1.0 "001_Group1" 0 1 2 0 0
CH4 C1.0 "002_Group2" 0 2 6 4 5
CH6 D1.0 "003_Group3" 28 2 16 10 4
CH8 E1.0 "004_Group4" 9 5 2 4 16
CH10 F1.0 "005_Group5" 0 7 7 11 13
CH12 G1.0 "006_Group6" 3 1 6 2 4
CH14 H1.0 "007_Group7" 10 11 10 12 8
CH32 A2.0 "008_Group8" 0 7 2 11 12
CH34 B2.0 "009_Group9" 7 7 3 7 5
CH36 C2.0 "010_Group10" 1 0 0 1 0
CH38 D2.0 "011_Group11" 3 4 10 11 5
CH40 E2.0 "012_Group12" 0 6 6 7 10
CH42 F2.0 "013_Group13" 8 2 4 3 6
CH44 G2.0 "014_Group14" 3 0 0 0 0
CH46 H2.0 "015_Group15" 0 3 7 8 2
CH64 A3.0 "016_Group16" 6 2 0 0 0
CH66 B3.0 "017_Group17" 0 0 0 0 0
CH68 C3.0 "018_Group18" 0 0 0 0 0
CH70 D3.0 "019_Group19" 0 0 0 0 0
CH72 E3.0 "020_Group20" 2 0 3 1 9
CH74 F3.0 "021_Group21" 2 8 9 7 9
CH76 G3.0 "022_Group22" 3 4 0 8 5
CH78 H3.0 "023_Group23" 2 2 11 7 4
CH96 A4.0 "024_Group24" 18 23 10 14 18
CH98 B4.0 "025_Group25" 0 0 0 0 0
CH100 C4.0 "026_Group26" 16 23 12 8 3
CH102 D4.0 "027_Group27" 25 24 18 13 13
CH104 E4.0 "028_Group28" 28 21 24 19 22
CH106 F4.0 "029_Group29" 4 24 20 6 6
CH108 G4.0 "030_Group30" 22 14 15 12 1
CH110 H4.0 "031_Group31" 31 15 4 2 1
CH128 A5.0 "032_Group32" 11 3 4 7 0
CH130 B5.0 "033_Group33" 6 0 2 1 0
CH132 C5.0 "034_Group34" 18 11 4 10 7
CH134 D5.0 "035_Group35" 12 8 4 4 5
CH136 E5.0 "036_Group36" 1 8 1 4 1
CH138 F5.0 "037_Group37" 8 10 9 2 4
CH140 G5.0 "038_Group38" 21 14 32 4 8
CH142 H5.0 "039_Group39" 17 13 12 19 27
CH160 A6.0 "040_Group40" 11 19 16 2 7
CH162 B6.0 "041_Group41" 10 8 0 3 1
CH164 C6.0 "042_Group42" 4 7 2 3 0
CH166 D6.0 "043_Group43" 5 0 0 0 0
CH168 E6.0 "044_Group44" 6 11 12 24 7
CH170 F6.0 "045_Group45" 10 13 12 5 7
CH172 G6.0 "046_Group46" 7 8 7 5 5
CH174 H6.0 "047_Group47" 9 19 5 6 6
CH192 A7.0 "048_Group48" 20 17 14 9 7
CH194 B7.0 "049_Group49" 21 15 9 3 8
CH196 C7.0 "050_Group50" 28 25 12 12 11
CH198 D7.0 "051_Group51" 12 17 8 14 4
CH200 E7.0 "052_Group52" 34 27 7 10 10
CH202 F7.0 "053_Group53" 19 13 23 23 7
CH204 G7.0 "054_Group54" 26 20 12 25 13
CH206 H7.0 "055_Group55" 17 14 3 5 9
CH224 A8.0 "056_Group56" 13 1 14 1 8
CH226 B8.0 "057_Group57" 7 7 11 16 14
CH228 C8.0 "058_Group58" 0 0 0 0 1
CH230 D8.0 "059_Group59" 0 0 0 0 0
CH232 E8.0 "060_Group60" 0 2 0 2 2
CH234 F8.0 "061_Group61" 0 8 4 8 7
CH236 G8.0 "062_Group62" 6 13 5 2 7
CH238 H8.0 "063_Group63" 6 6 3 9 4
CH256 A9.0 "064_Group64" 4 7 1 3 3
CH258 B9.0 "065_Group65" 26 12 4 3 0
CH260 C9.0 "066_Group66" 23 0 0 2 0
CH262 D9.0 "067_Group67" 22 25 13 2 0
CH264 E9.0 "068_Group68" 12 6 6 1 4
CH266 F9.0 "069_Group69" 4 9 0 0 2
CH268 G9.0 "070_Group70" 5 3 0 3 4
CH270 H9.0 "071_Group71" 7 3 3 4 7
CH288 A10.0 "072_Group72" 5 0 0 0 0
CH290 B10.0 "073_Group73" 12 8 15 18 12
CH292 C10.0 "074_Group74" 15 12 8 6 0
CH294 D10.0 "075_Group75" 12 7 6 5 4
CH296 E10.0 "076_Group76" 12 11 9 8 0
CH298 F10.0 "077_Group77" 6 16 2 3 4
CH300 G10.0 "078_Group78" 16 0 0 0 0
CH302 H10.0 "079_Group79" 10 16 10 1 1
CH320 A11.0 "080_Group80" 22 23 10 5 8
CH322 B11.0 "081_Group81" 35 8 9 4 3
CH324 C11.0 "082_Group82" 6 16 6 11 3
CH326 D11.0 "083_Group83" 5 8 0 3 1
CH328 E11.0 "084_Group84" 27 6 10 6 6
CH330 F11.0 "085_Group85" 26 1 0 0 0
CH332 G11.0 "086_Group86" 7 7 0 1 0
CH334 H11.0 "087_Group87" 0 2 1 0 0
CH352 A12.0 "088_Group88" 9 11 9 4 4
CH354 B12.0 "089_Group89" 0 0 0 0 0
CH356 C12.0 "090_Group90" 7 0 0 0 0
CH358 D12.0 "091_Group91" 2 3 0 0 0
CH360 E12.0 "092_Group92" 0 0 0 0 0
CH362 F12.0 "093_Group93" 9 7 1 2 2
CH364 G12.0 "094_Group94" 1 0 0 1 2
CH366 H12.0 "095_Group95" 4 1 1 0 0
