"DATE:" "2/21/2015 9:28:11 AM"
"FILE:" "C:\Users\AndersenLab\Desktop\wmicrotracker\p00011\20150221_0915"
"SUBPROJECT:" "20150221_Longvity_5_daf2"

"<<<<<< Group Activity: Average Activity Counts per Data Interval>>>>>>"
Group/Time[m] 2 4 6 8 10
"000_Group0" 18 16 16 24 10
"001_Group1" 26 15 19 14 17
"002_Group2" 13 19 23 16 19
"003_Group3" 27 17 23 19 13
"004_Group4" 28 18 14 20 24
"005_Group5" 19 14 5 23 15
"006_Group6" 19 12 17 18 23
"007_Group7" 17 16 28 22 18
"008_Group8" 29 11 10 11 13
"009_Group9" 28 14 15 20 19
"010_Group10" 17 25 19 19 27
"011_Group11" 26 7 15 11 14
"012_Group12" 8 11 9 12 41
"013_Group13" 18 10 16 13 20
"014_Group14" 16 8 6 14 3
"015_Group15" 21 21 22 19 15
"016_Group16" 18 8 12 9 15
"017_Group17" 10 14 16 17 17
"018_Group18" 13 14 7 15 10
"019_Group19" 11 14 11 14 6
"020_Group20" 27 27 17 12 5
"021_Group21" 19 13 12 13 10
"022_Group22" 15 18 13 15 17
"023_Group23" 21 15 8 8 17
"024_Group24" 25 24 30 32 25
"025_Group25" 38 27 31 27 30
"026_Group26" 30 37 28 28 35
"027_Group27" 28 39 42 32 42
"028_Group28" 38 36 29 27 17
"029_Group29" 28 29 26 15 22
"030_Group30" 57 47 53 44 44
"031_Group31" 32 33 31 23 25
"032_Group32" 41 43 48 36 49
"033_Group33" 23 27 16 23 11
"034_Group34" 22 25 29 18 18
"035_Group35" 31 31 37 26 27
"036_Group36" 49 43 30 45 38
"037_Group37" 42 39 28 33 33
"038_Group38" 30 40 29 28 27
"039_Group39" 33 26 30 25 35
"040_Group40" 20 24 23 24 24
"041_Group41" 28 32 30 26 28
"042_Group42" 32 25 25 33 12
"043_Group43" 31 26 25 17 28
"044_Group44" 27 30 33 22 26
"045_Group45" 25 25 21 34 19
"046_Group46" 21 23 31 33 31
"047_Group47" 16 28 25 25 18
"048_Group48" 25 31 25 37 36
"049_Group49" 44 20 28 28 27
"050_Group50" 30 35 24 29 27
"051_Group51" 35 31 20 20 36
"052_Group52" 21 34 33 26 41
"053_Group53" 42 19 21 22 31
"054_Group54" 32 34 28 24 27
"055_Group55" 21 25 24 24 24
"056_Group56" 28 18 10 12 21
"057_Group57" 19 25 12 11 18
"058_Group58" 39 32 29 30 6
"059_Group59" 18 8 17 11 4
"060_Group60" 13 19 11 11 14
"061_Group61" 11 13 9 25 17
"062_Group62" 13 10 7 23 19
"063_Group63" 6 11 19 19 11
"064_Group64" 18 19 20 38 20
"065_Group65" 22 21 16 28 18
"066_Group66" 27 30 35 22 22
"067_Group67" 32 31 14 39 34
"068_Group68" 19 25 22 23 26
"069_Group69" 29 35 19 37 26
"070_Group70" 11 12 17 10 23
"071_Group71" 40 21 21 23 39
"072_Group72" 35 27 27 28 13
"073_Group73" 17 19 27 34 13
"074_Group74" 25 26 20 32 32
"075_Group75" 19 25 30 30 25
"076_Group76" 18 27 22 13 33
"077_Group77" 24 32 23 24 25
"078_Group78" 43 36 22 42 40
"079_Group79" 26 20 17 22 21
"080_Group80" 32 33 38 18 27
"081_Group81" 44 35 27 36 35
"082_Group82" 36 45 46 20 27
"083_Group83" 30 46 23 20 34
"084_Group84" 27 27 37 26 38
"085_Group85" 21 20 26 21 18
"086_Group86" 31 24 39 30 33
"087_Group87" 27 28 24 24 21
"088_Group88" 32 44 26 44 13
"089_Group89" 30 32 31 29 28
"090_Group90" 14 15 33 20 20
"091_Group91" 35 22 27 22 20
"092_Group92" 26 13 25 23 16
"093_Group93" 16 12 15 14 27
"094_Group94" 25 35 19 28 15
"095_Group95" 12 30 28 19 26

"<<<<<< Group Activity: Number of wells/group >>>>>>"
Group/Time[m] 2 4 6 8 10
"000_Group0" 1 1 1 1 1
"001_Group1" 1 1 1 1 1
"002_Group2" 1 1 1 1 1
"003_Group3" 1 1 1 1 1
"004_Group4" 1 1 1 1 1
"005_Group5" 1 1 1 1 1
"006_Group6" 1 1 1 1 1
"007_Group7" 1 1 1 1 1
"008_Group8" 1 1 1 1 1
"009_Group9" 1 1 1 1 1
"010_Group10" 1 1 1 1 1
"011_Group11" 1 1 1 1 1
"012_Group12" 1 1 1 1 1
"013_Group13" 1 1 1 1 1
"014_Group14" 1 1 1 1 1
"015_Group15" 1 1 1 1 1
"016_Group16" 1 1 1 1 1
"017_Group17" 1 1 1 1 1
"018_Group18" 1 1 1 1 1
"019_Group19" 1 1 1 1 1
"020_Group20" 1 1 1 1 1
"021_Group21" 1 1 1 1 1
"022_Group22" 1 1 1 1 1
"023_Group23" 1 1 1 1 1
"024_Group24" 1 1 1 1 1
"025_Group25" 1 1 1 1 1
"026_Group26" 1 1 1 1 1
"027_Group27" 1 1 1 1 1
"028_Group28" 1 1 1 1 1
"029_Group29" 1 1 1 1 1
"030_Group30" 1 1 1 1 1
"031_Group31" 1 1 1 1 1
"032_Group32" 1 1 1 1 1
"033_Group33" 1 1 1 1 1
"034_Group34" 1 1 1 1 1
"035_Group35" 1 1 1 1 1
"036_Group36" 1 1 1 1 1
"037_Group37" 1 1 1 1 1
"038_Group38" 1 1 1 1 1
"039_Group39" 1 1 1 1 1
"040_Group40" 1 1 1 1 1
"041_Group41" 1 1 1 1 1
"042_Group42" 1 1 1 1 1
"043_Group43" 1 1 1 1 1
"044_Group44" 1 1 1 1 1
"045_Group45" 1 1 1 1 1
"046_Group46" 1 1 1 1 1
"047_Group47" 1 1 1 1 1
"048_Group48" 1 1 1 1 1
"049_Group49" 1 1 1 1 1
"050_Group50" 1 1 1 1 1
"051_Group51" 1 1 1 1 1
"052_Group52" 1 1 1 1 1
"053_Group53" 1 1 1 1 1
"054_Group54" 1 1 1 1 1
"055_Group55" 1 1 1 1 1
"056_Group56" 1 1 1 1 1
"057_Group57" 1 1 1 1 1
"058_Group58" 1 1 1 1 1
"059_Group59" 1 1 1 1 1
"060_Group60" 1 1 1 1 1
"061_Group61" 1 1 1 1 1
"062_Group62" 1 1 1 1 1
"063_Group63" 1 1 1 1 1
"064_Group64" 1 1 1 1 1
"065_Group65" 1 1 1 1 1
"066_Group66" 1 1 1 1 1
"067_Group67" 1 1 1 1 1
"068_Group68" 1 1 1 1 1
"069_Group69" 1 1 1 1 1
"070_Group70" 1 1 1 1 1
"071_Group71" 1 1 1 1 1
"072_Group72" 1 1 1 1 1
"073_Group73" 1 1 1 1 1
"074_Group74" 1 1 1 1 1
"075_Group75" 1 1 1 1 1
"076_Group76" 1 1 1 1 1
"077_Group77" 1 1 1 1 1
"078_Group78" 1 1 1 1 1
"079_Group79" 1 1 1 1 1
"080_Group80" 1 1 1 1 1
"081_Group81" 1 1 1 1 1
"082_Group82" 1 1 1 1 1
"083_Group83" 1 1 1 1 1
"084_Group84" 1 1 1 1 1
"085_Group85" 1 1 1 1 1
"086_Group86" 1 1 1 1 1
"087_Group87" 1 1 1 1 1
"088_Group88" 1 1 1 1 1
"089_Group89" 1 1 1 1 1
"090_Group90" 1 1 1 1 1
"091_Group91" 1 1 1 1 1
"092_Group92" 1 1 1 1 1
"093_Group93" 1 1 1 1 1
"094_Group94" 1 1 1 1 1
"095_Group95" 1 1 1 1 1

"<<<<<< Number of Samples per Acquisition Interval [1unit=500values] >>>>>>"
Time[m] 2 4 6 8 10 
#Samples 2 2 2 2 2 

"<<<<<< Average Temperature [°C] >>>>>>"
Time[m] 2 4 6 8 10 
Temp[°C] 21.6 21.6 21.7 21.7 21.6 

"<<<<<< Well Activity >>>>>>"
Well Group/Time[m] 2 4 6 8 10
A1 "000_Group0" 18 16 16 24 10
B1 "001_Group1" 26 15 19 14 17
C1 "002_Group2" 13 19 23 16 19
D1 "003_Group3" 27 17 23 19 13
E1 "004_Group4" 28 18 14 20 24
F1 "005_Group5" 19 14 5 23 15
G1 "006_Group6" 19 12 17 18 23
H1 "007_Group7" 17 16 28 22 18
A2 "008_Group8" 29 11 10 11 13
B2 "009_Group9" 28 14 15 20 19
C2 "010_Group10" 17 25 19 19 27
D2 "011_Group11" 26 7 15 11 14
E2 "012_Group12" 8 11 9 12 41
F2 "013_Group13" 18 10 16 13 20
G2 "014_Group14" 16 8 6 14 3
H2 "015_Group15" 21 21 22 19 15
A3 "016_Group16" 18 8 12 9 15
B3 "017_Group17" 10 14 16 17 17
C3 "018_Group18" 13 14 7 15 10
D3 "019_Group19" 11 14 11 14 6
E3 "020_Group20" 27 27 17 12 5
F3 "021_Group21" 19 13 12 13 10
G3 "022_Group22" 15 18 13 15 17
H3 "023_Group23" 21 15 8 8 17
A4 "024_Group24" 25 24 30 32 25
B4 "025_Group25" 38 27 31 27 30
C4 "026_Group26" 30 37 28 28 35
D4 "027_Group27" 28 39 42 32 42
E4 "028_Group28" 38 36 29 27 17
F4 "029_Group29" 28 29 26 15 22
G4 "030_Group30" 57 47 53 44 44
H4 "031_Group31" 32 33 31 23 25
A5 "032_Group32" 41 43 48 36 49
B5 "033_Group33" 23 27 16 23 11
C5 "034_Group34" 22 25 29 18 18
D5 "035_Group35" 31 31 37 26 27
E5 "036_Group36" 49 43 30 45 38
F5 "037_Group37" 42 39 28 33 33
G5 "038_Group38" 30 40 29 28 27
H5 "039_Group39" 33 26 30 25 35
A6 "040_Group40" 20 24 23 24 24
B6 "041_Group41" 28 32 30 26 28
C6 "042_Group42" 32 25 25 33 12
D6 "043_Group43" 31 26 25 17 28
E6 "044_Group44" 27 30 33 22 26
F6 "045_Group45" 25 25 21 34 19
G6 "046_Group46" 21 23 31 33 31
H6 "047_Group47" 16 28 25 25 18
A7 "048_Group48" 25 31 25 37 36
B7 "049_Group49" 44 20 28 28 27
C7 "050_Group50" 30 35 24 29 27
D7 "051_Group51" 35 31 20 20 36
E7 "052_Group52" 21 34 33 26 41
F7 "053_Group53" 42 19 21 22 31
G7 "054_Group54" 32 34 28 24 27
H7 "055_Group55" 21 25 24 24 24
A8 "056_Group56" 28 18 10 12 21
B8 "057_Group57" 19 25 12 11 18
C8 "058_Group58" 39 32 29 30 6
D8 "059_Group59" 18 8 17 11 4
E8 "060_Group60" 13 19 11 11 14
F8 "061_Group61" 11 13 9 25 17
G8 "062_Group62" 13 10 7 23 19
H8 "063_Group63" 6 11 19 19 11
A9 "064_Group64" 18 19 20 38 20
B9 "065_Group65" 22 21 16 28 18
C9 "066_Group66" 27 30 35 22 22
D9 "067_Group67" 32 31 14 39 34
E9 "068_Group68" 19 25 22 23 26
F9 "069_Group69" 29 35 19 37 26
G9 "070_Group70" 11 12 17 10 23
H9 "071_Group71" 40 21 21 23 39
A10 "072_Group72" 35 27 27 28 13
B10 "073_Group73" 17 19 27 34 13
C10 "074_Group74" 25 26 20 32 32
D10 "075_Group75" 19 25 30 30 25
E10 "076_Group76" 18 27 22 13 33
F10 "077_Group77" 24 32 23 24 25
G10 "078_Group78" 43 36 22 42 40
H10 "079_Group79" 26 20 17 22 21
A11 "080_Group80" 32 33 38 18 27
B11 "081_Group81" 44 35 27 36 35
C11 "082_Group82" 36 45 46 20 27
D11 "083_Group83" 30 46 23 20 34
E11 "084_Group84" 27 27 37 26 38
F11 "085_Group85" 21 20 26 21 18
G11 "086_Group86" 31 24 39 30 33
H11 "087_Group87" 27 28 24 24 21
A12 "088_Group88" 32 44 26 44 13
B12 "089_Group89" 30 32 31 29 28
C12 "090_Group90" 14 15 33 20 20
D12 "091_Group91" 35 22 27 22 20
E12 "092_Group92" 26 13 25 23 16
F12 "093_Group93" 16 12 15 14 27
G12 "094_Group94" 25 35 19 28 15
H12 "095_Group95" 12 30 28 19 26

"<<<<<< Channel Activity >>>>>>"
Channel Well Group/Time[m] 2 4 6 8 10
CH0 A1.0 "000_Group0" 18 16 16 24 10
CH2 B1.0 "001_Group1" 26 15 19 14 17
CH4 C1.0 "002_Group2" 13 19 23 16 19
CH6 D1.0 "003_Group3" 27 17 23 19 13
CH8 E1.0 "004_Group4" 28 18 14 20 24
CH10 F1.0 "005_Group5" 19 14 5 23 15
CH12 G1.0 "006_Group6" 19 12 17 18 23
CH14 H1.0 "007_Group7" 17 16 28 22 18
CH32 A2.0 "008_Group8" 29 11 10 11 13
CH34 B2.0 "009_Group9" 28 14 15 20 19
CH36 C2.0 "010_Group10" 17 25 19 19 27
CH38 D2.0 "011_Group11" 26 7 15 11 14
CH40 E2.0 "012_Group12" 8 11 9 12 41
CH42 F2.0 "013_Group13" 18 10 16 13 20
CH44 G2.0 "014_Group14" 16 8 6 14 3
CH46 H2.0 "015_Group15" 21 21 22 19 15
CH64 A3.0 "016_Group16" 18 8 12 9 15
CH66 B3.0 "017_Group17" 10 14 16 17 17
CH68 C3.0 "018_Group18" 13 14 7 15 10
CH70 D3.0 "019_Group19" 11 14 11 14 6
CH72 E3.0 "020_Group20" 27 27 17 12 5
CH74 F3.0 "021_Group21" 19 13 12 13 10
CH76 G3.0 "022_Group22" 15 18 13 15 17
CH78 H3.0 "023_Group23" 21 15 8 8 17
CH96 A4.0 "024_Group24" 25 24 30 32 25
CH98 B4.0 "025_Group25" 38 27 31 27 30
CH100 C4.0 "026_Group26" 30 37 28 28 35
CH102 D4.0 "027_Group27" 28 39 42 32 42
CH104 E4.0 "028_Group28" 38 36 29 27 17
CH106 F4.0 "029_Group29" 28 29 26 15 22
CH108 G4.0 "030_Group30" 57 47 53 44 44
CH110 H4.0 "031_Group31" 32 33 31 23 25
CH128 A5.0 "032_Group32" 41 43 48 36 49
CH130 B5.0 "033_Group33" 23 27 16 23 11
CH132 C5.0 "034_Group34" 22 25 29 18 18
CH134 D5.0 "035_Group35" 31 31 37 26 27
CH136 E5.0 "036_Group36" 49 43 30 45 38
CH138 F5.0 "037_Group37" 42 39 28 33 33
CH140 G5.0 "038_Group38" 30 40 29 28 27
CH142 H5.0 "039_Group39" 33 26 30 25 35
CH160 A6.0 "040_Group40" 20 24 23 24 24
CH162 B6.0 "041_Group41" 28 32 30 26 28
CH164 C6.0 "042_Group42" 32 25 25 33 12
CH166 D6.0 "043_Group43" 31 26 25 17 28
CH168 E6.0 "044_Group44" 27 30 33 22 26
CH170 F6.0 "045_Group45" 25 25 21 34 19
CH172 G6.0 "046_Group46" 21 23 31 33 31
CH174 H6.0 "047_Group47" 16 28 25 25 18
CH192 A7.0 "048_Group48" 25 31 25 37 36
CH194 B7.0 "049_Group49" 44 20 28 28 27
CH196 C7.0 "050_Group50" 30 35 24 29 27
CH198 D7.0 "051_Group51" 35 31 20 20 36
CH200 E7.0 "052_Group52" 21 34 33 26 41
CH202 F7.0 "053_Group53" 42 19 21 22 31
CH204 G7.0 "054_Group54" 32 34 28 24 27
CH206 H7.0 "055_Group55" 21 25 24 24 24
CH224 A8.0 "056_Group56" 28 18 10 12 21
CH226 B8.0 "057_Group57" 19 25 12 11 18
CH228 C8.0 "058_Group58" 39 32 29 30 6
CH230 D8.0 "059_Group59" 18 8 17 11 4
CH232 E8.0 "060_Group60" 13 19 11 11 14
CH234 F8.0 "061_Group61" 11 13 9 25 17
CH236 G8.0 "062_Group62" 13 10 7 23 19
CH238 H8.0 "063_Group63" 6 11 19 19 11
CH256 A9.0 "064_Group64" 18 19 20 38 20
CH258 B9.0 "065_Group65" 22 21 16 28 18
CH260 C9.0 "066_Group66" 27 30 35 22 22
CH262 D9.0 "067_Group67" 32 31 14 39 34
CH264 E9.0 "068_Group68" 19 25 22 23 26
CH266 F9.0 "069_Group69" 29 35 19 37 26
CH268 G9.0 "070_Group70" 11 12 17 10 23
CH270 H9.0 "071_Group71" 40 21 21 23 39
CH288 A10.0 "072_Group72" 35 27 27 28 13
CH290 B10.0 "073_Group73" 17 19 27 34 13
CH292 C10.0 "074_Group74" 25 26 20 32 32
CH294 D10.0 "075_Group75" 19 25 30 30 25
CH296 E10.0 "076_Group76" 18 27 22 13 33
CH298 F10.0 "077_Group77" 24 32 23 24 25
CH300 G10.0 "078_Group78" 43 36 22 42 40
CH302 H10.0 "079_Group79" 26 20 17 22 21
CH320 A11.0 "080_Group80" 32 33 38 18 27
CH322 B11.0 "081_Group81" 44 35 27 36 35
CH324 C11.0 "082_Group82" 36 45 46 20 27
CH326 D11.0 "083_Group83" 30 46 23 20 34
CH328 E11.0 "084_Group84" 27 27 37 26 38
CH330 F11.0 "085_Group85" 21 20 26 21 18
CH332 G11.0 "086_Group86" 31 24 39 30 33
CH334 H11.0 "087_Group87" 27 28 24 24 21
CH352 A12.0 "088_Group88" 32 44 26 44 13
CH354 B12.0 "089_Group89" 30 32 31 29 28
CH356 C12.0 "090_Group90" 14 15 33 20 20
CH358 D12.0 "091_Group91" 35 22 27 22 20
CH360 E12.0 "092_Group92" 26 13 25 23 16
CH362 F12.0 "093_Group93" 16 12 15 14 27
CH364 G12.0 "094_Group94" 25 35 19 28 15
CH366 H12.0 "095_Group95" 12 30 28 19 26
