"DATE:" "3/4/2015 9:07:51 AM"
"FILE:" "C:\Users\AndersenLab\Desktop\wmicrotracker\p00011\20150304_0855"
"SUBPROJECT:" "20150304_Longevity_5_daf2"

"<<<<<< Group Activity: Average Activity Counts per Data Interval>>>>>>"
Group/Time[m] 2 4 6 8 10
"000_Group0" 0 0 0 0 4
"001_Group1" 2 0 0 0 0
"002_Group2" 0 2 0 0 3
"003_Group3" 0 3 4 7 6
"004_Group4" 0 0 1 1 1
"005_Group5" 2 0 2 4 1
"006_Group6" 6 1 0 6 4
"007_Group7" 10 4 1 1 2
"008_Group8" 0 0 0 4 7
"009_Group9" 1 0 2 0 6
"010_Group10" 0 0 0 0 0
"011_Group11" 3 0 0 3 0
"012_Group12" 0 0 2 1 6
"013_Group13" 0 3 10 5 9
"014_Group14" 0 0 0 0 0
"015_Group15" 0 3 0 2 0
"016_Group16" 0 0 0 0 0
"017_Group17" 6 4 0 5 0
"018_Group18" 0 0 0 0 0
"019_Group19" 10 0 0 0 0
"020_Group20" 0 1 0 0 0
"021_Group21" 0 2 4 8 3
"022_Group22" 3 1 0 0 0
"023_Group23" 11 7 5 0 1
"024_Group24" 18 0 1 2 1
"025_Group25" 1 0 0 0 0
"026_Group26" 13 11 11 7 6
"027_Group27" 23 24 20 20 6
"028_Group28" 21 12 18 7 2
"029_Group29" 29 12 19 5 15
"030_Group30" 13 10 15 10 8
"031_Group31" 12 9 6 3 0
"032_Group32" 6 5 1 0 0
"033_Group33" 5 0 0 0 0
"034_Group34" 16 10 11 9 8
"035_Group35" 19 8 7 4 12
"036_Group36" 6 0 0 0 1
"037_Group37" 1 9 17 11 14
"038_Group38" 9 9 0 4 10
"039_Group39" 8 11 5 6 6
"040_Group40" 2 0 1 2 1
"041_Group41" 8 6 9 6 1
"042_Group42" 3 0 0 0 0
"043_Group43" 0 0 1 0 0
"044_Group44" 12 4 1 0 5
"045_Group45" 4 2 1 0 0
"046_Group46" 10 8 1 0 0
"047_Group47" 5 3 9 1 2
"048_Group48" 29 29 28 14 21
"049_Group49" 5 2 0 2 0
"050_Group50" 26 5 1 3 6
"051_Group51" 10 29 18 19 2
"052_Group52" 24 9 5 1 23
"053_Group53" 24 23 15 21 1
"054_Group54" 22 19 20 8 9
"055_Group55" 8 8 0 0 0
"056_Group56" 10 5 1 1 1
"057_Group57" 1 0 0 2 4
"058_Group58" 0 0 0 0 0
"059_Group59" 0 0 0 1 0
"060_Group60" 0 2 2 1 1
"061_Group61" 6 2 0 0 2
"062_Group62" 9 4 0 1 1
"063_Group63" 2 0 4 8 8
"064_Group64" 8 2 0 0 0
"065_Group65" 4 2 5 0 0
"066_Group66" 10 5 0 0 0
"067_Group67" 3 0 2 0 4
"068_Group68" 3 2 4 5 1
"069_Group69" 2 3 0 0 0
"070_Group70" 16 9 3 0 4
"071_Group71" 22 10 5 6 1
"072_Group72" 0 0 0 0 0
"073_Group73" 1 2 1 0 0
"074_Group74" 4 1 0 0 0
"075_Group75" 2 0 0 0 0
"076_Group76" 1 3 1 0 0
"077_Group77" 18 9 14 4 8
"078_Group78" 20 19 10 16 9
"079_Group79" 10 2 1 1 1
"080_Group80" 11 6 15 0 0
"081_Group81" 16 28 21 9 10
"082_Group82" 0 0 0 0 0
"083_Group83" 2 0 1 5 1
"084_Group84" 19 18 11 19 4
"085_Group85" 10 4 1 1 4
"086_Group86" 3 1 2 0 0
"087_Group87" 3 0 0 0 0
"088_Group88" 6 9 4 3 0
"089_Group89" 10 15 12 7 0
"090_Group90" 2 0 0 0 0
"091_Group91" 0 0 0 0 0
"092_Group92" 0 0 0 0 0
"093_Group93" 9 8 0 1 3
"094_Group94" 0 0 0 0 0
"095_Group95" 6 2 0 0 2

"<<<<<< Group Activity: Number of wells/group >>>>>>"
Group/Time[m] 2 4 6 8 10
"000_Group0" 1 1 1 1 1
"001_Group1" 1 1 1 1 1
"002_Group2" 1 1 1 1 1
"003_Group3" 1 1 1 1 1
"004_Group4" 1 1 1 1 1
"005_Group5" 1 1 1 1 1
"006_Group6" 1 1 1 1 1
"007_Group7" 1 1 1 1 1
"008_Group8" 1 1 1 1 1
"009_Group9" 1 1 1 1 1
"010_Group10" 1 1 1 1 1
"011_Group11" 1 1 1 1 1
"012_Group12" 1 1 1 1 1
"013_Group13" 1 1 1 1 1
"014_Group14" 1 1 1 1 1
"015_Group15" 1 1 1 1 1
"016_Group16" 1 1 1 1 1
"017_Group17" 1 1 1 1 1
"018_Group18" 1 1 1 1 1
"019_Group19" 1 1 1 1 1
"020_Group20" 1 1 1 1 1
"021_Group21" 1 1 1 1 1
"022_Group22" 1 1 1 1 1
"023_Group23" 1 1 1 1 1
"024_Group24" 1 1 1 1 1
"025_Group25" 1 1 1 1 1
"026_Group26" 1 1 1 1 1
"027_Group27" 1 1 1 1 1
"028_Group28" 1 1 1 1 1
"029_Group29" 1 1 1 1 1
"030_Group30" 1 1 1 1 1
"031_Group31" 1 1 1 1 1
"032_Group32" 1 1 1 1 1
"033_Group33" 1 1 1 1 1
"034_Group34" 1 1 1 1 1
"035_Group35" 1 1 1 1 1
"036_Group36" 1 1 1 1 1
"037_Group37" 1 1 1 1 1
"038_Group38" 1 1 1 1 1
"039_Group39" 1 1 1 1 1
"040_Group40" 1 1 1 1 1
"041_Group41" 1 1 1 1 1
"042_Group42" 1 1 1 1 1
"043_Group43" 1 1 1 1 1
"044_Group44" 1 1 1 1 1
"045_Group45" 1 1 1 1 1
"046_Group46" 1 1 1 1 1
"047_Group47" 1 1 1 1 1
"048_Group48" 1 1 1 1 1
"049_Group49" 1 1 1 1 1
"050_Group50" 1 1 1 1 1
"051_Group51" 1 1 1 1 1
"052_Group52" 1 1 1 1 1
"053_Group53" 1 1 1 1 1
"054_Group54" 1 1 1 1 1
"055_Group55" 1 1 1 1 1
"056_Group56" 1 1 1 1 1
"057_Group57" 1 1 1 1 1
"058_Group58" 1 1 1 1 1
"059_Group59" 1 1 1 1 1
"060_Group60" 1 1 1 1 1
"061_Group61" 1 1 1 1 1
"062_Group62" 1 1 1 1 1
"063_Group63" 1 1 1 1 1
"064_Group64" 1 1 1 1 1
"065_Group65" 1 1 1 1 1
"066_Group66" 1 1 1 1 1
"067_Group67" 1 1 1 1 1
"068_Group68" 1 1 1 1 1
"069_Group69" 1 1 1 1 1
"070_Group70" 1 1 1 1 1
"071_Group71" 1 1 1 1 1
"072_Group72" 1 1 1 1 1
"073_Group73" 1 1 1 1 1
"074_Group74" 1 1 1 1 1
"075_Group75" 1 1 1 1 1
"076_Group76" 1 1 1 1 1
"077_Group77" 1 1 1 1 1
"078_Group78" 1 1 1 1 1
"079_Group79" 1 1 1 1 1
"080_Group80" 1 1 1 1 1
"081_Group81" 1 1 1 1 1
"082_Group82" 1 1 1 1 1
"083_Group83" 1 1 1 1 1
"084_Group84" 1 1 1 1 1
"085_Group85" 1 1 1 1 1
"086_Group86" 1 1 1 1 1
"087_Group87" 1 1 1 1 1
"088_Group88" 1 1 1 1 1
"089_Group89" 1 1 1 1 1
"090_Group90" 1 1 1 1 1
"091_Group91" 1 1 1 1 1
"092_Group92" 1 1 1 1 1
"093_Group93" 1 1 1 1 1
"094_Group94" 1 1 1 1 1
"095_Group95" 1 1 1 1 1

"<<<<<< Number of Samples per Acquisition Interval [1unit=500values] >>>>>>"
Time[m] 2 4 6 8 10 
#Samples 2 2 2 2 2 

"<<<<<< Average Temperature [°C] >>>>>>"
Time[m] 2 4 6 8 10 
Temp[°C] 21.4 21.2 21.4 21.4 21.4 

"<<<<<< Well Activity >>>>>>"
Well Group/Time[m] 2 4 6 8 10
A1 "000_Group0" 0 0 0 0 4
B1 "001_Group1" 2 0 0 0 0
C1 "002_Group2" 0 2 0 0 3
D1 "003_Group3" 0 3 4 7 6
E1 "004_Group4" 0 0 1 1 1
F1 "005_Group5" 2 0 2 4 1
G1 "006_Group6" 6 1 0 6 4
H1 "007_Group7" 10 4 1 1 2
A2 "008_Group8" 0 0 0 4 7
B2 "009_Group9" 1 0 2 0 6
C2 "010_Group10" 0 0 0 0 0
D2 "011_Group11" 3 0 0 3 0
E2 "012_Group12" 0 0 2 1 6
F2 "013_Group13" 0 3 10 5 9
G2 "014_Group14" 0 0 0 0 0
H2 "015_Group15" 0 3 0 2 0
A3 "016_Group16" 0 0 0 0 0
B3 "017_Group17" 6 4 0 5 0
C3 "018_Group18" 0 0 0 0 0
D3 "019_Group19" 10 0 0 0 0
E3 "020_Group20" 0 1 0 0 0
F3 "021_Group21" 0 2 4 8 3
G3 "022_Group22" 3 1 0 0 0
H3 "023_Group23" 11 7 5 0 1
A4 "024_Group24" 18 0 1 2 1
B4 "025_Group25" 1 0 0 0 0
C4 "026_Group26" 13 11 11 7 6
D4 "027_Group27" 23 24 20 20 6
E4 "028_Group28" 21 12 18 7 2
F4 "029_Group29" 29 12 19 5 15
G4 "030_Group30" 13 10 15 10 8
H4 "031_Group31" 12 9 6 3 0
A5 "032_Group32" 6 5 1 0 0
B5 "033_Group33" 5 0 0 0 0
C5 "034_Group34" 16 10 11 9 8
D5 "035_Group35" 19 8 7 4 12
E5 "036_Group36" 6 0 0 0 1
F5 "037_Group37" 1 9 17 11 14
G5 "038_Group38" 9 9 0 4 10
H5 "039_Group39" 8 11 5 6 6
A6 "040_Group40" 2 0 1 2 1
B6 "041_Group41" 8 6 9 6 1
C6 "042_Group42" 3 0 0 0 0
D6 "043_Group43" 0 0 1 0 0
E6 "044_Group44" 12 4 1 0 5
F6 "045_Group45" 4 2 1 0 0
G6 "046_Group46" 10 8 1 0 0
H6 "047_Group47" 5 3 9 1 2
A7 "048_Group48" 29 29 28 14 21
B7 "049_Group49" 5 2 0 2 0
C7 "050_Group50" 26 5 1 3 6
D7 "051_Group51" 10 29 18 19 2
E7 "052_Group52" 24 9 5 1 23
F7 "053_Group53" 24 23 15 21 1
G7 "054_Group54" 22 19 20 8 9
H7 "055_Group55" 8 8 0 0 0
A8 "056_Group56" 10 5 1 1 1
B8 "057_Group57" 1 0 0 2 4
C8 "058_Group58" 0 0 0 0 0
D8 "059_Group59" 0 0 0 1 0
E8 "060_Group60" 0 2 2 1 1
F8 "061_Group61" 6 2 0 0 2
G8 "062_Group62" 9 4 0 1 1
H8 "063_Group63" 2 0 4 8 8
A9 "064_Group64" 8 2 0 0 0
B9 "065_Group65" 4 2 5 0 0
C9 "066_Group66" 10 5 0 0 0
D9 "067_Group67" 3 0 2 0 4
E9 "068_Group68" 3 2 4 5 1
F9 "069_Group69" 2 3 0 0 0
G9 "070_Group70" 16 9 3 0 4
H9 "071_Group71" 22 10 5 6 1
A10 "072_Group72" 0 0 0 0 0
B10 "073_Group73" 1 2 1 0 0
C10 "074_Group74" 4 1 0 0 0
D10 "075_Group75" 2 0 0 0 0
E10 "076_Group76" 1 3 1 0 0
F10 "077_Group77" 18 9 14 4 8
G10 "078_Group78" 20 19 10 16 9
H10 "079_Group79" 10 2 1 1 1
A11 "080_Group80" 11 6 15 0 0
B11 "081_Group81" 16 28 21 9 10
C11 "082_Group82" 0 0 0 0 0
D11 "083_Group83" 2 0 1 5 1
E11 "084_Group84" 19 18 11 19 4
F11 "085_Group85" 10 4 1 1 4
G11 "086_Group86" 3 1 2 0 0
H11 "087_Group87" 3 0 0 0 0
A12 "088_Group88" 6 9 4 3 0
B12 "089_Group89" 10 15 12 7 0
C12 "090_Group90" 2 0 0 0 0
D12 "091_Group91" 0 0 0 0 0
E12 "092_Group92" 0 0 0 0 0
F12 "093_Group93" 9 8 0 1 3
G12 "094_Group94" 0 0 0 0 0
H12 "095_Group95" 6 2 0 0 2

"<<<<<< Channel Activity >>>>>>"
Channel Well Group/Time[m] 2 4 6 8 10
CH0 A1.0 "000_Group0" 0 0 0 0 4
CH2 B1.0 "001_Group1" 2 0 0 0 0
CH4 C1.0 "002_Group2" 0 2 0 0 3
CH6 D1.0 "003_Group3" 0 3 4 7 6
CH8 E1.0 "004_Group4" 0 0 1 1 1
CH10 F1.0 "005_Group5" 2 0 2 4 1
CH12 G1.0 "006_Group6" 6 1 0 6 4
CH14 H1.0 "007_Group7" 10 4 1 1 2
CH32 A2.0 "008_Group8" 0 0 0 4 7
CH34 B2.0 "009_Group9" 1 0 2 0 6
CH36 C2.0 "010_Group10" 0 0 0 0 0
CH38 D2.0 "011_Group11" 3 0 0 3 0
CH40 E2.0 "012_Group12" 0 0 2 1 6
CH42 F2.0 "013_Group13" 0 3 10 5 9
CH44 G2.0 "014_Group14" 0 0 0 0 0
CH46 H2.0 "015_Group15" 0 3 0 2 0
CH64 A3.0 "016_Group16" 0 0 0 0 0
CH66 B3.0 "017_Group17" 6 4 0 5 0
CH68 C3.0 "018_Group18" 0 0 0 0 0
CH70 D3.0 "019_Group19" 10 0 0 0 0
CH72 E3.0 "020_Group20" 0 1 0 0 0
CH74 F3.0 "021_Group21" 0 2 4 8 3
CH76 G3.0 "022_Group22" 3 1 0 0 0
CH78 H3.0 "023_Group23" 11 7 5 0 1
CH96 A4.0 "024_Group24" 18 0 1 2 1
CH98 B4.0 "025_Group25" 1 0 0 0 0
CH100 C4.0 "026_Group26" 13 11 11 7 6
CH102 D4.0 "027_Group27" 23 24 20 20 6
CH104 E4.0 "028_Group28" 21 12 18 7 2
CH106 F4.0 "029_Group29" 29 12 19 5 15
CH108 G4.0 "030_Group30" 13 10 15 10 8
CH110 H4.0 "031_Group31" 12 9 6 3 0
CH128 A5.0 "032_Group32" 6 5 1 0 0
CH130 B5.0 "033_Group33" 5 0 0 0 0
CH132 C5.0 "034_Group34" 16 10 11 9 8
CH134 D5.0 "035_Group35" 19 8 7 4 12
CH136 E5.0 "036_Group36" 6 0 0 0 1
CH138 F5.0 "037_Group37" 1 9 17 11 14
CH140 G5.0 "038_Group38" 9 9 0 4 10
CH142 H5.0 "039_Group39" 8 11 5 6 6
CH160 A6.0 "040_Group40" 2 0 1 2 1
CH162 B6.0 "041_Group41" 8 6 9 6 1
CH164 C6.0 "042_Group42" 3 0 0 0 0
CH166 D6.0 "043_Group43" 0 0 1 0 0
CH168 E6.0 "044_Group44" 12 4 1 0 5
CH170 F6.0 "045_Group45" 4 2 1 0 0
CH172 G6.0 "046_Group46" 10 8 1 0 0
CH174 H6.0 "047_Group47" 5 3 9 1 2
CH192 A7.0 "048_Group48" 29 29 28 14 21
CH194 B7.0 "049_Group49" 5 2 0 2 0
CH196 C7.0 "050_Group50" 26 5 1 3 6
CH198 D7.0 "051_Group51" 10 29 18 19 2
CH200 E7.0 "052_Group52" 24 9 5 1 23
CH202 F7.0 "053_Group53" 24 23 15 21 1
CH204 G7.0 "054_Group54" 22 19 20 8 9
CH206 H7.0 "055_Group55" 8 8 0 0 0
CH224 A8.0 "056_Group56" 10 5 1 1 1
CH226 B8.0 "057_Group57" 1 0 0 2 4
CH228 C8.0 "058_Group58" 0 0 0 0 0
CH230 D8.0 "059_Group59" 0 0 0 1 0
CH232 E8.0 "060_Group60" 0 2 2 1 1
CH234 F8.0 "061_Group61" 6 2 0 0 2
CH236 G8.0 "062_Group62" 9 4 0 1 1
CH238 H8.0 "063_Group63" 2 0 4 8 8
CH256 A9.0 "064_Group64" 8 2 0 0 0
CH258 B9.0 "065_Group65" 4 2 5 0 0
CH260 C9.0 "066_Group66" 10 5 0 0 0
CH262 D9.0 "067_Group67" 3 0 2 0 4
CH264 E9.0 "068_Group68" 3 2 4 5 1
CH266 F9.0 "069_Group69" 2 3 0 0 0
CH268 G9.0 "070_Group70" 16 9 3 0 4
CH270 H9.0 "071_Group71" 22 10 5 6 1
CH288 A10.0 "072_Group72" 0 0 0 0 0
CH290 B10.0 "073_Group73" 1 2 1 0 0
CH292 C10.0 "074_Group74" 4 1 0 0 0
CH294 D10.0 "075_Group75" 2 0 0 0 0
CH296 E10.0 "076_Group76" 1 3 1 0 0
CH298 F10.0 "077_Group77" 18 9 14 4 8
CH300 G10.0 "078_Group78" 20 19 10 16 9
CH302 H10.0 "079_Group79" 10 2 1 1 1
CH320 A11.0 "080_Group80" 11 6 15 0 0
CH322 B11.0 "081_Group81" 16 28 21 9 10
CH324 C11.0 "082_Group82" 0 0 0 0 0
CH326 D11.0 "083_Group83" 2 0 1 5 1
CH328 E11.0 "084_Group84" 19 18 11 19 4
CH330 F11.0 "085_Group85" 10 4 1 1 4
CH332 G11.0 "086_Group86" 3 1 2 0 0
CH334 H11.0 "087_Group87" 3 0 0 0 0
CH352 A12.0 "088_Group88" 6 9 4 3 0
CH354 B12.0 "089_Group89" 10 15 12 7 0
CH356 C12.0 "090_Group90" 2 0 0 0 0
CH358 D12.0 "091_Group91" 0 0 0 0 0
CH360 E12.0 "092_Group92" 0 0 0 0 0
CH362 F12.0 "093_Group93" 9 8 0 1 3
CH364 G12.0 "094_Group94" 0 0 0 0 0
CH366 H12.0 "095_Group95" 6 2 0 0 2
