"DATE:" "2/26/2015 9:17:43 AM"
"FILE:" "C:\Users\AndersenLab\Desktop\wmicrotracker\p00011\20150226_0906"
"SUBPROJECT:" "20150226_Longevity_5_daf2"

"<<<<<< Group Activity: Average Activity Counts per Data Interval>>>>>>"
Group/Time[m] 2 4 6 8 10
"000_Group0" 6 2 1 10 9
"001_Group1" 0 1 3 13 5
"002_Group2" 1 6 4 5 7
"003_Group3" 5 5 7 9 5
"004_Group4" 0 0 12 0 5
"005_Group5" 4 13 12 2 4
"006_Group6" 0 4 7 13 13
"007_Group7" 7 8 11 13 7
"008_Group8" 0 2 12 7 5
"009_Group9" 0 7 16 5 9
"010_Group10" 7 2 2 3 1
"011_Group11" 0 7 8 2 6
"012_Group12" 2 9 5 4 5
"013_Group13" 3 13 3 4 5
"014_Group14" 0 2 14 3 10
"015_Group15" 5 10 12 0 4
"016_Group16" 4 13 10 7 6
"017_Group17" 0 4 8 10 7
"018_Group18" 0 0 0 5 12
"019_Group19" 0 0 0 0 0
"020_Group20" 0 10 14 12 12
"021_Group21" 6 3 9 4 4
"022_Group22" 1 9 11 4 5
"023_Group23" 1 4 10 9 7
"024_Group24" 9 12 7 5 5
"025_Group25" 6 14 11 16 9
"026_Group26" 7 11 10 10 7
"027_Group27" 8 11 8 13 5
"028_Group28" 15 10 12 5 10
"029_Group29" 15 21 15 11 10
"030_Group30" 13 10 12 14 10
"031_Group31" 5 14 15 9 9
"032_Group32" 13 13 0 16 11
"033_Group33" 12 16 13 18 15
"034_Group34" 16 8 6 8 9
"035_Group35" 19 10 12 12 11
"036_Group36" 12 10 19 13 6
"037_Group37" 13 10 8 9 6
"038_Group38" 12 29 11 8 6
"039_Group39" 7 7 18 22 15
"040_Group40" 18 11 12 24 9
"041_Group41" 8 16 14 11 10
"042_Group42" 7 8 9 6 9
"043_Group43" 11 7 8 13 5
"044_Group44" 13 19 8 13 10
"045_Group45" 15 9 5 13 8
"046_Group46" 9 13 13 11 10
"047_Group47" 15 10 11 10 5
"048_Group48" 6 14 10 8 13
"049_Group49" 14 14 21 8 11
"050_Group50" 14 23 10 21 14
"051_Group51" 10 18 20 20 18
"052_Group52" 8 8 13 11 0
"053_Group53" 17 34 27 35 32
"054_Group54" 9 5 21 37 31
"055_Group55" 21 12 7 6 13
"056_Group56" 1 12 10 10 11
"057_Group57" 0 0 8 12 15
"058_Group58" 0 10 2 29 5
"059_Group59" 0 8 3 0 0
"060_Group60" 2 2 2 2 12
"061_Group61" 6 4 7 8 5
"062_Group62" 2 8 10 6 6
"063_Group63" 0 0 10 2 8
"064_Group64" 18 13 12 7 5
"065_Group65" 11 16 10 16 17
"066_Group66" 2 13 17 7 14
"067_Group67" 14 11 7 10 19
"068_Group68" 22 8 10 9 5
"069_Group69" 11 9 20 12 9
"070_Group70" 9 15 8 10 5
"071_Group71" 14 16 11 11 9
"072_Group72" 6 5 9 11 11
"073_Group73" 15 8 10 5 8
"074_Group74" 17 7 18 14 1
"075_Group75" 6 14 19 12 11
"076_Group76" 6 13 3 17 10
"077_Group77" 13 13 16 12 8
"078_Group78" 15 16 8 8 6
"079_Group79" 15 10 6 18 13
"080_Group80" 20 28 8 9 17
"081_Group81" 35 26 14 14 12
"082_Group82" 10 12 8 10 9
"083_Group83" 4 12 3 6 3
"084_Group84" 20 24 13 17 6
"085_Group85" 11 2 2 1 0
"086_Group86" 2 12 9 5 3
"087_Group87" 18 14 11 7 12
"088_Group88" 11 8 19 3 8
"089_Group89" 21 19 7 12 11
"090_Group90" 6 16 8 12 12
"091_Group91" 9 16 9 15 14
"092_Group92" 10 4 3 2 4
"093_Group93" 13 11 13 7 6
"094_Group94" 13 3 7 6 14
"095_Group95" 10 8 10 6 7

"<<<<<< Group Activity: Number of wells/group >>>>>>"
Group/Time[m] 2 4 6 8 10
"000_Group0" 1 1 1 1 1
"001_Group1" 1 1 1 1 1
"002_Group2" 1 1 1 1 1
"003_Group3" 1 1 1 1 1
"004_Group4" 1 1 1 1 1
"005_Group5" 1 1 1 1 1
"006_Group6" 1 1 1 1 1
"007_Group7" 1 1 1 1 1
"008_Group8" 1 1 1 1 1
"009_Group9" 1 1 1 1 1
"010_Group10" 1 1 1 1 1
"011_Group11" 1 1 1 1 1
"012_Group12" 1 1 1 1 1
"013_Group13" 1 1 1 1 1
"014_Group14" 1 1 1 1 1
"015_Group15" 1 1 1 1 1
"016_Group16" 1 1 1 1 1
"017_Group17" 1 1 1 1 1
"018_Group18" 1 1 1 1 1
"019_Group19" 1 1 1 1 1
"020_Group20" 1 1 1 1 1
"021_Group21" 1 1 1 1 1
"022_Group22" 1 1 1 1 1
"023_Group23" 1 1 1 1 1
"024_Group24" 1 1 1 1 1
"025_Group25" 1 1 1 1 1
"026_Group26" 1 1 1 1 1
"027_Group27" 1 1 1 1 1
"028_Group28" 1 1 1 1 1
"029_Group29" 1 1 1 1 1
"030_Group30" 1 1 1 1 1
"031_Group31" 1 1 1 1 1
"032_Group32" 1 1 1 1 1
"033_Group33" 1 1 1 1 1
"034_Group34" 1 1 1 1 1
"035_Group35" 1 1 1 1 1
"036_Group36" 1 1 1 1 1
"037_Group37" 1 1 1 1 1
"038_Group38" 1 1 1 1 1
"039_Group39" 1 1 1 1 1
"040_Group40" 1 1 1 1 1
"041_Group41" 1 1 1 1 1
"042_Group42" 1 1 1 1 1
"043_Group43" 1 1 1 1 1
"044_Group44" 1 1 1 1 1
"045_Group45" 1 1 1 1 1
"046_Group46" 1 1 1 1 1
"047_Group47" 1 1 1 1 1
"048_Group48" 1 1 1 1 1
"049_Group49" 1 1 1 1 1
"050_Group50" 1 1 1 1 1
"051_Group51" 1 1 1 1 1
"052_Group52" 1 1 1 1 1
"053_Group53" 1 1 1 1 1
"054_Group54" 1 1 1 1 1
"055_Group55" 1 1 1 1 1
"056_Group56" 1 1 1 1 1
"057_Group57" 1 1 1 1 1
"058_Group58" 1 1 1 1 1
"059_Group59" 1 1 1 1 1
"060_Group60" 1 1 1 1 1
"061_Group61" 1 1 1 1 1
"062_Group62" 1 1 1 1 1
"063_Group63" 1 1 1 1 1
"064_Group64" 1 1 1 1 1
"065_Group65" 1 1 1 1 1
"066_Group66" 1 1 1 1 1
"067_Group67" 1 1 1 1 1
"068_Group68" 1 1 1 1 1
"069_Group69" 1 1 1 1 1
"070_Group70" 1 1 1 1 1
"071_Group71" 1 1 1 1 1
"072_Group72" 1 1 1 1 1
"073_Group73" 1 1 1 1 1
"074_Group74" 1 1 1 1 1
"075_Group75" 1 1 1 1 1
"076_Group76" 1 1 1 1 1
"077_Group77" 1 1 1 1 1
"078_Group78" 1 1 1 1 1
"079_Group79" 1 1 1 1 1
"080_Group80" 1 1 1 1 1
"081_Group81" 1 1 1 1 1
"082_Group82" 1 1 1 1 1
"083_Group83" 1 1 1 1 1
"084_Group84" 1 1 1 1 1
"085_Group85" 1 1 1 1 1
"086_Group86" 1 1 1 1 1
"087_Group87" 1 1 1 1 1
"088_Group88" 1 1 1 1 1
"089_Group89" 1 1 1 1 1
"090_Group90" 1 1 1 1 1
"091_Group91" 1 1 1 1 1
"092_Group92" 1 1 1 1 1
"093_Group93" 1 1 1 1 1
"094_Group94" 1 1 1 1 1
"095_Group95" 1 1 1 1 1

"<<<<<< Number of Samples per Acquisition Interval [1unit=500values] >>>>>>"
Time[m] 2 4 6 8 10 
#Samples 2 2 2 2 2 

"<<<<<< Average Temperature [°C] >>>>>>"
Time[m] 2 4 6 8 10 
Temp[°C] 21.1 21.1 21.1 21.1 21.2 

"<<<<<< Well Activity >>>>>>"
Well Group/Time[m] 2 4 6 8 10
A1 "000_Group0" 6 2 1 10 9
B1 "001_Group1" 0 1 3 13 5
C1 "002_Group2" 1 6 4 5 7
D1 "003_Group3" 5 5 7 9 5
E1 "004_Group4" 0 0 12 0 5
F1 "005_Group5" 4 13 12 2 4
G1 "006_Group6" 0 4 7 13 13
H1 "007_Group7" 7 8 11 13 7
A2 "008_Group8" 0 2 12 7 5
B2 "009_Group9" 0 7 16 5 9
C2 "010_Group10" 7 2 2 3 1
D2 "011_Group11" 0 7 8 2 6
E2 "012_Group12" 2 9 5 4 5
F2 "013_Group13" 3 13 3 4 5
G2 "014_Group14" 0 2 14 3 10
H2 "015_Group15" 5 10 12 0 4
A3 "016_Group16" 4 13 10 7 6
B3 "017_Group17" 0 4 8 10 7
C3 "018_Group18" 0 0 0 5 12
D3 "019_Group19" 0 0 0 0 0
E3 "020_Group20" 0 10 14 12 12
F3 "021_Group21" 6 3 9 4 4
G3 "022_Group22" 1 9 11 4 5
H3 "023_Group23" 1 4 10 9 7
A4 "024_Group24" 9 12 7 5 5
B4 "025_Group25" 6 14 11 16 9
C4 "026_Group26" 7 11 10 10 7
D4 "027_Group27" 8 11 8 13 5
E4 "028_Group28" 15 10 12 5 10
F4 "029_Group29" 15 21 15 11 10
G4 "030_Group30" 13 10 12 14 10
H4 "031_Group31" 5 14 15 9 9
A5 "032_Group32" 13 13 0 16 11
B5 "033_Group33" 12 16 13 18 15
C5 "034_Group34" 16 8 6 8 9
D5 "035_Group35" 19 10 12 12 11
E5 "036_Group36" 12 10 19 13 6
F5 "037_Group37" 13 10 8 9 6
G5 "038_Group38" 12 29 11 8 6
H5 "039_Group39" 7 7 18 22 15
A6 "040_Group40" 18 11 12 24 9
B6 "041_Group41" 8 16 14 11 10
C6 "042_Group42" 7 8 9 6 9
D6 "043_Group43" 11 7 8 13 5
E6 "044_Group44" 13 19 8 13 10
F6 "045_Group45" 15 9 5 13 8
G6 "046_Group46" 9 13 13 11 10
H6 "047_Group47" 15 10 11 10 5
A7 "048_Group48" 6 14 10 8 13
B7 "049_Group49" 14 14 21 8 11
C7 "050_Group50" 14 23 10 21 14
D7 "051_Group51" 10 18 20 20 18
E7 "052_Group52" 8 8 13 11 0
F7 "053_Group53" 17 34 27 35 32
G7 "054_Group54" 9 5 21 37 31
H7 "055_Group55" 21 12 7 6 13
A8 "056_Group56" 1 12 10 10 11
B8 "057_Group57" 0 0 8 12 15
C8 "058_Group58" 0 10 2 29 5
D8 "059_Group59" 0 8 3 0 0
E8 "060_Group60" 2 2 2 2 12
F8 "061_Group61" 6 4 7 8 5
G8 "062_Group62" 2 8 10 6 6
H8 "063_Group63" 0 0 10 2 8
A9 "064_Group64" 18 13 12 7 5
B9 "065_Group65" 11 16 10 16 17
C9 "066_Group66" 2 13 17 7 14
D9 "067_Group67" 14 11 7 10 19
E9 "068_Group68" 22 8 10 9 5
F9 "069_Group69" 11 9 20 12 9
G9 "070_Group70" 9 15 8 10 5
H9 "071_Group71" 14 16 11 11 9
A10 "072_Group72" 6 5 9 11 11
B10 "073_Group73" 15 8 10 5 8
C10 "074_Group74" 17 7 18 14 1
D10 "075_Group75" 6 14 19 12 11
E10 "076_Group76" 6 13 3 17 10
F10 "077_Group77" 13 13 16 12 8
G10 "078_Group78" 15 16 8 8 6
H10 "079_Group79" 15 10 6 18 13
A11 "080_Group80" 20 28 8 9 17
B11 "081_Group81" 35 26 14 14 12
C11 "082_Group82" 10 12 8 10 9
D11 "083_Group83" 4 12 3 6 3
E11 "084_Group84" 20 24 13 17 6
F11 "085_Group85" 11 2 2 1 0
G11 "086_Group86" 2 12 9 5 3
H11 "087_Group87" 18 14 11 7 12
A12 "088_Group88" 11 8 19 3 8
B12 "089_Group89" 21 19 7 12 11
C12 "090_Group90" 6 16 8 12 12
D12 "091_Group91" 9 16 9 15 14
E12 "092_Group92" 10 4 3 2 4
F12 "093_Group93" 13 11 13 7 6
G12 "094_Group94" 13 3 7 6 14
H12 "095_Group95" 10 8 10 6 7

"<<<<<< Channel Activity >>>>>>"
Channel Well Group/Time[m] 2 4 6 8 10
CH0 A1.0 "000_Group0" 6 2 1 10 9
CH2 B1.0 "001_Group1" 0 1 3 13 5
CH4 C1.0 "002_Group2" 1 6 4 5 7
CH6 D1.0 "003_Group3" 5 5 7 9 5
CH8 E1.0 "004_Group4" 0 0 12 0 5
CH10 F1.0 "005_Group5" 4 13 12 2 4
CH12 G1.0 "006_Group6" 0 4 7 13 13
CH14 H1.0 "007_Group7" 7 8 11 13 7
CH32 A2.0 "008_Group8" 0 2 12 7 5
CH34 B2.0 "009_Group9" 0 7 16 5 9
CH36 C2.0 "010_Group10" 7 2 2 3 1
CH38 D2.0 "011_Group11" 0 7 8 2 6
CH40 E2.0 "012_Group12" 2 9 5 4 5
CH42 F2.0 "013_Group13" 3 13 3 4 5
CH44 G2.0 "014_Group14" 0 2 14 3 10
CH46 H2.0 "015_Group15" 5 10 12 0 4
CH64 A3.0 "016_Group16" 4 13 10 7 6
CH66 B3.0 "017_Group17" 0 4 8 10 7
CH68 C3.0 "018_Group18" 0 0 0 5 12
CH70 D3.0 "019_Group19" 0 0 0 0 0
CH72 E3.0 "020_Group20" 0 10 14 12 12
CH74 F3.0 "021_Group21" 6 3 9 4 4
CH76 G3.0 "022_Group22" 1 9 11 4 5
CH78 H3.0 "023_Group23" 1 4 10 9 7
CH96 A4.0 "024_Group24" 9 12 7 5 5
CH98 B4.0 "025_Group25" 6 14 11 16 9
CH100 C4.0 "026_Group26" 7 11 10 10 7
CH102 D4.0 "027_Group27" 8 11 8 13 5
CH104 E4.0 "028_Group28" 15 10 12 5 10
CH106 F4.0 "029_Group29" 15 21 15 11 10
CH108 G4.0 "030_Group30" 13 10 12 14 10
CH110 H4.0 "031_Group31" 5 14 15 9 9
CH128 A5.0 "032_Group32" 13 13 0 16 11
CH130 B5.0 "033_Group33" 12 16 13 18 15
CH132 C5.0 "034_Group34" 16 8 6 8 9
CH134 D5.0 "035_Group35" 19 10 12 12 11
CH136 E5.0 "036_Group36" 12 10 19 13 6
CH138 F5.0 "037_Group37" 13 10 8 9 6
CH140 G5.0 "038_Group38" 12 29 11 8 6
CH142 H5.0 "039_Group39" 7 7 18 22 15
CH160 A6.0 "040_Group40" 18 11 12 24 9
CH162 B6.0 "041_Group41" 8 16 14 11 10
CH164 C6.0 "042_Group42" 7 8 9 6 9
CH166 D6.0 "043_Group43" 11 7 8 13 5
CH168 E6.0 "044_Group44" 13 19 8 13 10
CH170 F6.0 "045_Group45" 15 9 5 13 8
CH172 G6.0 "046_Group46" 9 13 13 11 10
CH174 H6.0 "047_Group47" 15 10 11 10 5
CH192 A7.0 "048_Group48" 6 14 10 8 13
CH194 B7.0 "049_Group49" 14 14 21 8 11
CH196 C7.0 "050_Group50" 14 23 10 21 14
CH198 D7.0 "051_Group51" 10 18 20 20 18
CH200 E7.0 "052_Group52" 8 8 13 11 0
CH202 F7.0 "053_Group53" 17 34 27 35 32
CH204 G7.0 "054_Group54" 9 5 21 37 31
CH206 H7.0 "055_Group55" 21 12 7 6 13
CH224 A8.0 "056_Group56" 1 12 10 10 11
CH226 B8.0 "057_Group57" 0 0 8 12 15
CH228 C8.0 "058_Group58" 0 10 2 29 5
CH230 D8.0 "059_Group59" 0 8 3 0 0
CH232 E8.0 "060_Group60" 2 2 2 2 12
CH234 F8.0 "061_Group61" 6 4 7 8 5
CH236 G8.0 "062_Group62" 2 8 10 6 6
CH238 H8.0 "063_Group63" 0 0 10 2 8
CH256 A9.0 "064_Group64" 18 13 12 7 5
CH258 B9.0 "065_Group65" 11 16 10 16 17
CH260 C9.0 "066_Group66" 2 13 17 7 14
CH262 D9.0 "067_Group67" 14 11 7 10 19
CH264 E9.0 "068_Group68" 22 8 10 9 5
CH266 F9.0 "069_Group69" 11 9 20 12 9
CH268 G9.0 "070_Group70" 9 15 8 10 5
CH270 H9.0 "071_Group71" 14 16 11 11 9
CH288 A10.0 "072_Group72" 6 5 9 11 11
CH290 B10.0 "073_Group73" 15 8 10 5 8
CH292 C10.0 "074_Group74" 17 7 18 14 1
CH294 D10.0 "075_Group75" 6 14 19 12 11
CH296 E10.0 "076_Group76" 6 13 3 17 10
CH298 F10.0 "077_Group77" 13 13 16 12 8
CH300 G10.0 "078_Group78" 15 16 8 8 6
CH302 H10.0 "079_Group79" 15 10 6 18 13
CH320 A11.0 "080_Group80" 20 28 8 9 17
CH322 B11.0 "081_Group81" 35 26 14 14 12
CH324 C11.0 "082_Group82" 10 12 8 10 9
CH326 D11.0 "083_Group83" 4 12 3 6 3
CH328 E11.0 "084_Group84" 20 24 13 17 6
CH330 F11.0 "085_Group85" 11 2 2 1 0
CH332 G11.0 "086_Group86" 2 12 9 5 3
CH334 H11.0 "087_Group87" 18 14 11 7 12
CH352 A12.0 "088_Group88" 11 8 19 3 8
CH354 B12.0 "089_Group89" 21 19 7 12 11
CH356 C12.0 "090_Group90" 6 16 8 12 12
CH358 D12.0 "091_Group91" 9 16 9 15 14
CH360 E12.0 "092_Group92" 10 4 3 2 4
CH362 F12.0 "093_Group93" 13 11 13 7 6
CH364 G12.0 "094_Group94" 13 3 7 6 14
CH366 H12.0 "095_Group95" 10 8 10 6 7
