"DATE:" "2/23/2015 8:27:45 AM"
"FILE:" "C:\Users\AndersenLab\Desktop\wmicrotracker\p00011\20150223_0816"
"SUBPROJECT:" "20150223_Longevity_5_daf2"

"<<<<<< Group Activity: Average Activity Counts per Data Interval>>>>>>"
Group/Time[m] 2 4 6 8 10
"000_Group0" 5 6 7 6 8
"001_Group1" 13 14 7 5 12
"002_Group2" 2 6 1 0 2
"003_Group3" 7 7 6 12 7
"004_Group4" 2 4 10 5 0
"005_Group5" 8 13 6 6 10
"006_Group6" 1 0 15 14 11
"007_Group7" 16 9 9 0 2
"008_Group8" 19 9 4 0 2
"009_Group9" 18 4 9 5 8
"010_Group10" 11 5 6 0 2
"011_Group11" 8 0 3 13 22
"012_Group12" 0 0 4 0 2
"013_Group13" 2 2 6 4 3
"014_Group14" 21 1 1 4 0
"015_Group15" 9 6 4 6 6
"016_Group16" 8 1 16 6 9
"017_Group17" 14 1 5 11 7
"018_Group18" 9 1 2 5 2
"019_Group19" 5 3 0 4 7
"020_Group20" 3 0 0 0 0
"021_Group21" 14 13 10 7 6
"022_Group22" 1 4 2 2 0
"023_Group23" 4 11 7 5 4
"024_Group24" 27 32 21 16 8
"025_Group25" 14 10 15 15 7
"026_Group26" 16 13 11 7 20
"027_Group27" 27 24 19 4 8
"028_Group28" 18 8 8 9 8
"029_Group29" 20 19 16 20 6
"030_Group30" 13 32 31 11 11
"031_Group31" 34 33 18 15 12
"032_Group32" 38 31 27 27 14
"033_Group33" 7 13 14 18 11
"034_Group34" 29 12 11 11 16
"035_Group35" 18 9 12 10 11
"036_Group36" 29 10 13 11 9
"037_Group37" 18 12 8 17 4
"038_Group38" 19 14 20 10 13
"039_Group39" 41 10 6 14 10
"040_Group40" 21 12 14 14 13
"041_Group41" 21 10 8 12 18
"042_Group42" 13 16 16 10 8
"043_Group43" 9 23 13 12 15
"044_Group44" 26 18 21 13 16
"045_Group45" 10 12 15 13 8
"046_Group46" 21 31 20 16 17
"047_Group47" 30 26 14 17 11
"048_Group48" 33 16 14 13 21
"049_Group49" 16 11 11 16 8
"050_Group50" 18 21 24 28 19
"051_Group51" 22 14 24 19 12
"052_Group52" 13 13 4 12 7
"053_Group53" 43 35 29 11 9
"054_Group54" 22 33 17 18 9
"055_Group55" 23 12 19 15 14
"056_Group56" 12 7 6 4 8
"057_Group57" 11 6 6 12 28
"058_Group58" 0 0 5 7 3
"059_Group59" 25 5 0 2 7
"060_Group60" 5 2 4 0 5
"061_Group61" 6 5 12 30 2
"062_Group62" 11 2 8 6 7
"063_Group63" 1 3 1 0 4
"064_Group64" 17 20 8 18 29
"065_Group65" 22 12 8 14 15
"066_Group66" 29 14 12 7 9
"067_Group67" 29 9 27 15 29
"068_Group68" 22 18 22 12 9
"069_Group69" 33 20 8 12 15
"070_Group70" 26 39 21 11 21
"071_Group71" 17 28 19 11 12
"072_Group72" 43 22 18 12 12
"073_Group73" 28 13 12 7 24
"074_Group74" 26 24 21 7 15
"075_Group75" 18 28 11 21 14
"076_Group76" 35 13 17 13 9
"077_Group77" 16 8 14 13 18
"078_Group78" 19 24 13 15 10
"079_Group79" 20 24 12 12 10
"080_Group80" 41 28 27 16 11
"081_Group81" 44 20 10 10 11
"082_Group82" 56 24 32 15 18
"083_Group83" 30 17 24 26 18
"084_Group84" 29 27 28 21 16
"085_Group85" 23 30 23 13 15
"086_Group86" 29 7 19 16 7
"087_Group87" 42 27 30 25 17
"088_Group88" 30 21 12 10 13
"089_Group89" 42 21 20 10 17
"090_Group90" 23 15 21 7 19
"091_Group91" 26 19 8 19 11
"092_Group92" 22 16 20 16 11
"093_Group93" 44 23 14 8 7
"094_Group94" 28 27 16 11 20
"095_Group95" 21 12 13 10 6

"<<<<<< Group Activity: Number of wells/group >>>>>>"
Group/Time[m] 2 4 6 8 10
"000_Group0" 1 1 1 1 1
"001_Group1" 1 1 1 1 1
"002_Group2" 1 1 1 1 1
"003_Group3" 1 1 1 1 1
"004_Group4" 1 1 1 1 1
"005_Group5" 1 1 1 1 1
"006_Group6" 1 1 1 1 1
"007_Group7" 1 1 1 1 1
"008_Group8" 1 1 1 1 1
"009_Group9" 1 1 1 1 1
"010_Group10" 1 1 1 1 1
"011_Group11" 1 1 1 1 1
"012_Group12" 1 1 1 1 1
"013_Group13" 1 1 1 1 1
"014_Group14" 1 1 1 1 1
"015_Group15" 1 1 1 1 1
"016_Group16" 1 1 1 1 1
"017_Group17" 1 1 1 1 1
"018_Group18" 1 1 1 1 1
"019_Group19" 1 1 1 1 1
"020_Group20" 1 1 1 1 1
"021_Group21" 1 1 1 1 1
"022_Group22" 1 1 1 1 1
"023_Group23" 1 1 1 1 1
"024_Group24" 1 1 1 1 1
"025_Group25" 1 1 1 1 1
"026_Group26" 1 1 1 1 1
"027_Group27" 1 1 1 1 1
"028_Group28" 1 1 1 1 1
"029_Group29" 1 1 1 1 1
"030_Group30" 1 1 1 1 1
"031_Group31" 1 1 1 1 1
"032_Group32" 1 1 1 1 1
"033_Group33" 1 1 1 1 1
"034_Group34" 1 1 1 1 1
"035_Group35" 1 1 1 1 1
"036_Group36" 1 1 1 1 1
"037_Group37" 1 1 1 1 1
"038_Group38" 1 1 1 1 1
"039_Group39" 1 1 1 1 1
"040_Group40" 1 1 1 1 1
"041_Group41" 1 1 1 1 1
"042_Group42" 1 1 1 1 1
"043_Group43" 1 1 1 1 1
"044_Group44" 1 1 1 1 1
"045_Group45" 1 1 1 1 1
"046_Group46" 1 1 1 1 1
"047_Group47" 1 1 1 1 1
"048_Group48" 1 1 1 1 1
"049_Group49" 1 1 1 1 1
"050_Group50" 1 1 1 1 1
"051_Group51" 1 1 1 1 1
"052_Group52" 1 1 1 1 1
"053_Group53" 1 1 1 1 1
"054_Group54" 1 1 1 1 1
"055_Group55" 1 1 1 1 1
"056_Group56" 1 1 1 1 1
"057_Group57" 1 1 1 1 1
"058_Group58" 1 1 1 1 1
"059_Group59" 1 1 1 1 1
"060_Group60" 1 1 1 1 1
"061_Group61" 1 1 1 1 1
"062_Group62" 1 1 1 1 1
"063_Group63" 1 1 1 1 1
"064_Group64" 1 1 1 1 1
"065_Group65" 1 1 1 1 1
"066_Group66" 1 1 1 1 1
"067_Group67" 1 1 1 1 1
"068_Group68" 1 1 1 1 1
"069_Group69" 1 1 1 1 1
"070_Group70" 1 1 1 1 1
"071_Group71" 1 1 1 1 1
"072_Group72" 1 1 1 1 1
"073_Group73" 1 1 1 1 1
"074_Group74" 1 1 1 1 1
"075_Group75" 1 1 1 1 1
"076_Group76" 1 1 1 1 1
"077_Group77" 1 1 1 1 1
"078_Group78" 1 1 1 1 1
"079_Group79" 1 1 1 1 1
"080_Group80" 1 1 1 1 1
"081_Group81" 1 1 1 1 1
"082_Group82" 1 1 1 1 1
"083_Group83" 1 1 1 1 1
"084_Group84" 1 1 1 1 1
"085_Group85" 1 1 1 1 1
"086_Group86" 1 1 1 1 1
"087_Group87" 1 1 1 1 1
"088_Group88" 1 1 1 1 1
"089_Group89" 1 1 1 1 1
"090_Group90" 1 1 1 1 1
"091_Group91" 1 1 1 1 1
"092_Group92" 1 1 1 1 1
"093_Group93" 1 1 1 1 1
"094_Group94" 1 1 1 1 1
"095_Group95" 1 1 1 1 1

"<<<<<< Number of Samples per Acquisition Interval [1unit=500values] >>>>>>"
Time[m] 2 4 6 8 10 
#Samples 2 2 2 2 2 

"<<<<<< Average Temperature [°C] >>>>>>"
Time[m] 2 4 6 8 10 
Temp[°C] 20.0 20.3 20.3 20.3 20.3 

"<<<<<< Well Activity >>>>>>"
Well Group/Time[m] 2 4 6 8 10
A1 "000_Group0" 5 6 7 6 8
B1 "001_Group1" 13 14 7 5 12
C1 "002_Group2" 2 6 1 0 2
D1 "003_Group3" 7 7 6 12 7
E1 "004_Group4" 2 4 10 5 0
F1 "005_Group5" 8 13 6 6 10
G1 "006_Group6" 1 0 15 14 11
H1 "007_Group7" 16 9 9 0 2
A2 "008_Group8" 19 9 4 0 2
B2 "009_Group9" 18 4 9 5 8
C2 "010_Group10" 11 5 6 0 2
D2 "011_Group11" 8 0 3 13 22
E2 "012_Group12" 0 0 4 0 2
F2 "013_Group13" 2 2 6 4 3
G2 "014_Group14" 21 1 1 4 0
H2 "015_Group15" 9 6 4 6 6
A3 "016_Group16" 8 1 16 6 9
B3 "017_Group17" 14 1 5 11 7
C3 "018_Group18" 9 1 2 5 2
D3 "019_Group19" 5 3 0 4 7
E3 "020_Group20" 3 0 0 0 0
F3 "021_Group21" 14 13 10 7 6
G3 "022_Group22" 1 4 2 2 0
H3 "023_Group23" 4 11 7 5 4
A4 "024_Group24" 27 32 21 16 8
B4 "025_Group25" 14 10 15 15 7
C4 "026_Group26" 16 13 11 7 20
D4 "027_Group27" 27 24 19 4 8
E4 "028_Group28" 18 8 8 9 8
F4 "029_Group29" 20 19 16 20 6
G4 "030_Group30" 13 32 31 11 11
H4 "031_Group31" 34 33 18 15 12
A5 "032_Group32" 38 31 27 27 14
B5 "033_Group33" 7 13 14 18 11
C5 "034_Group34" 29 12 11 11 16
D5 "035_Group35" 18 9 12 10 11
E5 "036_Group36" 29 10 13 11 9
F5 "037_Group37" 18 12 8 17 4
G5 "038_Group38" 19 14 20 10 13
H5 "039_Group39" 41 10 6 14 10
A6 "040_Group40" 21 12 14 14 13
B6 "041_Group41" 21 10 8 12 18
C6 "042_Group42" 13 16 16 10 8
D6 "043_Group43" 9 23 13 12 15
E6 "044_Group44" 26 18 21 13 16
F6 "045_Group45" 10 12 15 13 8
G6 "046_Group46" 21 31 20 16 17
H6 "047_Group47" 30 26 14 17 11
A7 "048_Group48" 33 16 14 13 21
B7 "049_Group49" 16 11 11 16 8
C7 "050_Group50" 18 21 24 28 19
D7 "051_Group51" 22 14 24 19 12
E7 "052_Group52" 13 13 4 12 7
F7 "053_Group53" 43 35 29 11 9
G7 "054_Group54" 22 33 17 18 9
H7 "055_Group55" 23 12 19 15 14
A8 "056_Group56" 12 7 6 4 8
B8 "057_Group57" 11 6 6 12 28
C8 "058_Group58" 0 0 5 7 3
D8 "059_Group59" 25 5 0 2 7
E8 "060_Group60" 5 2 4 0 5
F8 "061_Group61" 6 5 12 30 2
G8 "062_Group62" 11 2 8 6 7
H8 "063_Group63" 1 3 1 0 4
A9 "064_Group64" 17 20 8 18 29
B9 "065_Group65" 22 12 8 14 15
C9 "066_Group66" 29 14 12 7 9
D9 "067_Group67" 29 9 27 15 29
E9 "068_Group68" 22 18 22 12 9
F9 "069_Group69" 33 20 8 12 15
G9 "070_Group70" 26 39 21 11 21
H9 "071_Group71" 17 28 19 11 12
A10 "072_Group72" 43 22 18 12 12
B10 "073_Group73" 28 13 12 7 24
C10 "074_Group74" 26 24 21 7 15
D10 "075_Group75" 18 28 11 21 14
E10 "076_Group76" 35 13 17 13 9
F10 "077_Group77" 16 8 14 13 18
G10 "078_Group78" 19 24 13 15 10
H10 "079_Group79" 20 24 12 12 10
A11 "080_Group80" 41 28 27 16 11
B11 "081_Group81" 44 20 10 10 11
C11 "082_Group82" 56 24 32 15 18
D11 "083_Group83" 30 17 24 26 18
E11 "084_Group84" 29 27 28 21 16
F11 "085_Group85" 23 30 23 13 15
G11 "086_Group86" 29 7 19 16 7
H11 "087_Group87" 42 27 30 25 17
A12 "088_Group88" 30 21 12 10 13
B12 "089_Group89" 42 21 20 10 17
C12 "090_Group90" 23 15 21 7 19
D12 "091_Group91" 26 19 8 19 11
E12 "092_Group92" 22 16 20 16 11
F12 "093_Group93" 44 23 14 8 7
G12 "094_Group94" 28 27 16 11 20
H12 "095_Group95" 21 12 13 10 6

"<<<<<< Channel Activity >>>>>>"
Channel Well Group/Time[m] 2 4 6 8 10
CH0 A1.0 "000_Group0" 5 6 7 6 8
CH2 B1.0 "001_Group1" 13 14 7 5 12
CH4 C1.0 "002_Group2" 2 6 1 0 2
CH6 D1.0 "003_Group3" 7 7 6 12 7
CH8 E1.0 "004_Group4" 2 4 10 5 0
CH10 F1.0 "005_Group5" 8 13 6 6 10
CH12 G1.0 "006_Group6" 1 0 15 14 11
CH14 H1.0 "007_Group7" 16 9 9 0 2
CH32 A2.0 "008_Group8" 19 9 4 0 2
CH34 B2.0 "009_Group9" 18 4 9 5 8
CH36 C2.0 "010_Group10" 11 5 6 0 2
CH38 D2.0 "011_Group11" 8 0 3 13 22
CH40 E2.0 "012_Group12" 0 0 4 0 2
CH42 F2.0 "013_Group13" 2 2 6 4 3
CH44 G2.0 "014_Group14" 21 1 1 4 0
CH46 H2.0 "015_Group15" 9 6 4 6 6
CH64 A3.0 "016_Group16" 8 1 16 6 9
CH66 B3.0 "017_Group17" 14 1 5 11 7
CH68 C3.0 "018_Group18" 9 1 2 5 2
CH70 D3.0 "019_Group19" 5 3 0 4 7
CH72 E3.0 "020_Group20" 3 0 0 0 0
CH74 F3.0 "021_Group21" 14 13 10 7 6
CH76 G3.0 "022_Group22" 1 4 2 2 0
CH78 H3.0 "023_Group23" 4 11 7 5 4
CH96 A4.0 "024_Group24" 27 32 21 16 8
CH98 B4.0 "025_Group25" 14 10 15 15 7
CH100 C4.0 "026_Group26" 16 13 11 7 20
CH102 D4.0 "027_Group27" 27 24 19 4 8
CH104 E4.0 "028_Group28" 18 8 8 9 8
CH106 F4.0 "029_Group29" 20 19 16 20 6
CH108 G4.0 "030_Group30" 13 32 31 11 11
CH110 H4.0 "031_Group31" 34 33 18 15 12
CH128 A5.0 "032_Group32" 38 31 27 27 14
CH130 B5.0 "033_Group33" 7 13 14 18 11
CH132 C5.0 "034_Group34" 29 12 11 11 16
CH134 D5.0 "035_Group35" 18 9 12 10 11
CH136 E5.0 "036_Group36" 29 10 13 11 9
CH138 F5.0 "037_Group37" 18 12 8 17 4
CH140 G5.0 "038_Group38" 19 14 20 10 13
CH142 H5.0 "039_Group39" 41 10 6 14 10
CH160 A6.0 "040_Group40" 21 12 14 14 13
CH162 B6.0 "041_Group41" 21 10 8 12 18
CH164 C6.0 "042_Group42" 13 16 16 10 8
CH166 D6.0 "043_Group43" 9 23 13 12 15
CH168 E6.0 "044_Group44" 26 18 21 13 16
CH170 F6.0 "045_Group45" 10 12 15 13 8
CH172 G6.0 "046_Group46" 21 31 20 16 17
CH174 H6.0 "047_Group47" 30 26 14 17 11
CH192 A7.0 "048_Group48" 33 16 14 13 21
CH194 B7.0 "049_Group49" 16 11 11 16 8
CH196 C7.0 "050_Group50" 18 21 24 28 19
CH198 D7.0 "051_Group51" 22 14 24 19 12
CH200 E7.0 "052_Group52" 13 13 4 12 7
CH202 F7.0 "053_Group53" 43 35 29 11 9
CH204 G7.0 "054_Group54" 22 33 17 18 9
CH206 H7.0 "055_Group55" 23 12 19 15 14
CH224 A8.0 "056_Group56" 12 7 6 4 8
CH226 B8.0 "057_Group57" 11 6 6 12 28
CH228 C8.0 "058_Group58" 0 0 5 7 3
CH230 D8.0 "059_Group59" 25 5 0 2 7
CH232 E8.0 "060_Group60" 5 2 4 0 5
CH234 F8.0 "061_Group61" 6 5 12 30 2
CH236 G8.0 "062_Group62" 11 2 8 6 7
CH238 H8.0 "063_Group63" 1 3 1 0 4
CH256 A9.0 "064_Group64" 17 20 8 18 29
CH258 B9.0 "065_Group65" 22 12 8 14 15
CH260 C9.0 "066_Group66" 29 14 12 7 9
CH262 D9.0 "067_Group67" 29 9 27 15 29
CH264 E9.0 "068_Group68" 22 18 22 12 9
CH266 F9.0 "069_Group69" 33 20 8 12 15
CH268 G9.0 "070_Group70" 26 39 21 11 21
CH270 H9.0 "071_Group71" 17 28 19 11 12
CH288 A10.0 "072_Group72" 43 22 18 12 12
CH290 B10.0 "073_Group73" 28 13 12 7 24
CH292 C10.0 "074_Group74" 26 24 21 7 15
CH294 D10.0 "075_Group75" 18 28 11 21 14
CH296 E10.0 "076_Group76" 35 13 17 13 9
CH298 F10.0 "077_Group77" 16 8 14 13 18
CH300 G10.0 "078_Group78" 19 24 13 15 10
CH302 H10.0 "079_Group79" 20 24 12 12 10
CH320 A11.0 "080_Group80" 41 28 27 16 11
CH322 B11.0 "081_Group81" 44 20 10 10 11
CH324 C11.0 "082_Group82" 56 24 32 15 18
CH326 D11.0 "083_Group83" 30 17 24 26 18
CH328 E11.0 "084_Group84" 29 27 28 21 16
CH330 F11.0 "085_Group85" 23 30 23 13 15
CH332 G11.0 "086_Group86" 29 7 19 16 7
CH334 H11.0 "087_Group87" 42 27 30 25 17
CH352 A12.0 "088_Group88" 30 21 12 10 13
CH354 B12.0 "089_Group89" 42 21 20 10 17
CH356 C12.0 "090_Group90" 23 15 21 7 19
CH358 D12.0 "091_Group91" 26 19 8 19 11
CH360 E12.0 "092_Group92" 22 16 20 16 11
CH362 F12.0 "093_Group93" 44 23 14 8 7
CH364 G12.0 "094_Group94" 28 27 16 11 20
CH366 H12.0 "095_Group95" 21 12 13 10 6
