"DATE:" "2/28/2015 9:21:14 AM"
"FILE:" "C:\Users\AndersenLab\Desktop\wmicrotracker\p00011\20150228_0909"
"SUBPROJECT:" "20150228_Longevity_5_daf2"

"<<<<<< Group Activity: Average Activity Counts per Data Interval>>>>>>"
Group/Time[m] 2 4 6 8 10
"000_Group0" 11 3 7 20 1
"001_Group1" 10 5 5 7 15
"002_Group2" 2 4 8 8 8
"003_Group3" 3 7 16 15 18
"004_Group4" 10 4 13 10 10
"005_Group5" 26 7 6 8 10
"006_Group6" 11 17 8 11 17
"007_Group7" 10 7 5 8 5
"008_Group8" 2 5 13 9 10
"009_Group9" 5 8 13 3 12
"010_Group10" 7 7 5 4 3
"011_Group11" 2 20 6 7 21
"012_Group12" 2 6 10 10 9
"013_Group13" 11 2 4 13 5
"014_Group14" 3 0 1 1 1
"015_Group15" 4 16 27 11 8
"016_Group16" 4 2 19 1 10
"017_Group17" 7 11 6 7 0
"018_Group18" 3 3 9 3 9
"019_Group19" 14 1 7 9 1
"020_Group20" 3 6 4 6 7
"021_Group21" 0 1 6 1 1
"022_Group22" 2 10 7 4 9
"023_Group23" 5 3 14 9 10
"024_Group24" 10 9 5 7 7
"025_Group25" 10 2 2 1 0
"026_Group26" 9 9 9 10 6
"027_Group27" 15 9 8 14 12
"028_Group28" 15 16 20 18 11
"029_Group29" 11 8 15 1 8
"030_Group30" 14 18 12 6 5
"031_Group31" 24 10 27 16 8
"032_Group32" 6 3 0 0 0
"033_Group33" 0 1 1 3 0
"034_Group34" 14 3 19 18 15
"035_Group35" 16 12 12 9 6
"036_Group36" 4 1 10 6 10
"037_Group37" 29 23 19 31 14
"038_Group38" 37 22 16 12 6
"039_Group39" 20 16 15 14 19
"040_Group40" 16 6 8 5 4
"041_Group41" 6 13 2 4 2
"042_Group42" 10 1 9 8 6
"043_Group43" 7 2 0 1 3
"044_Group44" 15 8 1 4 0
"045_Group45" 3 7 3 5 3
"046_Group46" 14 11 13 11 8
"047_Group47" 24 10 13 4 5
"048_Group48" 16 12 24 17 18
"049_Group49" 10 16 21 16 10
"050_Group50" 26 26 12 12 9
"051_Group51" 11 13 13 8 10
"052_Group52" 7 10 4 6 8
"053_Group53" 17 15 9 15 25
"054_Group54" 17 12 8 13 7
"055_Group55" 16 20 11 9 13
"056_Group56" 7 17 14 10 20
"057_Group57" 10 11 15 12 15
"058_Group58" 1 7 6 3 12
"059_Group59" 0 0 3 7 3
"060_Group60" 2 3 4 8 9
"061_Group61" 0 3 7 7 0
"062_Group62" 4 8 8 18 10
"063_Group63" 0 11 11 11 10
"064_Group64" 9 4 5 7 5
"065_Group65" 13 7 2 12 7
"066_Group66" 8 16 8 2 17
"067_Group67" 8 11 8 6 0
"068_Group68" 3 8 5 2 1
"069_Group69" 20 5 8 9 8
"070_Group70" 4 5 5 6 1
"071_Group71" 10 7 0 3 0
"072_Group72" 12 2 3 0 0
"073_Group73" 0 1 3 0 5
"074_Group74" 9 4 13 6 7
"075_Group75" 18 9 17 13 16
"076_Group76" 10 15 7 4 11
"077_Group77" 10 12 10 8 4
"078_Group78" 15 8 12 6 5
"079_Group79" 2 8 10 7 6
"080_Group80" 17 9 17 9 13
"081_Group81" 21 28 25 9 18
"082_Group82" 23 16 11 7 15
"083_Group83" 12 5 2 4 0
"084_Group84" 10 34 19 11 7
"085_Group85" 8 23 14 0 0
"086_Group86" 13 4 1 5 7
"087_Group87" 7 21 2 0 4
"088_Group88" 19 20 3 1 2
"089_Group89" 8 12 2 2 3
"090_Group90" 6 0 0 0 0
"091_Group91" 12 1 1 4 1
"092_Group92" 0 1 0 0 3
"093_Group93" 9 18 9 3 3
"094_Group94" 3 2 5 0 5
"095_Group95" 2 1 5 5 8

"<<<<<< Group Activity: Number of wells/group >>>>>>"
Group/Time[m] 2 4 6 8 10
"000_Group0" 1 1 1 1 1
"001_Group1" 1 1 1 1 1
"002_Group2" 1 1 1 1 1
"003_Group3" 1 1 1 1 1
"004_Group4" 1 1 1 1 1
"005_Group5" 1 1 1 1 1
"006_Group6" 1 1 1 1 1
"007_Group7" 1 1 1 1 1
"008_Group8" 1 1 1 1 1
"009_Group9" 1 1 1 1 1
"010_Group10" 1 1 1 1 1
"011_Group11" 1 1 1 1 1
"012_Group12" 1 1 1 1 1
"013_Group13" 1 1 1 1 1
"014_Group14" 1 1 1 1 1
"015_Group15" 1 1 1 1 1
"016_Group16" 1 1 1 1 1
"017_Group17" 1 1 1 1 1
"018_Group18" 1 1 1 1 1
"019_Group19" 1 1 1 1 1
"020_Group20" 1 1 1 1 1
"021_Group21" 1 1 1 1 1
"022_Group22" 1 1 1 1 1
"023_Group23" 1 1 1 1 1
"024_Group24" 1 1 1 1 1
"025_Group25" 1 1 1 1 1
"026_Group26" 1 1 1 1 1
"027_Group27" 1 1 1 1 1
"028_Group28" 1 1 1 1 1
"029_Group29" 1 1 1 1 1
"030_Group30" 1 1 1 1 1
"031_Group31" 1 1 1 1 1
"032_Group32" 1 1 1 1 1
"033_Group33" 1 1 1 1 1
"034_Group34" 1 1 1 1 1
"035_Group35" 1 1 1 1 1
"036_Group36" 1 1 1 1 1
"037_Group37" 1 1 1 1 1
"038_Group38" 1 1 1 1 1
"039_Group39" 1 1 1 1 1
"040_Group40" 1 1 1 1 1
"041_Group41" 1 1 1 1 1
"042_Group42" 1 1 1 1 1
"043_Group43" 1 1 1 1 1
"044_Group44" 1 1 1 1 1
"045_Group45" 1 1 1 1 1
"046_Group46" 1 1 1 1 1
"047_Group47" 1 1 1 1 1
"048_Group48" 1 1 1 1 1
"049_Group49" 1 1 1 1 1
"050_Group50" 1 1 1 1 1
"051_Group51" 1 1 1 1 1
"052_Group52" 1 1 1 1 1
"053_Group53" 1 1 1 1 1
"054_Group54" 1 1 1 1 1
"055_Group55" 1 1 1 1 1
"056_Group56" 1 1 1 1 1
"057_Group57" 1 1 1 1 1
"058_Group58" 1 1 1 1 1
"059_Group59" 1 1 1 1 1
"060_Group60" 1 1 1 1 1
"061_Group61" 1 1 1 1 1
"062_Group62" 1 1 1 1 1
"063_Group63" 1 1 1 1 1
"064_Group64" 1 1 1 1 1
"065_Group65" 1 1 1 1 1
"066_Group66" 1 1 1 1 1
"067_Group67" 1 1 1 1 1
"068_Group68" 1 1 1 1 1
"069_Group69" 1 1 1 1 1
"070_Group70" 1 1 1 1 1
"071_Group71" 1 1 1 1 1
"072_Group72" 1 1 1 1 1
"073_Group73" 1 1 1 1 1
"074_Group74" 1 1 1 1 1
"075_Group75" 1 1 1 1 1
"076_Group76" 1 1 1 1 1
"077_Group77" 1 1 1 1 1
"078_Group78" 1 1 1 1 1
"079_Group79" 1 1 1 1 1
"080_Group80" 1 1 1 1 1
"081_Group81" 1 1 1 1 1
"082_Group82" 1 1 1 1 1
"083_Group83" 1 1 1 1 1
"084_Group84" 1 1 1 1 1
"085_Group85" 1 1 1 1 1
"086_Group86" 1 1 1 1 1
"087_Group87" 1 1 1 1 1
"088_Group88" 1 1 1 1 1
"089_Group89" 1 1 1 1 1
"090_Group90" 1 1 1 1 1
"091_Group91" 1 1 1 1 1
"092_Group92" 1 1 1 1 1
"093_Group93" 1 1 1 1 1
"094_Group94" 1 1 1 1 1
"095_Group95" 1 1 1 1 1

"<<<<<< Number of Samples per Acquisition Interval [1unit=500values] >>>>>>"
Time[m] 2 4 6 8 10 
#Samples 2 2 2 2 2 

"<<<<<< Average Temperature [°C] >>>>>>"
Time[m] 2 4 6 8 10 
Temp[°C] 21.6 21.6 21.6 21.6 21.6 

"<<<<<< Well Activity >>>>>>"
Well Group/Time[m] 2 4 6 8 10
A1 "000_Group0" 11 3 7 20 1
B1 "001_Group1" 10 5 5 7 15
C1 "002_Group2" 2 4 8 8 8
D1 "003_Group3" 3 7 16 15 18
E1 "004_Group4" 10 4 13 10 10
F1 "005_Group5" 26 7 6 8 10
G1 "006_Group6" 11 17 8 11 17
H1 "007_Group7" 10 7 5 8 5
A2 "008_Group8" 2 5 13 9 10
B2 "009_Group9" 5 8 13 3 12
C2 "010_Group10" 7 7 5 4 3
D2 "011_Group11" 2 20 6 7 21
E2 "012_Group12" 2 6 10 10 9
F2 "013_Group13" 11 2 4 13 5
G2 "014_Group14" 3 0 1 1 1
H2 "015_Group15" 4 16 27 11 8
A3 "016_Group16" 4 2 19 1 10
B3 "017_Group17" 7 11 6 7 0
C3 "018_Group18" 3 3 9 3 9
D3 "019_Group19" 14 1 7 9 1
E3 "020_Group20" 3 6 4 6 7
F3 "021_Group21" 0 1 6 1 1
G3 "022_Group22" 2 10 7 4 9
H3 "023_Group23" 5 3 14 9 10
A4 "024_Group24" 10 9 5 7 7
B4 "025_Group25" 10 2 2 1 0
C4 "026_Group26" 9 9 9 10 6
D4 "027_Group27" 15 9 8 14 12
E4 "028_Group28" 15 16 20 18 11
F4 "029_Group29" 11 8 15 1 8
G4 "030_Group30" 14 18 12 6 5
H4 "031_Group31" 24 10 27 16 8
A5 "032_Group32" 6 3 0 0 0
B5 "033_Group33" 0 1 1 3 0
C5 "034_Group34" 14 3 19 18 15
D5 "035_Group35" 16 12 12 9 6
E5 "036_Group36" 4 1 10 6 10
F5 "037_Group37" 29 23 19 31 14
G5 "038_Group38" 37 22 16 12 6
H5 "039_Group39" 20 16 15 14 19
A6 "040_Group40" 16 6 8 5 4
B6 "041_Group41" 6 13 2 4 2
C6 "042_Group42" 10 1 9 8 6
D6 "043_Group43" 7 2 0 1 3
E6 "044_Group44" 15 8 1 4 0
F6 "045_Group45" 3 7 3 5 3
G6 "046_Group46" 14 11 13 11 8
H6 "047_Group47" 24 10 13 4 5
A7 "048_Group48" 16 12 24 17 18
B7 "049_Group49" 10 16 21 16 10
C7 "050_Group50" 26 26 12 12 9
D7 "051_Group51" 11 13 13 8 10
E7 "052_Group52" 7 10 4 6 8
F7 "053_Group53" 17 15 9 15 25
G7 "054_Group54" 17 12 8 13 7
H7 "055_Group55" 16 20 11 9 13
A8 "056_Group56" 7 17 14 10 20
B8 "057_Group57" 10 11 15 12 15
C8 "058_Group58" 1 7 6 3 12
D8 "059_Group59" 0 0 3 7 3
E8 "060_Group60" 2 3 4 8 9
F8 "061_Group61" 0 3 7 7 0
G8 "062_Group62" 4 8 8 18 10
H8 "063_Group63" 0 11 11 11 10
A9 "064_Group64" 9 4 5 7 5
B9 "065_Group65" 13 7 2 12 7
C9 "066_Group66" 8 16 8 2 17
D9 "067_Group67" 8 11 8 6 0
E9 "068_Group68" 3 8 5 2 1
F9 "069_Group69" 20 5 8 9 8
G9 "070_Group70" 4 5 5 6 1
H9 "071_Group71" 10 7 0 3 0
A10 "072_Group72" 12 2 3 0 0
B10 "073_Group73" 0 1 3 0 5
C10 "074_Group74" 9 4 13 6 7
D10 "075_Group75" 18 9 17 13 16
E10 "076_Group76" 10 15 7 4 11
F10 "077_Group77" 10 12 10 8 4
G10 "078_Group78" 15 8 12 6 5
H10 "079_Group79" 2 8 10 7 6
A11 "080_Group80" 17 9 17 9 13
B11 "081_Group81" 21 28 25 9 18
C11 "082_Group82" 23 16 11 7 15
D11 "083_Group83" 12 5 2 4 0
E11 "084_Group84" 10 34 19 11 7
F11 "085_Group85" 8 23 14 0 0
G11 "086_Group86" 13 4 1 5 7
H11 "087_Group87" 7 21 2 0 4
A12 "088_Group88" 19 20 3 1 2
B12 "089_Group89" 8 12 2 2 3
C12 "090_Group90" 6 0 0 0 0
D12 "091_Group91" 12 1 1 4 1
E12 "092_Group92" 0 1 0 0 3
F12 "093_Group93" 9 18 9 3 3
G12 "094_Group94" 3 2 5 0 5
H12 "095_Group95" 2 1 5 5 8

"<<<<<< Channel Activity >>>>>>"
Channel Well Group/Time[m] 2 4 6 8 10
CH0 A1.0 "000_Group0" 11 3 7 20 1
CH2 B1.0 "001_Group1" 10 5 5 7 15
CH4 C1.0 "002_Group2" 2 4 8 8 8
CH6 D1.0 "003_Group3" 3 7 16 15 18
CH8 E1.0 "004_Group4" 10 4 13 10 10
CH10 F1.0 "005_Group5" 26 7 6 8 10
CH12 G1.0 "006_Group6" 11 17 8 11 17
CH14 H1.0 "007_Group7" 10 7 5 8 5
CH32 A2.0 "008_Group8" 2 5 13 9 10
CH34 B2.0 "009_Group9" 5 8 13 3 12
CH36 C2.0 "010_Group10" 7 7 5 4 3
CH38 D2.0 "011_Group11" 2 20 6 7 21
CH40 E2.0 "012_Group12" 2 6 10 10 9
CH42 F2.0 "013_Group13" 11 2 4 13 5
CH44 G2.0 "014_Group14" 3 0 1 1 1
CH46 H2.0 "015_Group15" 4 16 27 11 8
CH64 A3.0 "016_Group16" 4 2 19 1 10
CH66 B3.0 "017_Group17" 7 11 6 7 0
CH68 C3.0 "018_Group18" 3 3 9 3 9
CH70 D3.0 "019_Group19" 14 1 7 9 1
CH72 E3.0 "020_Group20" 3 6 4 6 7
CH74 F3.0 "021_Group21" 0 1 6 1 1
CH76 G3.0 "022_Group22" 2 10 7 4 9
CH78 H3.0 "023_Group23" 5 3 14 9 10
CH96 A4.0 "024_Group24" 10 9 5 7 7
CH98 B4.0 "025_Group25" 10 2 2 1 0
CH100 C4.0 "026_Group26" 9 9 9 10 6
CH102 D4.0 "027_Group27" 15 9 8 14 12
CH104 E4.0 "028_Group28" 15 16 20 18 11
CH106 F4.0 "029_Group29" 11 8 15 1 8
CH108 G4.0 "030_Group30" 14 18 12 6 5
CH110 H4.0 "031_Group31" 24 10 27 16 8
CH128 A5.0 "032_Group32" 6 3 0 0 0
CH130 B5.0 "033_Group33" 0 1 1 3 0
CH132 C5.0 "034_Group34" 14 3 19 18 15
CH134 D5.0 "035_Group35" 16 12 12 9 6
CH136 E5.0 "036_Group36" 4 1 10 6 10
CH138 F5.0 "037_Group37" 29 23 19 31 14
CH140 G5.0 "038_Group38" 37 22 16 12 6
CH142 H5.0 "039_Group39" 20 16 15 14 19
CH160 A6.0 "040_Group40" 16 6 8 5 4
CH162 B6.0 "041_Group41" 6 13 2 4 2
CH164 C6.0 "042_Group42" 10 1 9 8 6
CH166 D6.0 "043_Group43" 7 2 0 1 3
CH168 E6.0 "044_Group44" 15 8 1 4 0
CH170 F6.0 "045_Group45" 3 7 3 5 3
CH172 G6.0 "046_Group46" 14 11 13 11 8
CH174 H6.0 "047_Group47" 24 10 13 4 5
CH192 A7.0 "048_Group48" 16 12 24 17 18
CH194 B7.0 "049_Group49" 10 16 21 16 10
CH196 C7.0 "050_Group50" 26 26 12 12 9
CH198 D7.0 "051_Group51" 11 13 13 8 10
CH200 E7.0 "052_Group52" 7 10 4 6 8
CH202 F7.0 "053_Group53" 17 15 9 15 25
CH204 G7.0 "054_Group54" 17 12 8 13 7
CH206 H7.0 "055_Group55" 16 20 11 9 13
CH224 A8.0 "056_Group56" 7 17 14 10 20
CH226 B8.0 "057_Group57" 10 11 15 12 15
CH228 C8.0 "058_Group58" 1 7 6 3 12
CH230 D8.0 "059_Group59" 0 0 3 7 3
CH232 E8.0 "060_Group60" 2 3 4 8 9
CH234 F8.0 "061_Group61" 0 3 7 7 0
CH236 G8.0 "062_Group62" 4 8 8 18 10
CH238 H8.0 "063_Group63" 0 11 11 11 10
CH256 A9.0 "064_Group64" 9 4 5 7 5
CH258 B9.0 "065_Group65" 13 7 2 12 7
CH260 C9.0 "066_Group66" 8 16 8 2 17
CH262 D9.0 "067_Group67" 8 11 8 6 0
CH264 E9.0 "068_Group68" 3 8 5 2 1
CH266 F9.0 "069_Group69" 20 5 8 9 8
CH268 G9.0 "070_Group70" 4 5 5 6 1
CH270 H9.0 "071_Group71" 10 7 0 3 0
CH288 A10.0 "072_Group72" 12 2 3 0 0
CH290 B10.0 "073_Group73" 0 1 3 0 5
CH292 C10.0 "074_Group74" 9 4 13 6 7
CH294 D10.0 "075_Group75" 18 9 17 13 16
CH296 E10.0 "076_Group76" 10 15 7 4 11
CH298 F10.0 "077_Group77" 10 12 10 8 4
CH300 G10.0 "078_Group78" 15 8 12 6 5
CH302 H10.0 "079_Group79" 2 8 10 7 6
CH320 A11.0 "080_Group80" 17 9 17 9 13
CH322 B11.0 "081_Group81" 21 28 25 9 18
CH324 C11.0 "082_Group82" 23 16 11 7 15
CH326 D11.0 "083_Group83" 12 5 2 4 0
CH328 E11.0 "084_Group84" 10 34 19 11 7
CH330 F11.0 "085_Group85" 8 23 14 0 0
CH332 G11.0 "086_Group86" 13 4 1 5 7
CH334 H11.0 "087_Group87" 7 21 2 0 4
CH352 A12.0 "088_Group88" 19 20 3 1 2
CH354 B12.0 "089_Group89" 8 12 2 2 3
CH356 C12.0 "090_Group90" 6 0 0 0 0
CH358 D12.0 "091_Group91" 12 1 1 4 1
CH360 E12.0 "092_Group92" 0 1 0 0 3
CH362 F12.0 "093_Group93" 9 18 9 3 3
CH364 G12.0 "094_Group94" 3 2 5 0 5
CH366 H12.0 "095_Group95" 2 1 5 5 8
