"DATE:" "2/22/2015 9:22:43 AM"
"FILE:" "C:\Users\AndersenLab\Desktop\wmicrotracker\p00011\20150222_0907"
"SUBPROJECT:" "20150222_Longevity_5_daf2"

"<<<<<< Group Activity: Average Activity Counts per Data Interval>>>>>>"
Group/Time[m] 2 4 6 8 10
"000_Group0" 9 8 7 4 9
"001_Group1" 15 14 12 19 6
"002_Group2" 13 8 14 8 17
"003_Group3" 37 26 20 23 13
"004_Group4" 35 8 9 18 18
"005_Group5" 15 10 4 13 4
"006_Group6" 28 17 15 5 17
"007_Group7" 14 16 13 12 8
"008_Group8" 2 3 13 17 12
"009_Group9" 19 14 6 3 10
"010_Group10" 9 17 8 9 25
"011_Group11" 20 22 25 11 16
"012_Group12" 17 4 4 11 9
"013_Group13" 17 10 12 14 17
"014_Group14" 0 2 8 7 3
"015_Group15" 10 17 16 12 19
"016_Group16" 24 18 16 11 11
"017_Group17" 7 13 20 29 14
"018_Group18" 5 1 0 3 2
"019_Group19" 27 6 9 3 1
"020_Group20" 8 6 10 10 7
"021_Group21" 9 18 4 10 8
"022_Group22" 1 17 8 13 14
"023_Group23" 18 10 20 18 12
"024_Group24" 17 11 19 16 18
"025_Group25" 12 24 17 12 16
"026_Group26" 19 11 18 18 12
"027_Group27" 22 14 7 15 15
"028_Group28" 19 8 13 17 16
"029_Group29" 23 8 8 8 6
"030_Group30" 33 26 10 12 16
"031_Group31" 9 18 7 16 6
"032_Group32" 20 25 19 25 28
"033_Group33" 11 22 15 12 16
"034_Group34" 10 11 12 16 15
"035_Group35" 17 22 18 16 11
"036_Group36" 15 15 9 14 7
"037_Group37" 21 20 8 17 18
"038_Group38" 26 9 18 19 16
"039_Group39" 35 17 10 13 16
"040_Group40" 21 9 13 16 16
"041_Group41" 16 8 10 21 14
"042_Group42" 12 19 8 16 14
"043_Group43" 17 12 14 19 15
"044_Group44" 20 21 32 24 15
"045_Group45" 18 22 17 24 6
"046_Group46" 11 17 14 17 17
"047_Group47" 23 16 17 11 18
"048_Group48" 18 16 11 15 12
"049_Group49" 17 14 14 18 20
"050_Group50" 9 27 35 15 12
"051_Group51" 17 14 14 25 15
"052_Group52" 19 8 12 12 14
"053_Group53" 23 21 14 15 4
"054_Group54" 12 22 9 21 21
"055_Group55" 11 20 23 25 13
"056_Group56" 8 13 9 10 10
"057_Group57" 17 0 15 21 14
"058_Group58" 0 0 16 2 6
"059_Group59" 3 6 1 5 3
"060_Group60" 15 19 6 15 20
"061_Group61" 27 33 26 17 26
"062_Group62" 10 21 4 11 15
"063_Group63" 9 16 6 12 7
"064_Group64" 17 18 18 20 26
"065_Group65" 19 21 9 27 17
"066_Group66" 16 15 13 14 11
"067_Group67" 26 22 15 16 20
"068_Group68" 11 12 22 15 9
"069_Group69" 9 15 10 10 11
"070_Group70" 12 28 12 15 15
"071_Group71" 19 10 19 14 17
"072_Group72" 17 16 8 12 14
"073_Group73" 18 25 17 21 18
"074_Group74" 18 20 13 21 15
"075_Group75" 27 19 11 12 12
"076_Group76" 36 20 11 7 19
"077_Group77" 17 12 10 20 15
"078_Group78" 24 18 17 21 21
"079_Group79" 30 13 12 15 17
"080_Group80" 15 9 15 8 10
"081_Group81" 42 16 20 18 19
"082_Group82" 21 18 25 19 12
"083_Group83" 28 23 7 15 21
"084_Group84" 17 23 14 8 22
"085_Group85" 35 25 13 22 13
"086_Group86" 38 17 16 23 14
"087_Group87" 36 26 9 13 14
"088_Group88" 26 15 19 10 13
"089_Group89" 29 20 13 10 12
"090_Group90" 17 14 15 13 17
"091_Group91" 13 13 8 8 10
"092_Group92" 34 18 17 13 21
"093_Group93" 14 27 13 4 21
"094_Group94" 22 15 14 13 12
"095_Group95" 31 13 15 15 18

"<<<<<< Group Activity: Number of wells/group >>>>>>"
Group/Time[m] 2 4 6 8 10
"000_Group0" 1 1 1 1 1
"001_Group1" 1 1 1 1 1
"002_Group2" 1 1 1 1 1
"003_Group3" 1 1 1 1 1
"004_Group4" 1 1 1 1 1
"005_Group5" 1 1 1 1 1
"006_Group6" 1 1 1 1 1
"007_Group7" 1 1 1 1 1
"008_Group8" 1 1 1 1 1
"009_Group9" 1 1 1 1 1
"010_Group10" 1 1 1 1 1
"011_Group11" 1 1 1 1 1
"012_Group12" 1 1 1 1 1
"013_Group13" 1 1 1 1 1
"014_Group14" 1 1 1 1 1
"015_Group15" 1 1 1 1 1
"016_Group16" 1 1 1 1 1
"017_Group17" 1 1 1 1 1
"018_Group18" 1 1 1 1 1
"019_Group19" 1 1 1 1 1
"020_Group20" 1 1 1 1 1
"021_Group21" 1 1 1 1 1
"022_Group22" 1 1 1 1 1
"023_Group23" 1 1 1 1 1
"024_Group24" 1 1 1 1 1
"025_Group25" 1 1 1 1 1
"026_Group26" 1 1 1 1 1
"027_Group27" 1 1 1 1 1
"028_Group28" 1 1 1 1 1
"029_Group29" 1 1 1 1 1
"030_Group30" 1 1 1 1 1
"031_Group31" 1 1 1 1 1
"032_Group32" 1 1 1 1 1
"033_Group33" 1 1 1 1 1
"034_Group34" 1 1 1 1 1
"035_Group35" 1 1 1 1 1
"036_Group36" 1 1 1 1 1
"037_Group37" 1 1 1 1 1
"038_Group38" 1 1 1 1 1
"039_Group39" 1 1 1 1 1
"040_Group40" 1 1 1 1 1
"041_Group41" 1 1 1 1 1
"042_Group42" 1 1 1 1 1
"043_Group43" 1 1 1 1 1
"044_Group44" 1 1 1 1 1
"045_Group45" 1 1 1 1 1
"046_Group46" 1 1 1 1 1
"047_Group47" 1 1 1 1 1
"048_Group48" 1 1 1 1 1
"049_Group49" 1 1 1 1 1
"050_Group50" 1 1 1 1 1
"051_Group51" 1 1 1 1 1
"052_Group52" 1 1 1 1 1
"053_Group53" 1 1 1 1 1
"054_Group54" 1 1 1 1 1
"055_Group55" 1 1 1 1 1
"056_Group56" 1 1 1 1 1
"057_Group57" 1 1 1 1 1
"058_Group58" 1 1 1 1 1
"059_Group59" 1 1 1 1 1
"060_Group60" 1 1 1 1 1
"061_Group61" 1 1 1 1 1
"062_Group62" 1 1 1 1 1
"063_Group63" 1 1 1 1 1
"064_Group64" 1 1 1 1 1
"065_Group65" 1 1 1 1 1
"066_Group66" 1 1 1 1 1
"067_Group67" 1 1 1 1 1
"068_Group68" 1 1 1 1 1
"069_Group69" 1 1 1 1 1
"070_Group70" 1 1 1 1 1
"071_Group71" 1 1 1 1 1
"072_Group72" 1 1 1 1 1
"073_Group73" 1 1 1 1 1
"074_Group74" 1 1 1 1 1
"075_Group75" 1 1 1 1 1
"076_Group76" 1 1 1 1 1
"077_Group77" 1 1 1 1 1
"078_Group78" 1 1 1 1 1
"079_Group79" 1 1 1 1 1
"080_Group80" 1 1 1 1 1
"081_Group81" 1 1 1 1 1
"082_Group82" 1 1 1 1 1
"083_Group83" 1 1 1 1 1
"084_Group84" 1 1 1 1 1
"085_Group85" 1 1 1 1 1
"086_Group86" 1 1 1 1 1
"087_Group87" 1 1 1 1 1
"088_Group88" 1 1 1 1 1
"089_Group89" 1 1 1 1 1
"090_Group90" 1 1 1 1 1
"091_Group91" 1 1 1 1 1
"092_Group92" 1 1 1 1 1
"093_Group93" 1 1 1 1 1
"094_Group94" 1 1 1 1 1
"095_Group95" 1 1 1 1 1

"<<<<<< Number of Samples per Acquisition Interval [1unit=500values] >>>>>>"
Time[m] 2 4 6 8 10 
#Samples 2 2 2 2 2 

"<<<<<< Average Temperature [°C] >>>>>>"
Time[m] 2 4 6 8 10 
Temp[°C] 21.1 21.1 21.1 21.4 21.1 

"<<<<<< Well Activity >>>>>>"
Well Group/Time[m] 2 4 6 8 10
A1 "000_Group0" 9 8 7 4 9
B1 "001_Group1" 15 14 12 19 6
C1 "002_Group2" 13 8 14 8 17
D1 "003_Group3" 37 26 20 23 13
E1 "004_Group4" 35 8 9 18 18
F1 "005_Group5" 15 10 4 13 4
G1 "006_Group6" 28 17 15 5 17
H1 "007_Group7" 14 16 13 12 8
A2 "008_Group8" 2 3 13 17 12
B2 "009_Group9" 19 14 6 3 10
C2 "010_Group10" 9 17 8 9 25
D2 "011_Group11" 20 22 25 11 16
E2 "012_Group12" 17 4 4 11 9
F2 "013_Group13" 17 10 12 14 17
G2 "014_Group14" 0 2 8 7 3
H2 "015_Group15" 10 17 16 12 19
A3 "016_Group16" 24 18 16 11 11
B3 "017_Group17" 7 13 20 29 14
C3 "018_Group18" 5 1 0 3 2
D3 "019_Group19" 27 6 9 3 1
E3 "020_Group20" 8 6 10 10 7
F3 "021_Group21" 9 18 4 10 8
G3 "022_Group22" 1 17 8 13 14
H3 "023_Group23" 18 10 20 18 12
A4 "024_Group24" 17 11 19 16 18
B4 "025_Group25" 12 24 17 12 16
C4 "026_Group26" 19 11 18 18 12
D4 "027_Group27" 22 14 7 15 15
E4 "028_Group28" 19 8 13 17 16
F4 "029_Group29" 23 8 8 8 6
G4 "030_Group30" 33 26 10 12 16
H4 "031_Group31" 9 18 7 16 6
A5 "032_Group32" 20 25 19 25 28
B5 "033_Group33" 11 22 15 12 16
C5 "034_Group34" 10 11 12 16 15
D5 "035_Group35" 17 22 18 16 11
E5 "036_Group36" 15 15 9 14 7
F5 "037_Group37" 21 20 8 17 18
G5 "038_Group38" 26 9 18 19 16
H5 "039_Group39" 35 17 10 13 16
A6 "040_Group40" 21 9 13 16 16
B6 "041_Group41" 16 8 10 21 14
C6 "042_Group42" 12 19 8 16 14
D6 "043_Group43" 17 12 14 19 15
E6 "044_Group44" 20 21 32 24 15
F6 "045_Group45" 18 22 17 24 6
G6 "046_Group46" 11 17 14 17 17
H6 "047_Group47" 23 16 17 11 18
A7 "048_Group48" 18 16 11 15 12
B7 "049_Group49" 17 14 14 18 20
C7 "050_Group50" 9 27 35 15 12
D7 "051_Group51" 17 14 14 25 15
E7 "052_Group52" 19 8 12 12 14
F7 "053_Group53" 23 21 14 15 4
G7 "054_Group54" 12 22 9 21 21
H7 "055_Group55" 11 20 23 25 13
A8 "056_Group56" 8 13 9 10 10
B8 "057_Group57" 17 0 15 21 14
C8 "058_Group58" 0 0 16 2 6
D8 "059_Group59" 3 6 1 5 3
E8 "060_Group60" 15 19 6 15 20
F8 "061_Group61" 27 33 26 17 26
G8 "062_Group62" 10 21 4 11 15
H8 "063_Group63" 9 16 6 12 7
A9 "064_Group64" 17 18 18 20 26
B9 "065_Group65" 19 21 9 27 17
C9 "066_Group66" 16 15 13 14 11
D9 "067_Group67" 26 22 15 16 20
E9 "068_Group68" 11 12 22 15 9
F9 "069_Group69" 9 15 10 10 11
G9 "070_Group70" 12 28 12 15 15
H9 "071_Group71" 19 10 19 14 17
A10 "072_Group72" 17 16 8 12 14
B10 "073_Group73" 18 25 17 21 18
C10 "074_Group74" 18 20 13 21 15
D10 "075_Group75" 27 19 11 12 12
E10 "076_Group76" 36 20 11 7 19
F10 "077_Group77" 17 12 10 20 15
G10 "078_Group78" 24 18 17 21 21
H10 "079_Group79" 30 13 12 15 17
A11 "080_Group80" 15 9 15 8 10
B11 "081_Group81" 42 16 20 18 19
C11 "082_Group82" 21 18 25 19 12
D11 "083_Group83" 28 23 7 15 21
E11 "084_Group84" 17 23 14 8 22
F11 "085_Group85" 35 25 13 22 13
G11 "086_Group86" 38 17 16 23 14
H11 "087_Group87" 36 26 9 13 14
A12 "088_Group88" 26 15 19 10 13
B12 "089_Group89" 29 20 13 10 12
C12 "090_Group90" 17 14 15 13 17
D12 "091_Group91" 13 13 8 8 10
E12 "092_Group92" 34 18 17 13 21
F12 "093_Group93" 14 27 13 4 21
G12 "094_Group94" 22 15 14 13 12
H12 "095_Group95" 31 13 15 15 18

"<<<<<< Channel Activity >>>>>>"
Channel Well Group/Time[m] 2 4 6 8 10
CH0 A1.0 "000_Group0" 9 8 7 4 9
CH2 B1.0 "001_Group1" 15 14 12 19 6
CH4 C1.0 "002_Group2" 13 8 14 8 17
CH6 D1.0 "003_Group3" 37 26 20 23 13
CH8 E1.0 "004_Group4" 35 8 9 18 18
CH10 F1.0 "005_Group5" 15 10 4 13 4
CH12 G1.0 "006_Group6" 28 17 15 5 17
CH14 H1.0 "007_Group7" 14 16 13 12 8
CH32 A2.0 "008_Group8" 2 3 13 17 12
CH34 B2.0 "009_Group9" 19 14 6 3 10
CH36 C2.0 "010_Group10" 9 17 8 9 25
CH38 D2.0 "011_Group11" 20 22 25 11 16
CH40 E2.0 "012_Group12" 17 4 4 11 9
CH42 F2.0 "013_Group13" 17 10 12 14 17
CH44 G2.0 "014_Group14" 0 2 8 7 3
CH46 H2.0 "015_Group15" 10 17 16 12 19
CH64 A3.0 "016_Group16" 24 18 16 11 11
CH66 B3.0 "017_Group17" 7 13 20 29 14
CH68 C3.0 "018_Group18" 5 1 0 3 2
CH70 D3.0 "019_Group19" 27 6 9 3 1
CH72 E3.0 "020_Group20" 8 6 10 10 7
CH74 F3.0 "021_Group21" 9 18 4 10 8
CH76 G3.0 "022_Group22" 1 17 8 13 14
CH78 H3.0 "023_Group23" 18 10 20 18 12
CH96 A4.0 "024_Group24" 17 11 19 16 18
CH98 B4.0 "025_Group25" 12 24 17 12 16
CH100 C4.0 "026_Group26" 19 11 18 18 12
CH102 D4.0 "027_Group27" 22 14 7 15 15
CH104 E4.0 "028_Group28" 19 8 13 17 16
CH106 F4.0 "029_Group29" 23 8 8 8 6
CH108 G4.0 "030_Group30" 33 26 10 12 16
CH110 H4.0 "031_Group31" 9 18 7 16 6
CH128 A5.0 "032_Group32" 20 25 19 25 28
CH130 B5.0 "033_Group33" 11 22 15 12 16
CH132 C5.0 "034_Group34" 10 11 12 16 15
CH134 D5.0 "035_Group35" 17 22 18 16 11
CH136 E5.0 "036_Group36" 15 15 9 14 7
CH138 F5.0 "037_Group37" 21 20 8 17 18
CH140 G5.0 "038_Group38" 26 9 18 19 16
CH142 H5.0 "039_Group39" 35 17 10 13 16
CH160 A6.0 "040_Group40" 21 9 13 16 16
CH162 B6.0 "041_Group41" 16 8 10 21 14
CH164 C6.0 "042_Group42" 12 19 8 16 14
CH166 D6.0 "043_Group43" 17 12 14 19 15
CH168 E6.0 "044_Group44" 20 21 32 24 15
CH170 F6.0 "045_Group45" 18 22 17 24 6
CH172 G6.0 "046_Group46" 11 17 14 17 17
CH174 H6.0 "047_Group47" 23 16 17 11 18
CH192 A7.0 "048_Group48" 18 16 11 15 12
CH194 B7.0 "049_Group49" 17 14 14 18 20
CH196 C7.0 "050_Group50" 9 27 35 15 12
CH198 D7.0 "051_Group51" 17 14 14 25 15
CH200 E7.0 "052_Group52" 19 8 12 12 14
CH202 F7.0 "053_Group53" 23 21 14 15 4
CH204 G7.0 "054_Group54" 12 22 9 21 21
CH206 H7.0 "055_Group55" 11 20 23 25 13
CH224 A8.0 "056_Group56" 8 13 9 10 10
CH226 B8.0 "057_Group57" 17 0 15 21 14
CH228 C8.0 "058_Group58" 0 0 16 2 6
CH230 D8.0 "059_Group59" 3 6 1 5 3
CH232 E8.0 "060_Group60" 15 19 6 15 20
CH234 F8.0 "061_Group61" 27 33 26 17 26
CH236 G8.0 "062_Group62" 10 21 4 11 15
CH238 H8.0 "063_Group63" 9 16 6 12 7
CH256 A9.0 "064_Group64" 17 18 18 20 26
CH258 B9.0 "065_Group65" 19 21 9 27 17
CH260 C9.0 "066_Group66" 16 15 13 14 11
CH262 D9.0 "067_Group67" 26 22 15 16 20
CH264 E9.0 "068_Group68" 11 12 22 15 9
CH266 F9.0 "069_Group69" 9 15 10 10 11
CH268 G9.0 "070_Group70" 12 28 12 15 15
CH270 H9.0 "071_Group71" 19 10 19 14 17
CH288 A10.0 "072_Group72" 17 16 8 12 14
CH290 B10.0 "073_Group73" 18 25 17 21 18
CH292 C10.0 "074_Group74" 18 20 13 21 15
CH294 D10.0 "075_Group75" 27 19 11 12 12
CH296 E10.0 "076_Group76" 36 20 11 7 19
CH298 F10.0 "077_Group77" 17 12 10 20 15
CH300 G10.0 "078_Group78" 24 18 17 21 21
CH302 H10.0 "079_Group79" 30 13 12 15 17
CH320 A11.0 "080_Group80" 15 9 15 8 10
CH322 B11.0 "081_Group81" 42 16 20 18 19
CH324 C11.0 "082_Group82" 21 18 25 19 12
CH326 D11.0 "083_Group83" 28 23 7 15 21
CH328 E11.0 "084_Group84" 17 23 14 8 22
CH330 F11.0 "085_Group85" 35 25 13 22 13
CH332 G11.0 "086_Group86" 38 17 16 23 14
CH334 H11.0 "087_Group87" 36 26 9 13 14
CH352 A12.0 "088_Group88" 26 15 19 10 13
CH354 B12.0 "089_Group89" 29 20 13 10 12
CH356 C12.0 "090_Group90" 17 14 15 13 17
CH358 D12.0 "091_Group91" 13 13 8 8 10
CH360 E12.0 "092_Group92" 34 18 17 13 21
CH362 F12.0 "093_Group93" 14 27 13 4 21
CH364 G12.0 "094_Group94" 22 15 14 13 12
CH366 H12.0 "095_Group95" 31 13 15 15 18
