"DATE:" "2/27/2015 9:09:23 AM"
"FILE:" "C:\Users\AndersenLab\Desktop\wmicrotracker\p00011\20150227_0857"
"SUBPROJECT:" "20150227_Longevity_5_daf2"

"<<<<<< Group Activity: Average Activity Counts per Data Interval>>>>>>"
Group/Time[m] 2 4 6 8 10
"000_Group0" 18 11 4 7 10
"001_Group1" 1 4 1 3 2
"002_Group2" 4 0 12 9 6
"003_Group3" 11 4 13 4 12
"004_Group4" 0 13 17 6 10
"005_Group5" 9 12 12 15 13
"006_Group6" 0 14 12 24 18
"007_Group7" 12 18 12 15 17
"008_Group8" 2 8 6 4 1
"009_Group9" 2 11 9 2 9
"010_Group10" 15 6 1 6 8
"011_Group11" 12 25 9 3 10
"012_Group12" 0 1 2 4 11
"013_Group13" 11 15 15 4 13
"014_Group14" 12 7 5 16 6
"015_Group15" 9 14 3 6 2
"016_Group16" 12 3 11 13 4
"017_Group17" 0 5 11 3 6
"018_Group18" 0 0 0 1 0
"019_Group19" 7 0 1 6 2
"020_Group20" 0 0 1 10 1
"021_Group21" 0 5 14 14 13
"022_Group22" 0 4 10 5 11
"023_Group23" 13 19 12 13 15
"024_Group24" 11 12 13 10 5
"025_Group25" 17 12 11 5 10
"026_Group26" 26 12 8 9 7
"027_Group27" 17 13 10 10 9
"028_Group28" 22 20 24 16 12
"029_Group29" 22 35 18 25 5
"030_Group30" 11 6 7 5 2
"031_Group31" 16 15 11 6 9
"032_Group32" 24 18 16 24 23
"033_Group33" 11 10 11 9 7
"034_Group34" 11 21 18 12 11
"035_Group35" 24 23 20 23 14
"036_Group36" 7 7 5 9 5
"037_Group37" 18 34 30 10 9
"038_Group38" 40 27 6 4 6
"039_Group39" 10 13 21 17 9
"040_Group40" 4 14 10 10 21
"041_Group41" 10 9 7 16 11
"042_Group42" 8 9 12 4 12
"043_Group43" 11 11 9 11 4
"044_Group44" 17 12 14 9 7
"045_Group45" 15 6 11 12 11
"046_Group46" 17 9 10 8 15
"047_Group47" 9 7 10 8 4
"048_Group48" 19 31 18 8 13
"049_Group49" 18 22 20 5 12
"050_Group50" 15 26 15 14 8
"051_Group51" 15 41 33 13 14
"052_Group52" 16 28 8 10 8
"053_Group53" 21 15 16 13 10
"054_Group54" 15 25 18 15 13
"055_Group55" 30 35 13 10 11
"056_Group56" 5 6 7 12 12
"057_Group57" 2 28 17 10 20
"058_Group58" 0 13 6 13 17
"059_Group59" 6 17 2 6 0
"060_Group60" 8 6 13 7 3
"061_Group61" 0 0 0 2 0
"062_Group62" 0 14 8 8 10
"063_Group63" 6 2 16 13 12
"064_Group64" 9 18 11 10 2
"065_Group65" 15 13 8 5 7
"066_Group66" 8 10 7 7 8
"067_Group67" 16 28 14 20 12
"068_Group68" 13 10 7 8 3
"069_Group69" 13 5 13 6 3
"070_Group70" 35 18 4 5 9
"071_Group71" 24 17 7 13 10
"072_Group72" 8 5 3 11 4
"073_Group73" 1 13 8 11 7
"074_Group74" 21 14 17 16 17
"075_Group75" 15 8 7 6 16
"076_Group76" 6 1 5 5 7
"077_Group77" 9 24 9 5 11
"078_Group78" 19 10 5 9 8
"079_Group79" 26 19 16 9 5
"080_Group80" 17 16 15 20 11
"081_Group81" 39 24 26 32 19
"082_Group82" 20 6 32 13 11
"083_Group83" 19 15 8 18 5
"084_Group84" 16 8 7 12 10
"085_Group85" 13 15 2 14 14
"086_Group86" 30 1 7 13 6
"087_Group87" 13 22 6 11 8
"088_Group88" 18 18 16 8 4
"089_Group89" 12 5 5 0 11
"090_Group90" 4 9 0 15 5
"091_Group91" 0 9 18 10 15
"092_Group92" 7 11 1 0 3
"093_Group93" 27 15 16 5 5
"094_Group94" 9 9 5 2 7
"095_Group95" 15 10 7 6 6

"<<<<<< Group Activity: Number of wells/group >>>>>>"
Group/Time[m] 2 4 6 8 10
"000_Group0" 1 1 1 1 1
"001_Group1" 1 1 1 1 1
"002_Group2" 1 1 1 1 1
"003_Group3" 1 1 1 1 1
"004_Group4" 1 1 1 1 1
"005_Group5" 1 1 1 1 1
"006_Group6" 1 1 1 1 1
"007_Group7" 1 1 1 1 1
"008_Group8" 1 1 1 1 1
"009_Group9" 1 1 1 1 1
"010_Group10" 1 1 1 1 1
"011_Group11" 1 1 1 1 1
"012_Group12" 1 1 1 1 1
"013_Group13" 1 1 1 1 1
"014_Group14" 1 1 1 1 1
"015_Group15" 1 1 1 1 1
"016_Group16" 1 1 1 1 1
"017_Group17" 1 1 1 1 1
"018_Group18" 1 1 1 1 1
"019_Group19" 1 1 1 1 1
"020_Group20" 1 1 1 1 1
"021_Group21" 1 1 1 1 1
"022_Group22" 1 1 1 1 1
"023_Group23" 1 1 1 1 1
"024_Group24" 1 1 1 1 1
"025_Group25" 1 1 1 1 1
"026_Group26" 1 1 1 1 1
"027_Group27" 1 1 1 1 1
"028_Group28" 1 1 1 1 1
"029_Group29" 1 1 1 1 1
"030_Group30" 1 1 1 1 1
"031_Group31" 1 1 1 1 1
"032_Group32" 1 1 1 1 1
"033_Group33" 1 1 1 1 1
"034_Group34" 1 1 1 1 1
"035_Group35" 1 1 1 1 1
"036_Group36" 1 1 1 1 1
"037_Group37" 1 1 1 1 1
"038_Group38" 1 1 1 1 1
"039_Group39" 1 1 1 1 1
"040_Group40" 1 1 1 1 1
"041_Group41" 1 1 1 1 1
"042_Group42" 1 1 1 1 1
"043_Group43" 1 1 1 1 1
"044_Group44" 1 1 1 1 1
"045_Group45" 1 1 1 1 1
"046_Group46" 1 1 1 1 1
"047_Group47" 1 1 1 1 1
"048_Group48" 1 1 1 1 1
"049_Group49" 1 1 1 1 1
"050_Group50" 1 1 1 1 1
"051_Group51" 1 1 1 1 1
"052_Group52" 1 1 1 1 1
"053_Group53" 1 1 1 1 1
"054_Group54" 1 1 1 1 1
"055_Group55" 1 1 1 1 1
"056_Group56" 1 1 1 1 1
"057_Group57" 1 1 1 1 1
"058_Group58" 1 1 1 1 1
"059_Group59" 1 1 1 1 1
"060_Group60" 1 1 1 1 1
"061_Group61" 1 1 1 1 1
"062_Group62" 1 1 1 1 1
"063_Group63" 1 1 1 1 1
"064_Group64" 1 1 1 1 1
"065_Group65" 1 1 1 1 1
"066_Group66" 1 1 1 1 1
"067_Group67" 1 1 1 1 1
"068_Group68" 1 1 1 1 1
"069_Group69" 1 1 1 1 1
"070_Group70" 1 1 1 1 1
"071_Group71" 1 1 1 1 1
"072_Group72" 1 1 1 1 1
"073_Group73" 1 1 1 1 1
"074_Group74" 1 1 1 1 1
"075_Group75" 1 1 1 1 1
"076_Group76" 1 1 1 1 1
"077_Group77" 1 1 1 1 1
"078_Group78" 1 1 1 1 1
"079_Group79" 1 1 1 1 1
"080_Group80" 1 1 1 1 1
"081_Group81" 1 1 1 1 1
"082_Group82" 1 1 1 1 1
"083_Group83" 1 1 1 1 1
"084_Group84" 1 1 1 1 1
"085_Group85" 1 1 1 1 1
"086_Group86" 1 1 1 1 1
"087_Group87" 1 1 1 1 1
"088_Group88" 1 1 1 1 1
"089_Group89" 1 1 1 1 1
"090_Group90" 1 1 1 1 1
"091_Group91" 1 1 1 1 1
"092_Group92" 1 1 1 1 1
"093_Group93" 1 1 1 1 1
"094_Group94" 1 1 1 1 1
"095_Group95" 1 1 1 1 1

"<<<<<< Number of Samples per Acquisition Interval [1unit=500values] >>>>>>"
Time[m] 2 4 6 8 10 
#Samples 2 2 2 2 2 

"<<<<<< Average Temperature [°C] >>>>>>"
Time[m] 2 4 6 8 10 
Temp[°C] 20.9 20.9 20.9 20.9 20.9 

"<<<<<< Well Activity >>>>>>"
Well Group/Time[m] 2 4 6 8 10
A1 "000_Group0" 18 11 4 7 10
B1 "001_Group1" 1 4 1 3 2
C1 "002_Group2" 4 0 12 9 6
D1 "003_Group3" 11 4 13 4 12
E1 "004_Group4" 0 13 17 6 10
F1 "005_Group5" 9 12 12 15 13
G1 "006_Group6" 0 14 12 24 18
H1 "007_Group7" 12 18 12 15 17
A2 "008_Group8" 2 8 6 4 1
B2 "009_Group9" 2 11 9 2 9
C2 "010_Group10" 15 6 1 6 8
D2 "011_Group11" 12 25 9 3 10
E2 "012_Group12" 0 1 2 4 11
F2 "013_Group13" 11 15 15 4 13
G2 "014_Group14" 12 7 5 16 6
H2 "015_Group15" 9 14 3 6 2
A3 "016_Group16" 12 3 11 13 4
B3 "017_Group17" 0 5 11 3 6
C3 "018_Group18" 0 0 0 1 0
D3 "019_Group19" 7 0 1 6 2
E3 "020_Group20" 0 0 1 10 1
F3 "021_Group21" 0 5 14 14 13
G3 "022_Group22" 0 4 10 5 11
H3 "023_Group23" 13 19 12 13 15
A4 "024_Group24" 11 12 13 10 5
B4 "025_Group25" 17 12 11 5 10
C4 "026_Group26" 26 12 8 9 7
D4 "027_Group27" 17 13 10 10 9
E4 "028_Group28" 22 20 24 16 12
F4 "029_Group29" 22 35 18 25 5
G4 "030_Group30" 11 6 7 5 2
H4 "031_Group31" 16 15 11 6 9
A5 "032_Group32" 24 18 16 24 23
B5 "033_Group33" 11 10 11 9 7
C5 "034_Group34" 11 21 18 12 11
D5 "035_Group35" 24 23 20 23 14
E5 "036_Group36" 7 7 5 9 5
F5 "037_Group37" 18 34 30 10 9
G5 "038_Group38" 40 27 6 4 6
H5 "039_Group39" 10 13 21 17 9
A6 "040_Group40" 4 14 10 10 21
B6 "041_Group41" 10 9 7 16 11
C6 "042_Group42" 8 9 12 4 12
D6 "043_Group43" 11 11 9 11 4
E6 "044_Group44" 17 12 14 9 7
F6 "045_Group45" 15 6 11 12 11
G6 "046_Group46" 17 9 10 8 15
H6 "047_Group47" 9 7 10 8 4
A7 "048_Group48" 19 31 18 8 13
B7 "049_Group49" 18 22 20 5 12
C7 "050_Group50" 15 26 15 14 8
D7 "051_Group51" 15 41 33 13 14
E7 "052_Group52" 16 28 8 10 8
F7 "053_Group53" 21 15 16 13 10
G7 "054_Group54" 15 25 18 15 13
H7 "055_Group55" 30 35 13 10 11
A8 "056_Group56" 5 6 7 12 12
B8 "057_Group57" 2 28 17 10 20
C8 "058_Group58" 0 13 6 13 17
D8 "059_Group59" 6 17 2 6 0
E8 "060_Group60" 8 6 13 7 3
F8 "061_Group61" 0 0 0 2 0
G8 "062_Group62" 0 14 8 8 10
H8 "063_Group63" 6 2 16 13 12
A9 "064_Group64" 9 18 11 10 2
B9 "065_Group65" 15 13 8 5 7
C9 "066_Group66" 8 10 7 7 8
D9 "067_Group67" 16 28 14 20 12
E9 "068_Group68" 13 10 7 8 3
F9 "069_Group69" 13 5 13 6 3
G9 "070_Group70" 35 18 4 5 9
H9 "071_Group71" 24 17 7 13 10
A10 "072_Group72" 8 5 3 11 4
B10 "073_Group73" 1 13 8 11 7
C10 "074_Group74" 21 14 17 16 17
D10 "075_Group75" 15 8 7 6 16
E10 "076_Group76" 6 1 5 5 7
F10 "077_Group77" 9 24 9 5 11
G10 "078_Group78" 19 10 5 9 8
H10 "079_Group79" 26 19 16 9 5
A11 "080_Group80" 17 16 15 20 11
B11 "081_Group81" 39 24 26 32 19
C11 "082_Group82" 20 6 32 13 11
D11 "083_Group83" 19 15 8 18 5
E11 "084_Group84" 16 8 7 12 10
F11 "085_Group85" 13 15 2 14 14
G11 "086_Group86" 30 1 7 13 6
H11 "087_Group87" 13 22 6 11 8
A12 "088_Group88" 18 18 16 8 4
B12 "089_Group89" 12 5 5 0 11
C12 "090_Group90" 4 9 0 15 5
D12 "091_Group91" 0 9 18 10 15
E12 "092_Group92" 7 11 1 0 3
F12 "093_Group93" 27 15 16 5 5
G12 "094_Group94" 9 9 5 2 7
H12 "095_Group95" 15 10 7 6 6

"<<<<<< Channel Activity >>>>>>"
Channel Well Group/Time[m] 2 4 6 8 10
CH0 A1.0 "000_Group0" 18 11 4 7 10
CH2 B1.0 "001_Group1" 1 4 1 3 2
CH4 C1.0 "002_Group2" 4 0 12 9 6
CH6 D1.0 "003_Group3" 11 4 13 4 12
CH8 E1.0 "004_Group4" 0 13 17 6 10
CH10 F1.0 "005_Group5" 9 12 12 15 13
CH12 G1.0 "006_Group6" 0 14 12 24 18
CH14 H1.0 "007_Group7" 12 18 12 15 17
CH32 A2.0 "008_Group8" 2 8 6 4 1
CH34 B2.0 "009_Group9" 2 11 9 2 9
CH36 C2.0 "010_Group10" 15 6 1 6 8
CH38 D2.0 "011_Group11" 12 25 9 3 10
CH40 E2.0 "012_Group12" 0 1 2 4 11
CH42 F2.0 "013_Group13" 11 15 15 4 13
CH44 G2.0 "014_Group14" 12 7 5 16 6
CH46 H2.0 "015_Group15" 9 14 3 6 2
CH64 A3.0 "016_Group16" 12 3 11 13 4
CH66 B3.0 "017_Group17" 0 5 11 3 6
CH68 C3.0 "018_Group18" 0 0 0 1 0
CH70 D3.0 "019_Group19" 7 0 1 6 2
CH72 E3.0 "020_Group20" 0 0 1 10 1
CH74 F3.0 "021_Group21" 0 5 14 14 13
CH76 G3.0 "022_Group22" 0 4 10 5 11
CH78 H3.0 "023_Group23" 13 19 12 13 15
CH96 A4.0 "024_Group24" 11 12 13 10 5
CH98 B4.0 "025_Group25" 17 12 11 5 10
CH100 C4.0 "026_Group26" 26 12 8 9 7
CH102 D4.0 "027_Group27" 17 13 10 10 9
CH104 E4.0 "028_Group28" 22 20 24 16 12
CH106 F4.0 "029_Group29" 22 35 18 25 5
CH108 G4.0 "030_Group30" 11 6 7 5 2
CH110 H4.0 "031_Group31" 16 15 11 6 9
CH128 A5.0 "032_Group32" 24 18 16 24 23
CH130 B5.0 "033_Group33" 11 10 11 9 7
CH132 C5.0 "034_Group34" 11 21 18 12 11
CH134 D5.0 "035_Group35" 24 23 20 23 14
CH136 E5.0 "036_Group36" 7 7 5 9 5
CH138 F5.0 "037_Group37" 18 34 30 10 9
CH140 G5.0 "038_Group38" 40 27 6 4 6
CH142 H5.0 "039_Group39" 10 13 21 17 9
CH160 A6.0 "040_Group40" 4 14 10 10 21
CH162 B6.0 "041_Group41" 10 9 7 16 11
CH164 C6.0 "042_Group42" 8 9 12 4 12
CH166 D6.0 "043_Group43" 11 11 9 11 4
CH168 E6.0 "044_Group44" 17 12 14 9 7
CH170 F6.0 "045_Group45" 15 6 11 12 11
CH172 G6.0 "046_Group46" 17 9 10 8 15
CH174 H6.0 "047_Group47" 9 7 10 8 4
CH192 A7.0 "048_Group48" 19 31 18 8 13
CH194 B7.0 "049_Group49" 18 22 20 5 12
CH196 C7.0 "050_Group50" 15 26 15 14 8
CH198 D7.0 "051_Group51" 15 41 33 13 14
CH200 E7.0 "052_Group52" 16 28 8 10 8
CH202 F7.0 "053_Group53" 21 15 16 13 10
CH204 G7.0 "054_Group54" 15 25 18 15 13
CH206 H7.0 "055_Group55" 30 35 13 10 11
CH224 A8.0 "056_Group56" 5 6 7 12 12
CH226 B8.0 "057_Group57" 2 28 17 10 20
CH228 C8.0 "058_Group58" 0 13 6 13 17
CH230 D8.0 "059_Group59" 6 17 2 6 0
CH232 E8.0 "060_Group60" 8 6 13 7 3
CH234 F8.0 "061_Group61" 0 0 0 2 0
CH236 G8.0 "062_Group62" 0 14 8 8 10
CH238 H8.0 "063_Group63" 6 2 16 13 12
CH256 A9.0 "064_Group64" 9 18 11 10 2
CH258 B9.0 "065_Group65" 15 13 8 5 7
CH260 C9.0 "066_Group66" 8 10 7 7 8
CH262 D9.0 "067_Group67" 16 28 14 20 12
CH264 E9.0 "068_Group68" 13 10 7 8 3
CH266 F9.0 "069_Group69" 13 5 13 6 3
CH268 G9.0 "070_Group70" 35 18 4 5 9
CH270 H9.0 "071_Group71" 24 17 7 13 10
CH288 A10.0 "072_Group72" 8 5 3 11 4
CH290 B10.0 "073_Group73" 1 13 8 11 7
CH292 C10.0 "074_Group74" 21 14 17 16 17
CH294 D10.0 "075_Group75" 15 8 7 6 16
CH296 E10.0 "076_Group76" 6 1 5 5 7
CH298 F10.0 "077_Group77" 9 24 9 5 11
CH300 G10.0 "078_Group78" 19 10 5 9 8
CH302 H10.0 "079_Group79" 26 19 16 9 5
CH320 A11.0 "080_Group80" 17 16 15 20 11
CH322 B11.0 "081_Group81" 39 24 26 32 19
CH324 C11.0 "082_Group82" 20 6 32 13 11
CH326 D11.0 "083_Group83" 19 15 8 18 5
CH328 E11.0 "084_Group84" 16 8 7 12 10
CH330 F11.0 "085_Group85" 13 15 2 14 14
CH332 G11.0 "086_Group86" 30 1 7 13 6
CH334 H11.0 "087_Group87" 13 22 6 11 8
CH352 A12.0 "088_Group88" 18 18 16 8 4
CH354 B12.0 "089_Group89" 12 5 5 0 11
CH356 C12.0 "090_Group90" 4 9 0 15 5
CH358 D12.0 "091_Group91" 0 9 18 10 15
CH360 E12.0 "092_Group92" 7 11 1 0 3
CH362 F12.0 "093_Group93" 27 15 16 5 5
CH364 G12.0 "094_Group94" 9 9 5 2 7
CH366 H12.0 "095_Group95" 15 10 7 6 6
