"DATE:" "1/28/2015 8:44:56 AM"
"FILE:" "C:\Users\AndersenLab\Desktop\wmicrotracker\p00011\20150128_0833"
"SUBPROJECT:" "20150128_Longevity_1_2mgmL"

"<<<<<< Group Activity: Average Activity Counts per Data Interval>>>>>>"
Group/Time[m] 2 4 6 8 10
"000_Group0" 26 34 39 30 43
"001_Group1" 26 48 25 6 24
"002_Group2" 3 23 39 27 22
"003_Group3" 28 38 48 32 37
"004_Group4" 29 34 30 44 31
"005_Group5" 16 27 30 29 19
"006_Group6" 19 40 32 24 26
"007_Group7" 6 28 30 30 22
"008_Group8" 0 7 16 9 7
"009_Group9" 0 0 0 0 0
"010_Group10" 0 0 0 0 0
"011_Group11" 0 1 0 0 4
"012_Group12" 0 0 0 0 0
"013_Group13" 0 0 0 0 0
"014_Group14" 27 35 20 2 2
"015_Group15" 0 0 3 8 4
"016_Group16" 8 26 14 18 10
"017_Group17" 8 13 14 15 10
"018_Group18" 17 15 8 14 12
"019_Group19" 13 13 10 8 11
"020_Group20" 32 30 29 20 12
"021_Group21" 10 21 17 3 9
"022_Group22" 14 25 17 8 11
"023_Group23" 15 41 34 21 16
"024_Group24" 26 31 27 21 18
"025_Group25" 12 10 4 7 11
"026_Group26" 30 29 31 28 21
"027_Group27" 20 18 25 14 7
"028_Group28" 16 18 18 15 23
"029_Group29" 26 29 18 23 19
"030_Group30" 40 23 26 34 31
"031_Group31" 22 20 19 26 32
"032_Group32" 27 23 22 4 0
"033_Group33" 22 23 15 0 0
"034_Group34" 24 15 26 16 32
"035_Group35" 19 13 15 14 13
"036_Group36" 27 15 10 7 5
"037_Group37" 28 12 31 22 6
"038_Group38" 6 13 10 0 0
"039_Group39" 33 24 23 2 12
"040_Group40" 25 20 15 1 14
"041_Group41" 16 5 0 0 3
"042_Group42" 7 6 4 0 0
"043_Group43" 19 21 15 3 2
"044_Group44" 0 0 0 0 0
"045_Group45" 4 8 6 4 6
"046_Group46" 10 15 12 4 0
"047_Group47" 39 26 10 19 10
"048_Group48" 15 23 21 22 12
"049_Group49" 18 20 9 13 23
"050_Group50" 17 11 12 15 9
"051_Group51" 32 28 11 10 14
"052_Group52" 24 8 20 4 10
"053_Group53" 16 7 20 10 12
"054_Group54" 8 16 14 12 6
"055_Group55" 13 13 15 13 16
"056_Group56" 21 23 24 16 9
"057_Group57" 15 28 14 19 19
"058_Group58" 35 33 21 25 9
"059_Group59" 35 24 25 30 38
"060_Group60" 24 23 23 3 10
"061_Group61" 29 27 27 5 6
"062_Group62" 19 13 12 9 11
"063_Group63" 17 36 29 23 11
"064_Group64" 32 34 36 26 33
"065_Group65" 33 35 27 30 25
"066_Group66" 21 27 39 15 21
"067_Group67" 39 45 27 29 14
"068_Group68" 19 20 25 18 23
"069_Group69" 42 45 36 47 26
"070_Group70" 29 29 52 38 30
"071_Group71" 18 44 27 30 24
"072_Group72" 12 27 24 25 35
"073_Group73" 15 17 12 13 6
"074_Group74" 46 23 21 21 15
"075_Group75" 13 13 25 15 5
"076_Group76" 24 14 18 9 9
"077_Group77" 22 30 25 30 26
"078_Group78" 32 42 22 16 22
"079_Group79" 24 20 10 6 10
"080_Group80" 36 28 16 17 15
"081_Group81" 19 10 24 10 11
"082_Group82" 9 4 9 8 13
"083_Group83" 15 8 19 5 7
"084_Group84" 13 11 7 6 12
"085_Group85" 22 12 13 3 12
"086_Group86" 25 24 21 16 27
"087_Group87" 36 27 9 12 9
"088_Group88" 13 9 16 9 5
"089_Group89" 35 10 7 3 12
"090_Group90" 6 17 8 24 11
"091_Group91" 25 27 15 21 8
"092_Group92" 28 11 20 19 12
"093_Group93" 7 11 6 12 9
"094_Group94" 20 32 31 27 9
"095_Group95" 14 30 16 9 15

"<<<<<< Group Activity: Number of wells/group >>>>>>"
Group/Time[m] 2 4 6 8 10
"000_Group0" 1 1 1 1 1
"001_Group1" 1 1 1 1 1
"002_Group2" 1 1 1 1 1
"003_Group3" 1 1 1 1 1
"004_Group4" 1 1 1 1 1
"005_Group5" 1 1 1 1 1
"006_Group6" 1 1 1 1 1
"007_Group7" 1 1 1 1 1
"008_Group8" 1 1 1 1 1
"009_Group9" 1 1 1 1 1
"010_Group10" 1 1 1 1 1
"011_Group11" 1 1 1 1 1
"012_Group12" 1 1 1 1 1
"013_Group13" 1 1 1 1 1
"014_Group14" 1 1 1 1 1
"015_Group15" 1 1 1 1 1
"016_Group16" 1 1 1 1 1
"017_Group17" 1 1 1 1 1
"018_Group18" 1 1 1 1 1
"019_Group19" 1 1 1 1 1
"020_Group20" 1 1 1 1 1
"021_Group21" 1 1 1 1 1
"022_Group22" 1 1 1 1 1
"023_Group23" 1 1 1 1 1
"024_Group24" 1 1 1 1 1
"025_Group25" 1 1 1 1 1
"026_Group26" 1 1 1 1 1
"027_Group27" 1 1 1 1 1
"028_Group28" 1 1 1 1 1
"029_Group29" 1 1 1 1 1
"030_Group30" 1 1 1 1 1
"031_Group31" 1 1 1 1 1
"032_Group32" 1 1 1 1 1
"033_Group33" 1 1 1 1 1
"034_Group34" 1 1 1 1 1
"035_Group35" 1 1 1 1 1
"036_Group36" 1 1 1 1 1
"037_Group37" 1 1 1 1 1
"038_Group38" 1 1 1 1 1
"039_Group39" 1 1 1 1 1
"040_Group40" 1 1 1 1 1
"041_Group41" 1 1 1 1 1
"042_Group42" 1 1 1 1 1
"043_Group43" 1 1 1 1 1
"044_Group44" 1 1 1 1 1
"045_Group45" 1 1 1 1 1
"046_Group46" 1 1 1 1 1
"047_Group47" 1 1 1 1 1
"048_Group48" 1 1 1 1 1
"049_Group49" 1 1 1 1 1
"050_Group50" 1 1 1 1 1
"051_Group51" 1 1 1 1 1
"052_Group52" 1 1 1 1 1
"053_Group53" 1 1 1 1 1
"054_Group54" 1 1 1 1 1
"055_Group55" 1 1 1 1 1
"056_Group56" 1 1 1 1 1
"057_Group57" 1 1 1 1 1
"058_Group58" 1 1 1 1 1
"059_Group59" 1 1 1 1 1
"060_Group60" 1 1 1 1 1
"061_Group61" 1 1 1 1 1
"062_Group62" 1 1 1 1 1
"063_Group63" 1 1 1 1 1
"064_Group64" 1 1 1 1 1
"065_Group65" 1 1 1 1 1
"066_Group66" 1 1 1 1 1
"067_Group67" 1 1 1 1 1
"068_Group68" 1 1 1 1 1
"069_Group69" 1 1 1 1 1
"070_Group70" 1 1 1 1 1
"071_Group71" 1 1 1 1 1
"072_Group72" 1 1 1 1 1
"073_Group73" 1 1 1 1 1
"074_Group74" 1 1 1 1 1
"075_Group75" 1 1 1 1 1
"076_Group76" 1 1 1 1 1
"077_Group77" 1 1 1 1 1
"078_Group78" 1 1 1 1 1
"079_Group79" 1 1 1 1 1
"080_Group80" 1 1 1 1 1
"081_Group81" 1 1 1 1 1
"082_Group82" 1 1 1 1 1
"083_Group83" 1 1 1 1 1
"084_Group84" 1 1 1 1 1
"085_Group85" 1 1 1 1 1
"086_Group86" 1 1 1 1 1
"087_Group87" 1 1 1 1 1
"088_Group88" 1 1 1 1 1
"089_Group89" 1 1 1 1 1
"090_Group90" 1 1 1 1 1
"091_Group91" 1 1 1 1 1
"092_Group92" 1 1 1 1 1
"093_Group93" 1 1 1 1 1
"094_Group94" 1 1 1 1 1
"095_Group95" 1 1 1 1 1

"<<<<<< Number of Samples per Acquisition Interval [1unit=500values] >>>>>>"
Time[m] 2 4 6 8 10 
#Samples 2 2 2 2 2 

"<<<<<< Average Temperature [°C] >>>>>>"
Time[m] 2 4 6 8 10 
Temp[°C] 21.6 21.6 21.6 21.6 21.6 

"<<<<<< Well Activity >>>>>>"
Well Group/Time[m] 2 4 6 8 10
A1 "000_Group0" 26 34 39 30 43
B1 "001_Group1" 26 48 25 6 24
C1 "002_Group2" 3 23 39 27 22
D1 "003_Group3" 28 38 48 32 37
E1 "004_Group4" 29 34 30 44 31
F1 "005_Group5" 16 27 30 29 19
G1 "006_Group6" 19 40 32 24 26
H1 "007_Group7" 6 28 30 30 22
A2 "008_Group8" 0 7 16 9 7
B2 "009_Group9" 0 0 0 0 0
C2 "010_Group10" 0 0 0 0 0
D2 "011_Group11" 0 1 0 0 4
E2 "012_Group12" 0 0 0 0 0
F2 "013_Group13" 0 0 0 0 0
G2 "014_Group14" 27 35 20 2 2
H2 "015_Group15" 0 0 3 8 4
A3 "016_Group16" 8 26 14 18 10
B3 "017_Group17" 8 13 14 15 10
C3 "018_Group18" 17 15 8 14 12
D3 "019_Group19" 13 13 10 8 11
E3 "020_Group20" 32 30 29 20 12
F3 "021_Group21" 10 21 17 3 9
G3 "022_Group22" 14 25 17 8 11
H3 "023_Group23" 15 41 34 21 16
A4 "024_Group24" 26 31 27 21 18
B4 "025_Group25" 12 10 4 7 11
C4 "026_Group26" 30 29 31 28 21
D4 "027_Group27" 20 18 25 14 7
E4 "028_Group28" 16 18 18 15 23
F4 "029_Group29" 26 29 18 23 19
G4 "030_Group30" 40 23 26 34 31
H4 "031_Group31" 22 20 19 26 32
A5 "032_Group32" 27 23 22 4 0
B5 "033_Group33" 22 23 15 0 0
C5 "034_Group34" 24 15 26 16 32
D5 "035_Group35" 19 13 15 14 13
E5 "036_Group36" 27 15 10 7 5
F5 "037_Group37" 28 12 31 22 6
G5 "038_Group38" 6 13 10 0 0
H5 "039_Group39" 33 24 23 2 12
A6 "040_Group40" 25 20 15 1 14
B6 "041_Group41" 16 5 0 0 3
C6 "042_Group42" 7 6 4 0 0
D6 "043_Group43" 19 21 15 3 2
E6 "044_Group44" 0 0 0 0 0
F6 "045_Group45" 4 8 6 4 6
G6 "046_Group46" 10 15 12 4 0
H6 "047_Group47" 39 26 10 19 10
A7 "048_Group48" 15 23 21 22 12
B7 "049_Group49" 18 20 9 13 23
C7 "050_Group50" 17 11 12 15 9
D7 "051_Group51" 32 28 11 10 14
E7 "052_Group52" 24 8 20 4 10
F7 "053_Group53" 16 7 20 10 12
G7 "054_Group54" 8 16 14 12 6
H7 "055_Group55" 13 13 15 13 16
A8 "056_Group56" 21 23 24 16 9
B8 "057_Group57" 15 28 14 19 19
C8 "058_Group58" 35 33 21 25 9
D8 "059_Group59" 35 24 25 30 38
E8 "060_Group60" 24 23 23 3 10
F8 "061_Group61" 29 27 27 5 6
G8 "062_Group62" 19 13 12 9 11
H8 "063_Group63" 17 36 29 23 11
A9 "064_Group64" 32 34 36 26 33
B9 "065_Group65" 33 35 27 30 25
C9 "066_Group66" 21 27 39 15 21
D9 "067_Group67" 39 45 27 29 14
E9 "068_Group68" 19 20 25 18 23
F9 "069_Group69" 42 45 36 47 26
G9 "070_Group70" 29 29 52 38 30
H9 "071_Group71" 18 44 27 30 24
A10 "072_Group72" 12 27 24 25 35
B10 "073_Group73" 15 17 12 13 6
C10 "074_Group74" 46 23 21 21 15
D10 "075_Group75" 13 13 25 15 5
E10 "076_Group76" 24 14 18 9 9
F10 "077_Group77" 22 30 25 30 26
G10 "078_Group78" 32 42 22 16 22
H10 "079_Group79" 24 20 10 6 10
A11 "080_Group80" 36 28 16 17 15
B11 "081_Group81" 19 10 24 10 11
C11 "082_Group82" 9 4 9 8 13
D11 "083_Group83" 15 8 19 5 7
E11 "084_Group84" 13 11 7 6 12
F11 "085_Group85" 22 12 13 3 12
G11 "086_Group86" 25 24 21 16 27
H11 "087_Group87" 36 27 9 12 9
A12 "088_Group88" 13 9 16 9 5
B12 "089_Group89" 35 10 7 3 12
C12 "090_Group90" 6 17 8 24 11
D12 "091_Group91" 25 27 15 21 8
E12 "092_Group92" 28 11 20 19 12
F12 "093_Group93" 7 11 6 12 9
G12 "094_Group94" 20 32 31 27 9
H12 "095_Group95" 14 30 16 9 15

"<<<<<< Channel Activity >>>>>>"
Channel Well Group/Time[m] 2 4 6 8 10
CH0 A1.0 "000_Group0" 26 34 39 30 43
CH2 B1.0 "001_Group1" 26 48 25 6 24
CH4 C1.0 "002_Group2" 3 23 39 27 22
CH6 D1.0 "003_Group3" 28 38 48 32 37
CH8 E1.0 "004_Group4" 29 34 30 44 31
CH10 F1.0 "005_Group5" 16 27 30 29 19
CH12 G1.0 "006_Group6" 19 40 32 24 26
CH14 H1.0 "007_Group7" 6 28 30 30 22
CH32 A2.0 "008_Group8" 0 7 16 9 7
CH34 B2.0 "009_Group9" 0 0 0 0 0
CH36 C2.0 "010_Group10" 0 0 0 0 0
CH38 D2.0 "011_Group11" 0 1 0 0 4
CH40 E2.0 "012_Group12" 0 0 0 0 0
CH42 F2.0 "013_Group13" 0 0 0 0 0
CH44 G2.0 "014_Group14" 27 35 20 2 2
CH46 H2.0 "015_Group15" 0 0 3 8 4
CH64 A3.0 "016_Group16" 8 26 14 18 10
CH66 B3.0 "017_Group17" 8 13 14 15 10
CH68 C3.0 "018_Group18" 17 15 8 14 12
CH70 D3.0 "019_Group19" 13 13 10 8 11
CH72 E3.0 "020_Group20" 32 30 29 20 12
CH74 F3.0 "021_Group21" 10 21 17 3 9
CH76 G3.0 "022_Group22" 14 25 17 8 11
CH78 H3.0 "023_Group23" 15 41 34 21 16
CH96 A4.0 "024_Group24" 26 31 27 21 18
CH98 B4.0 "025_Group25" 12 10 4 7 11
CH100 C4.0 "026_Group26" 30 29 31 28 21
CH102 D4.0 "027_Group27" 20 18 25 14 7
CH104 E4.0 "028_Group28" 16 18 18 15 23
CH106 F4.0 "029_Group29" 26 29 18 23 19
CH108 G4.0 "030_Group30" 40 23 26 34 31
CH110 H4.0 "031_Group31" 22 20 19 26 32
CH128 A5.0 "032_Group32" 27 23 22 4 0
CH130 B5.0 "033_Group33" 22 23 15 0 0
CH132 C5.0 "034_Group34" 24 15 26 16 32
CH134 D5.0 "035_Group35" 19 13 15 14 13
CH136 E5.0 "036_Group36" 27 15 10 7 5
CH138 F5.0 "037_Group37" 28 12 31 22 6
CH140 G5.0 "038_Group38" 6 13 10 0 0
CH142 H5.0 "039_Group39" 33 24 23 2 12
CH160 A6.0 "040_Group40" 25 20 15 1 14
CH162 B6.0 "041_Group41" 16 5 0 0 3
CH164 C6.0 "042_Group42" 7 6 4 0 0
CH166 D6.0 "043_Group43" 19 21 15 3 2
CH168 E6.0 "044_Group44" 0 0 0 0 0
CH170 F6.0 "045_Group45" 4 8 6 4 6
CH172 G6.0 "046_Group46" 10 15 12 4 0
CH174 H6.0 "047_Group47" 39 26 10 19 10
CH192 A7.0 "048_Group48" 15 23 21 22 12
CH194 B7.0 "049_Group49" 18 20 9 13 23
CH196 C7.0 "050_Group50" 17 11 12 15 9
CH198 D7.0 "051_Group51" 32 28 11 10 14
CH200 E7.0 "052_Group52" 24 8 20 4 10
CH202 F7.0 "053_Group53" 16 7 20 10 12
CH204 G7.0 "054_Group54" 8 16 14 12 6
CH206 H7.0 "055_Group55" 13 13 15 13 16
CH224 A8.0 "056_Group56" 21 23 24 16 9
CH226 B8.0 "057_Group57" 15 28 14 19 19
CH228 C8.0 "058_Group58" 35 33 21 25 9
CH230 D8.0 "059_Group59" 35 24 25 30 38
CH232 E8.0 "060_Group60" 24 23 23 3 10
CH234 F8.0 "061_Group61" 29 27 27 5 6
CH236 G8.0 "062_Group62" 19 13 12 9 11
CH238 H8.0 "063_Group63" 17 36 29 23 11
CH256 A9.0 "064_Group64" 32 34 36 26 33
CH258 B9.0 "065_Group65" 33 35 27 30 25
CH260 C9.0 "066_Group66" 21 27 39 15 21
CH262 D9.0 "067_Group67" 39 45 27 29 14
CH264 E9.0 "068_Group68" 19 20 25 18 23
CH266 F9.0 "069_Group69" 42 45 36 47 26
CH268 G9.0 "070_Group70" 29 29 52 38 30
CH270 H9.0 "071_Group71" 18 44 27 30 24
CH288 A10.0 "072_Group72" 12 27 24 25 35
CH290 B10.0 "073_Group73" 15 17 12 13 6
CH292 C10.0 "074_Group74" 46 23 21 21 15
CH294 D10.0 "075_Group75" 13 13 25 15 5
CH296 E10.0 "076_Group76" 24 14 18 9 9
CH298 F10.0 "077_Group77" 22 30 25 30 26
CH300 G10.0 "078_Group78" 32 42 22 16 22
CH302 H10.0 "079_Group79" 24 20 10 6 10
CH320 A11.0 "080_Group80" 36 28 16 17 15
CH322 B11.0 "081_Group81" 19 10 24 10 11
CH324 C11.0 "082_Group82" 9 4 9 8 13
CH326 D11.0 "083_Group83" 15 8 19 5 7
CH328 E11.0 "084_Group84" 13 11 7 6 12
CH330 F11.0 "085_Group85" 22 12 13 3 12
CH332 G11.0 "086_Group86" 25 24 21 16 27
CH334 H11.0 "087_Group87" 36 27 9 12 9
CH352 A12.0 "088_Group88" 13 9 16 9 5
CH354 B12.0 "089_Group89" 35 10 7 3 12
CH356 C12.0 "090_Group90" 6 17 8 24 11
CH358 D12.0 "091_Group91" 25 27 15 21 8
CH360 E12.0 "092_Group92" 28 11 20 19 12
CH362 F12.0 "093_Group93" 7 11 6 12 9
CH364 G12.0 "094_Group94" 20 32 31 27 9
CH366 H12.0 "095_Group95" 14 30 16 9 15
