"DATE:" "1/29/2015 8:45:31 AM"
"FILE:" "C:\Users\AndersenLab\Desktop\wmicrotracker\p00011\20150129_0834"
"SUBPROJECT:" "20150129_Longevity_1_2mgmL"

"<<<<<< Group Activity: Average Activity Counts per Data Interval>>>>>>"
Group/Time[m] 2 4 6 8 10
"000_Group0" 28 18 32 38 22
"001_Group1" 21 32 27 30 21
"002_Group2" 16 25 20 12 11
"003_Group3" 31 27 30 37 26
"004_Group4" 29 35 20 30 21
"005_Group5" 25 12 44 34 28
"006_Group6" 31 40 29 20 11
"007_Group7" 24 34 31 19 14
"008_Group8" 12 14 7 13 4
"009_Group9" 0 0 0 0 0
"010_Group10" 0 0 0 0 0
"011_Group11" 13 6 2 1 5
"012_Group12" 0 0 0 0 0
"013_Group13" 0 0 0 0 0
"014_Group14" 9 11 5 3 7
"015_Group15" 0 0 2 13 2
"016_Group16" 4 15 12 15 10
"017_Group17" 8 6 16 2 12
"018_Group18" 8 4 6 8 7
"019_Group19" 12 28 11 9 6
"020_Group20" 10 10 8 13 7
"021_Group21" 8 11 14 10 13
"022_Group22" 11 22 10 7 17
"023_Group23" 23 30 26 28 11
"024_Group24" 31 24 18 12 22
"025_Group25" 11 18 16 6 5
"026_Group26" 24 34 27 19 24
"027_Group27" 22 21 33 32 15
"028_Group28" 9 19 30 31 8
"029_Group29" 6 22 20 27 24
"030_Group30" 7 17 16 25 10
"031_Group31" 22 35 19 28 28
"032_Group32" 20 4 2 1 3
"033_Group33" 34 35 14 1 2
"034_Group34" 17 29 18 9 29
"035_Group35" 31 18 0 4 7
"036_Group36" 18 8 7 6 13
"037_Group37" 10 29 24 20 9
"038_Group38" 4 1 3 1 0
"039_Group39" 28 25 13 8 24
"040_Group40" 18 9 4 12 0
"041_Group41" 10 6 5 0 3
"042_Group42" 2 9 11 7 0
"043_Group43" 9 7 12 8 8
"044_Group44" 1 3 3 6 1
"045_Group45" 7 6 5 4 2
"046_Group46" 0 0 10 0 13
"047_Group47" 21 22 23 15 15
"048_Group48" 15 29 17 22 13
"049_Group49" 45 15 8 11 24
"050_Group50" 16 22 24 12 12
"051_Group51" 12 28 22 17 10
"052_Group52" 11 7 13 15 12
"053_Group53" 29 15 19 13 17
"054_Group54" 11 15 9 9 11
"055_Group55" 36 32 32 14 14
"056_Group56" 16 14 9 9 11
"057_Group57" 27 26 11 13 4
"058_Group58" 33 25 15 16 13
"059_Group59" 8 10 9 13 6
"060_Group60" 23 11 18 11 16
"061_Group61" 42 32 30 20 15
"062_Group62" 32 30 24 14 8
"063_Group63" 23 38 32 20 14
"064_Group64" 30 28 19 29 41
"065_Group65" 13 20 33 26 40
"066_Group66" 18 40 42 15 29
"067_Group67" 27 28 32 35 32
"068_Group68" 19 26 34 20 26
"069_Group69" 27 32 29 23 19
"070_Group70" 29 46 18 33 12
"071_Group71" 26 40 26 27 31
"072_Group72" 8 20 10 10 6
"073_Group73" 30 28 28 23 21
"074_Group74" 15 24 27 25 17
"075_Group75" 18 34 24 24 30
"076_Group76" 21 25 8 12 12
"077_Group77" 13 33 40 41 16
"078_Group78" 24 40 23 37 23
"079_Group79" 31 29 31 24 10
"080_Group80" 29 24 5 23 12
"081_Group81" 17 25 13 16 8
"082_Group82" 20 7 13 5 5
"083_Group83" 11 11 11 18 16
"084_Group84" 7 16 10 14 17
"085_Group85" 20 14 19 17 11
"086_Group86" 40 36 33 13 17
"087_Group87" 35 31 23 7 14
"088_Group88" 16 13 8 10 13
"089_Group89" 10 10 12 13 14
"090_Group90" 28 15 17 9 8
"091_Group91" 12 17 25 27 21
"092_Group92" 16 12 11 21 11
"093_Group93" 17 9 11 11 19
"094_Group94" 16 9 7 6 15
"095_Group95" 10 14 32 11 17

"<<<<<< Group Activity: Number of wells/group >>>>>>"
Group/Time[m] 2 4 6 8 10
"000_Group0" 1 1 1 1 1
"001_Group1" 1 1 1 1 1
"002_Group2" 1 1 1 1 1
"003_Group3" 1 1 1 1 1
"004_Group4" 1 1 1 1 1
"005_Group5" 1 1 1 1 1
"006_Group6" 1 1 1 1 1
"007_Group7" 1 1 1 1 1
"008_Group8" 1 1 1 1 1
"009_Group9" 1 1 1 1 1
"010_Group10" 1 1 1 1 1
"011_Group11" 1 1 1 1 1
"012_Group12" 1 1 1 1 1
"013_Group13" 1 1 1 1 1
"014_Group14" 1 1 1 1 1
"015_Group15" 1 1 1 1 1
"016_Group16" 1 1 1 1 1
"017_Group17" 1 1 1 1 1
"018_Group18" 1 1 1 1 1
"019_Group19" 1 1 1 1 1
"020_Group20" 1 1 1 1 1
"021_Group21" 1 1 1 1 1
"022_Group22" 1 1 1 1 1
"023_Group23" 1 1 1 1 1
"024_Group24" 1 1 1 1 1
"025_Group25" 1 1 1 1 1
"026_Group26" 1 1 1 1 1
"027_Group27" 1 1 1 1 1
"028_Group28" 1 1 1 1 1
"029_Group29" 1 1 1 1 1
"030_Group30" 1 1 1 1 1
"031_Group31" 1 1 1 1 1
"032_Group32" 1 1 1 1 1
"033_Group33" 1 1 1 1 1
"034_Group34" 1 1 1 1 1
"035_Group35" 1 1 1 1 1
"036_Group36" 1 1 1 1 1
"037_Group37" 1 1 1 1 1
"038_Group38" 1 1 1 1 1
"039_Group39" 1 1 1 1 1
"040_Group40" 1 1 1 1 1
"041_Group41" 1 1 1 1 1
"042_Group42" 1 1 1 1 1
"043_Group43" 1 1 1 1 1
"044_Group44" 1 1 1 1 1
"045_Group45" 1 1 1 1 1
"046_Group46" 1 1 1 1 1
"047_Group47" 1 1 1 1 1
"048_Group48" 1 1 1 1 1
"049_Group49" 1 1 1 1 1
"050_Group50" 1 1 1 1 1
"051_Group51" 1 1 1 1 1
"052_Group52" 1 1 1 1 1
"053_Group53" 1 1 1 1 1
"054_Group54" 1 1 1 1 1
"055_Group55" 1 1 1 1 1
"056_Group56" 1 1 1 1 1
"057_Group57" 1 1 1 1 1
"058_Group58" 1 1 1 1 1
"059_Group59" 1 1 1 1 1
"060_Group60" 1 1 1 1 1
"061_Group61" 1 1 1 1 1
"062_Group62" 1 1 1 1 1
"063_Group63" 1 1 1 1 1
"064_Group64" 1 1 1 1 1
"065_Group65" 1 1 1 1 1
"066_Group66" 1 1 1 1 1
"067_Group67" 1 1 1 1 1
"068_Group68" 1 1 1 1 1
"069_Group69" 1 1 1 1 1
"070_Group70" 1 1 1 1 1
"071_Group71" 1 1 1 1 1
"072_Group72" 1 1 1 1 1
"073_Group73" 1 1 1 1 1
"074_Group74" 1 1 1 1 1
"075_Group75" 1 1 1 1 1
"076_Group76" 1 1 1 1 1
"077_Group77" 1 1 1 1 1
"078_Group78" 1 1 1 1 1
"079_Group79" 1 1 1 1 1
"080_Group80" 1 1 1 1 1
"081_Group81" 1 1 1 1 1
"082_Group82" 1 1 1 1 1
"083_Group83" 1 1 1 1 1
"084_Group84" 1 1 1 1 1
"085_Group85" 1 1 1 1 1
"086_Group86" 1 1 1 1 1
"087_Group87" 1 1 1 1 1
"088_Group88" 1 1 1 1 1
"089_Group89" 1 1 1 1 1
"090_Group90" 1 1 1 1 1
"091_Group91" 1 1 1 1 1
"092_Group92" 1 1 1 1 1
"093_Group93" 1 1 1 1 1
"094_Group94" 1 1 1 1 1
"095_Group95" 1 1 1 1 1

"<<<<<< Number of Samples per Acquisition Interval [1unit=500values] >>>>>>"
Time[m] 2 4 6 8 10 
#Samples 2 2 2 2 2 

"<<<<<< Average Temperature [°C] >>>>>>"
Time[m] 2 4 6 8 10 
Temp[°C] 22.2 22.2 22.2 22.2 22.2 

"<<<<<< Well Activity >>>>>>"
Well Group/Time[m] 2 4 6 8 10
A1 "000_Group0" 28 18 32 38 22
B1 "001_Group1" 21 32 27 30 21
C1 "002_Group2" 16 25 20 12 11
D1 "003_Group3" 31 27 30 37 26
E1 "004_Group4" 29 35 20 30 21
F1 "005_Group5" 25 12 44 34 28
G1 "006_Group6" 31 40 29 20 11
H1 "007_Group7" 24 34 31 19 14
A2 "008_Group8" 12 14 7 13 4
B2 "009_Group9" 0 0 0 0 0
C2 "010_Group10" 0 0 0 0 0
D2 "011_Group11" 13 6 2 1 5
E2 "012_Group12" 0 0 0 0 0
F2 "013_Group13" 0 0 0 0 0
G2 "014_Group14" 9 11 5 3 7
H2 "015_Group15" 0 0 2 13 2
A3 "016_Group16" 4 15 12 15 10
B3 "017_Group17" 8 6 16 2 12
C3 "018_Group18" 8 4 6 8 7
D3 "019_Group19" 12 28 11 9 6
E3 "020_Group20" 10 10 8 13 7
F3 "021_Group21" 8 11 14 10 13
G3 "022_Group22" 11 22 10 7 17
H3 "023_Group23" 23 30 26 28 11
A4 "024_Group24" 31 24 18 12 22
B4 "025_Group25" 11 18 16 6 5
C4 "026_Group26" 24 34 27 19 24
D4 "027_Group27" 22 21 33 32 15
E4 "028_Group28" 9 19 30 31 8
F4 "029_Group29" 6 22 20 27 24
G4 "030_Group30" 7 17 16 25 10
H4 "031_Group31" 22 35 19 28 28
A5 "032_Group32" 20 4 2 1 3
B5 "033_Group33" 34 35 14 1 2
C5 "034_Group34" 17 29 18 9 29
D5 "035_Group35" 31 18 0 4 7
E5 "036_Group36" 18 8 7 6 13
F5 "037_Group37" 10 29 24 20 9
G5 "038_Group38" 4 1 3 1 0
H5 "039_Group39" 28 25 13 8 24
A6 "040_Group40" 18 9 4 12 0
B6 "041_Group41" 10 6 5 0 3
C6 "042_Group42" 2 9 11 7 0
D6 "043_Group43" 9 7 12 8 8
E6 "044_Group44" 1 3 3 6 1
F6 "045_Group45" 7 6 5 4 2
G6 "046_Group46" 0 0 10 0 13
H6 "047_Group47" 21 22 23 15 15
A7 "048_Group48" 15 29 17 22 13
B7 "049_Group49" 45 15 8 11 24
C7 "050_Group50" 16 22 24 12 12
D7 "051_Group51" 12 28 22 17 10
E7 "052_Group52" 11 7 13 15 12
F7 "053_Group53" 29 15 19 13 17
G7 "054_Group54" 11 15 9 9 11
H7 "055_Group55" 36 32 32 14 14
A8 "056_Group56" 16 14 9 9 11
B8 "057_Group57" 27 26 11 13 4
C8 "058_Group58" 33 25 15 16 13
D8 "059_Group59" 8 10 9 13 6
E8 "060_Group60" 23 11 18 11 16
F8 "061_Group61" 42 32 30 20 15
G8 "062_Group62" 32 30 24 14 8
H8 "063_Group63" 23 38 32 20 14
A9 "064_Group64" 30 28 19 29 41
B9 "065_Group65" 13 20 33 26 40
C9 "066_Group66" 18 40 42 15 29
D9 "067_Group67" 27 28 32 35 32
E9 "068_Group68" 19 26 34 20 26
F9 "069_Group69" 27 32 29 23 19
G9 "070_Group70" 29 46 18 33 12
H9 "071_Group71" 26 40 26 27 31
A10 "072_Group72" 8 20 10 10 6
B10 "073_Group73" 30 28 28 23 21
C10 "074_Group74" 15 24 27 25 17
D10 "075_Group75" 18 34 24 24 30
E10 "076_Group76" 21 25 8 12 12
F10 "077_Group77" 13 33 40 41 16
G10 "078_Group78" 24 40 23 37 23
H10 "079_Group79" 31 29 31 24 10
A11 "080_Group80" 29 24 5 23 12
B11 "081_Group81" 17 25 13 16 8
C11 "082_Group82" 20 7 13 5 5
D11 "083_Group83" 11 11 11 18 16
E11 "084_Group84" 7 16 10 14 17
F11 "085_Group85" 20 14 19 17 11
G11 "086_Group86" 40 36 33 13 17
H11 "087_Group87" 35 31 23 7 14
A12 "088_Group88" 16 13 8 10 13
B12 "089_Group89" 10 10 12 13 14
C12 "090_Group90" 28 15 17 9 8
D12 "091_Group91" 12 17 25 27 21
E12 "092_Group92" 16 12 11 21 11
F12 "093_Group93" 17 9 11 11 19
G12 "094_Group94" 16 9 7 6 15
H12 "095_Group95" 10 14 32 11 17

"<<<<<< Channel Activity >>>>>>"
Channel Well Group/Time[m] 2 4 6 8 10
CH0 A1.0 "000_Group0" 28 18 32 38 22
CH2 B1.0 "001_Group1" 21 32 27 30 21
CH4 C1.0 "002_Group2" 16 25 20 12 11
CH6 D1.0 "003_Group3" 31 27 30 37 26
CH8 E1.0 "004_Group4" 29 35 20 30 21
CH10 F1.0 "005_Group5" 25 12 44 34 28
CH12 G1.0 "006_Group6" 31 40 29 20 11
CH14 H1.0 "007_Group7" 24 34 31 19 14
CH32 A2.0 "008_Group8" 12 14 7 13 4
CH34 B2.0 "009_Group9" 0 0 0 0 0
CH36 C2.0 "010_Group10" 0 0 0 0 0
CH38 D2.0 "011_Group11" 13 6 2 1 5
CH40 E2.0 "012_Group12" 0 0 0 0 0
CH42 F2.0 "013_Group13" 0 0 0 0 0
CH44 G2.0 "014_Group14" 9 11 5 3 7
CH46 H2.0 "015_Group15" 0 0 2 13 2
CH64 A3.0 "016_Group16" 4 15 12 15 10
CH66 B3.0 "017_Group17" 8 6 16 2 12
CH68 C3.0 "018_Group18" 8 4 6 8 7
CH70 D3.0 "019_Group19" 12 28 11 9 6
CH72 E3.0 "020_Group20" 10 10 8 13 7
CH74 F3.0 "021_Group21" 8 11 14 10 13
CH76 G3.0 "022_Group22" 11 22 10 7 17
CH78 H3.0 "023_Group23" 23 30 26 28 11
CH96 A4.0 "024_Group24" 31 24 18 12 22
CH98 B4.0 "025_Group25" 11 18 16 6 5
CH100 C4.0 "026_Group26" 24 34 27 19 24
CH102 D4.0 "027_Group27" 22 21 33 32 15
CH104 E4.0 "028_Group28" 9 19 30 31 8
CH106 F4.0 "029_Group29" 6 22 20 27 24
CH108 G4.0 "030_Group30" 7 17 16 25 10
CH110 H4.0 "031_Group31" 22 35 19 28 28
CH128 A5.0 "032_Group32" 20 4 2 1 3
CH130 B5.0 "033_Group33" 34 35 14 1 2
CH132 C5.0 "034_Group34" 17 29 18 9 29
CH134 D5.0 "035_Group35" 31 18 0 4 7
CH136 E5.0 "036_Group36" 18 8 7 6 13
CH138 F5.0 "037_Group37" 10 29 24 20 9
CH140 G5.0 "038_Group38" 4 1 3 1 0
CH142 H5.0 "039_Group39" 28 25 13 8 24
CH160 A6.0 "040_Group40" 18 9 4 12 0
CH162 B6.0 "041_Group41" 10 6 5 0 3
CH164 C6.0 "042_Group42" 2 9 11 7 0
CH166 D6.0 "043_Group43" 9 7 12 8 8
CH168 E6.0 "044_Group44" 1 3 3 6 1
CH170 F6.0 "045_Group45" 7 6 5 4 2
CH172 G6.0 "046_Group46" 0 0 10 0 13
CH174 H6.0 "047_Group47" 21 22 23 15 15
CH192 A7.0 "048_Group48" 15 29 17 22 13
CH194 B7.0 "049_Group49" 45 15 8 11 24
CH196 C7.0 "050_Group50" 16 22 24 12 12
CH198 D7.0 "051_Group51" 12 28 22 17 10
CH200 E7.0 "052_Group52" 11 7 13 15 12
CH202 F7.0 "053_Group53" 29 15 19 13 17
CH204 G7.0 "054_Group54" 11 15 9 9 11
CH206 H7.0 "055_Group55" 36 32 32 14 14
CH224 A8.0 "056_Group56" 16 14 9 9 11
CH226 B8.0 "057_Group57" 27 26 11 13 4
CH228 C8.0 "058_Group58" 33 25 15 16 13
CH230 D8.0 "059_Group59" 8 10 9 13 6
CH232 E8.0 "060_Group60" 23 11 18 11 16
CH234 F8.0 "061_Group61" 42 32 30 20 15
CH236 G8.0 "062_Group62" 32 30 24 14 8
CH238 H8.0 "063_Group63" 23 38 32 20 14
CH256 A9.0 "064_Group64" 30 28 19 29 41
CH258 B9.0 "065_Group65" 13 20 33 26 40
CH260 C9.0 "066_Group66" 18 40 42 15 29
CH262 D9.0 "067_Group67" 27 28 32 35 32
CH264 E9.0 "068_Group68" 19 26 34 20 26
CH266 F9.0 "069_Group69" 27 32 29 23 19
CH268 G9.0 "070_Group70" 29 46 18 33 12
CH270 H9.0 "071_Group71" 26 40 26 27 31
CH288 A10.0 "072_Group72" 8 20 10 10 6
CH290 B10.0 "073_Group73" 30 28 28 23 21
CH292 C10.0 "074_Group74" 15 24 27 25 17
CH294 D10.0 "075_Group75" 18 34 24 24 30
CH296 E10.0 "076_Group76" 21 25 8 12 12
CH298 F10.0 "077_Group77" 13 33 40 41 16
CH300 G10.0 "078_Group78" 24 40 23 37 23
CH302 H10.0 "079_Group79" 31 29 31 24 10
CH320 A11.0 "080_Group80" 29 24 5 23 12
CH322 B11.0 "081_Group81" 17 25 13 16 8
CH324 C11.0 "082_Group82" 20 7 13 5 5
CH326 D11.0 "083_Group83" 11 11 11 18 16
CH328 E11.0 "084_Group84" 7 16 10 14 17
CH330 F11.0 "085_Group85" 20 14 19 17 11
CH332 G11.0 "086_Group86" 40 36 33 13 17
CH334 H11.0 "087_Group87" 35 31 23 7 14
CH352 A12.0 "088_Group88" 16 13 8 10 13
CH354 B12.0 "089_Group89" 10 10 12 13 14
CH356 C12.0 "090_Group90" 28 15 17 9 8
CH358 D12.0 "091_Group91" 12 17 25 27 21
CH360 E12.0 "092_Group92" 16 12 11 21 11
CH362 F12.0 "093_Group93" 17 9 11 11 19
CH364 G12.0 "094_Group94" 16 9 7 6 15
CH366 H12.0 "095_Group95" 10 14 32 11 17
