"DATE:" "1/27/2015 8:44:36 AM"
"FILE:" "C:\Users\AndersenLab\Desktop\wmicrotracker\p00011\20150127_0832"
"SUBPROJECT:" "20150127_Longevity_1_2mgmL"

"<<<<<< Group Activity: Average Activity Counts per Data Interval>>>>>>"
Group/Time[m] 2 4 6 8 10
"000_Group0" 49 33 33 23 12
"001_Group1" 28 36 32 27 20
"002_Group2" 14 30 28 29 44
"003_Group3" 27 39 54 20 14
"004_Group4" 18 29 36 32 18
"005_Group5" 28 31 39 21 13
"006_Group6" 39 35 33 28 10
"007_Group7" 25 24 36 30 10
"008_Group8" 7 30 23 25 7
"009_Group9" 0 0 0 0 0
"010_Group10" 0 0 0 0 0
"011_Group11" 13 0 0 2 0
"012_Group12" 0 0 0 1 0
"013_Group13" 0 0 0 0 0
"014_Group14" 2 0 0 0 0
"015_Group15" 0 0 3 4 6
"016_Group16" 17 8 13 9 9
"017_Group17" 9 12 16 19 5
"018_Group18" 25 9 6 10 10
"019_Group19" 10 13 9 11 22
"020_Group20" 16 18 26 22 9
"021_Group21" 14 34 11 10 14
"022_Group22" 8 33 49 28 10
"023_Group23" 12 7 6 7 5
"024_Group24" 14 27 11 11 14
"025_Group25" 11 18 13 10 17
"026_Group26" 16 14 10 20 7
"027_Group27" 9 11 11 15 8
"028_Group28" 15 5 8 10 5
"029_Group29" 15 14 6 8 8
"030_Group30" 16 34 20 13 16
"031_Group31" 20 11 9 13 14
"032_Group32" 13 11 0 6 5
"033_Group33" 24 39 29 5 9
"034_Group34" 11 16 2 13 20
"035_Group35" 12 14 13 9 12
"036_Group36" 7 12 3 0 0
"037_Group37" 24 27 16 10 7
"038_Group38" 2 1 4 3 4
"039_Group39" 16 9 8 9 3
"040_Group40" 11 5 1 4 0
"041_Group41" 9 9 8 2 6
"042_Group42" 3 10 10 20 6
"043_Group43" 7 7 3 9 1
"044_Group44" 0 3 0 0 0
"045_Group45" 8 14 14 11 3
"046_Group46" 1 2 3 1 0
"047_Group47" 6 19 7 7 12
"048_Group48" 38 44 32 28 19
"049_Group49" 12 4 21 18 26
"050_Group50" 35 23 29 18 16
"051_Group51" 20 15 11 18 9
"052_Group52" 18 28 34 18 8
"053_Group53" 11 14 15 13 15
"054_Group54" 40 24 12 14 18
"055_Group55" 17 23 14 9 25
"056_Group56" 27 28 24 22 15
"057_Group57" 27 26 16 17 10
"058_Group58" 25 23 30 16 27
"059_Group59" 52 28 15 9 10
"060_Group60" 33 29 13 6 17
"061_Group61" 28 20 13 10 12
"062_Group62" 36 31 35 15 17
"063_Group63" 15 14 15 17 7
"064_Group64" 33 27 41 29 25
"065_Group65" 23 26 27 34 42
"066_Group66" 40 32 46 34 26
"067_Group67" 34 31 40 26 23
"068_Group68" 24 28 26 18 18
"069_Group69" 25 32 29 20 20
"070_Group70" 33 16 20 20 28
"071_Group71" 25 29 22 37 19
"072_Group72" 17 23 17 14 34
"073_Group73" 26 17 24 14 18
"074_Group74" 10 9 15 21 8
"075_Group75" 26 19 8 11 19
"076_Group76" 16 16 12 6 17
"077_Group77" 18 23 14 10 9
"078_Group78" 18 16 14 14 14
"079_Group79" 26 20 10 14 23
"080_Group80" 14 17 9 19 21
"081_Group81" 17 10 13 13 11
"082_Group82" 37 39 39 22 8
"083_Group83" 12 5 13 8 21
"084_Group84" 10 12 14 16 11
"085_Group85" 14 8 19 7 12
"086_Group86" 21 15 8 16 11
"087_Group87" 13 13 17 31 17
"088_Group88" 8 12 3 16 14
"089_Group89" 17 16 35 31 16
"090_Group90" 17 9 17 13 6
"091_Group91" 17 10 20 12 16
"092_Group92" 16 11 22 14 11
"093_Group93" 12 10 14 8 7
"094_Group94" 13 20 8 26 11
"095_Group95" 7 7 9 16 8

"<<<<<< Group Activity: Number of wells/group >>>>>>"
Group/Time[m] 2 4 6 8 10
"000_Group0" 1 1 1 1 1
"001_Group1" 1 1 1 1 1
"002_Group2" 1 1 1 1 1
"003_Group3" 1 1 1 1 1
"004_Group4" 1 1 1 1 1
"005_Group5" 1 1 1 1 1
"006_Group6" 1 1 1 1 1
"007_Group7" 1 1 1 1 1
"008_Group8" 1 1 1 1 1
"009_Group9" 1 1 1 1 1
"010_Group10" 1 1 1 1 1
"011_Group11" 1 1 1 1 1
"012_Group12" 1 1 1 1 1
"013_Group13" 1 1 1 1 1
"014_Group14" 1 1 1 1 1
"015_Group15" 1 1 1 1 1
"016_Group16" 1 1 1 1 1
"017_Group17" 1 1 1 1 1
"018_Group18" 1 1 1 1 1
"019_Group19" 1 1 1 1 1
"020_Group20" 1 1 1 1 1
"021_Group21" 1 1 1 1 1
"022_Group22" 1 1 1 1 1
"023_Group23" 1 1 1 1 1
"024_Group24" 1 1 1 1 1
"025_Group25" 1 1 1 1 1
"026_Group26" 1 1 1 1 1
"027_Group27" 1 1 1 1 1
"028_Group28" 1 1 1 1 1
"029_Group29" 1 1 1 1 1
"030_Group30" 1 1 1 1 1
"031_Group31" 1 1 1 1 1
"032_Group32" 1 1 1 1 1
"033_Group33" 1 1 1 1 1
"034_Group34" 1 1 1 1 1
"035_Group35" 1 1 1 1 1
"036_Group36" 1 1 1 1 1
"037_Group37" 1 1 1 1 1
"038_Group38" 1 1 1 1 1
"039_Group39" 1 1 1 1 1
"040_Group40" 1 1 1 1 1
"041_Group41" 1 1 1 1 1
"042_Group42" 1 1 1 1 1
"043_Group43" 1 1 1 1 1
"044_Group44" 1 1 1 1 1
"045_Group45" 1 1 1 1 1
"046_Group46" 1 1 1 1 1
"047_Group47" 1 1 1 1 1
"048_Group48" 1 1 1 1 1
"049_Group49" 1 1 1 1 1
"050_Group50" 1 1 1 1 1
"051_Group51" 1 1 1 1 1
"052_Group52" 1 1 1 1 1
"053_Group53" 1 1 1 1 1
"054_Group54" 1 1 1 1 1
"055_Group55" 1 1 1 1 1
"056_Group56" 1 1 1 1 1
"057_Group57" 1 1 1 1 1
"058_Group58" 1 1 1 1 1
"059_Group59" 1 1 1 1 1
"060_Group60" 1 1 1 1 1
"061_Group61" 1 1 1 1 1
"062_Group62" 1 1 1 1 1
"063_Group63" 1 1 1 1 1
"064_Group64" 1 1 1 1 1
"065_Group65" 1 1 1 1 1
"066_Group66" 1 1 1 1 1
"067_Group67" 1 1 1 1 1
"068_Group68" 1 1 1 1 1
"069_Group69" 1 1 1 1 1
"070_Group70" 1 1 1 1 1
"071_Group71" 1 1 1 1 1
"072_Group72" 1 1 1 1 1
"073_Group73" 1 1 1 1 1
"074_Group74" 1 1 1 1 1
"075_Group75" 1 1 1 1 1
"076_Group76" 1 1 1 1 1
"077_Group77" 1 1 1 1 1
"078_Group78" 1 1 1 1 1
"079_Group79" 1 1 1 1 1
"080_Group80" 1 1 1 1 1
"081_Group81" 1 1 1 1 1
"082_Group82" 1 1 1 1 1
"083_Group83" 1 1 1 1 1
"084_Group84" 1 1 1 1 1
"085_Group85" 1 1 1 1 1
"086_Group86" 1 1 1 1 1
"087_Group87" 1 1 1 1 1
"088_Group88" 1 1 1 1 1
"089_Group89" 1 1 1 1 1
"090_Group90" 1 1 1 1 1
"091_Group91" 1 1 1 1 1
"092_Group92" 1 1 1 1 1
"093_Group93" 1 1 1 1 1
"094_Group94" 1 1 1 1 1
"095_Group95" 1 1 1 1 1

"<<<<<< Number of Samples per Acquisition Interval [1unit=500values] >>>>>>"
Time[m] 2 4 6 8 10 
#Samples 2 2 2 2 2 

"<<<<<< Average Temperature [°C] >>>>>>"
Time[m] 2 4 6 8 10 
Temp[°C] 21.6 21.6 21.5 21.6 21.4 

"<<<<<< Well Activity >>>>>>"
Well Group/Time[m] 2 4 6 8 10
A1 "000_Group0" 49 33 33 23 12
B1 "001_Group1" 28 36 32 27 20
C1 "002_Group2" 14 30 28 29 44
D1 "003_Group3" 27 39 54 20 14
E1 "004_Group4" 18 29 36 32 18
F1 "005_Group5" 28 31 39 21 13
G1 "006_Group6" 39 35 33 28 10
H1 "007_Group7" 25 24 36 30 10
A2 "008_Group8" 7 30 23 25 7
B2 "009_Group9" 0 0 0 0 0
C2 "010_Group10" 0 0 0 0 0
D2 "011_Group11" 13 0 0 2 0
E2 "012_Group12" 0 0 0 1 0
F2 "013_Group13" 0 0 0 0 0
G2 "014_Group14" 2 0 0 0 0
H2 "015_Group15" 0 0 3 4 6
A3 "016_Group16" 17 8 13 9 9
B3 "017_Group17" 9 12 16 19 5
C3 "018_Group18" 25 9 6 10 10
D3 "019_Group19" 10 13 9 11 22
E3 "020_Group20" 16 18 26 22 9
F3 "021_Group21" 14 34 11 10 14
G3 "022_Group22" 8 33 49 28 10
H3 "023_Group23" 12 7 6 7 5
A4 "024_Group24" 14 27 11 11 14
B4 "025_Group25" 11 18 13 10 17
C4 "026_Group26" 16 14 10 20 7
D4 "027_Group27" 9 11 11 15 8
E4 "028_Group28" 15 5 8 10 5
F4 "029_Group29" 15 14 6 8 8
G4 "030_Group30" 16 34 20 13 16
H4 "031_Group31" 20 11 9 13 14
A5 "032_Group32" 13 11 0 6 5
B5 "033_Group33" 24 39 29 5 9
C5 "034_Group34" 11 16 2 13 20
D5 "035_Group35" 12 14 13 9 12
E5 "036_Group36" 7 12 3 0 0
F5 "037_Group37" 24 27 16 10 7
G5 "038_Group38" 2 1 4 3 4
H5 "039_Group39" 16 9 8 9 3
A6 "040_Group40" 11 5 1 4 0
B6 "041_Group41" 9 9 8 2 6
C6 "042_Group42" 3 10 10 20 6
D6 "043_Group43" 7 7 3 9 1
E6 "044_Group44" 0 3 0 0 0
F6 "045_Group45" 8 14 14 11 3
G6 "046_Group46" 1 2 3 1 0
H6 "047_Group47" 6 19 7 7 12
A7 "048_Group48" 38 44 32 28 19
B7 "049_Group49" 12 4 21 18 26
C7 "050_Group50" 35 23 29 18 16
D7 "051_Group51" 20 15 11 18 9
E7 "052_Group52" 18 28 34 18 8
F7 "053_Group53" 11 14 15 13 15
G7 "054_Group54" 40 24 12 14 18
H7 "055_Group55" 17 23 14 9 25
A8 "056_Group56" 27 28 24 22 15
B8 "057_Group57" 27 26 16 17 10
C8 "058_Group58" 25 23 30 16 27
D8 "059_Group59" 52 28 15 9 10
E8 "060_Group60" 33 29 13 6 17
F8 "061_Group61" 28 20 13 10 12
G8 "062_Group62" 36 31 35 15 17
H8 "063_Group63" 15 14 15 17 7
A9 "064_Group64" 33 27 41 29 25
B9 "065_Group65" 23 26 27 34 42
C9 "066_Group66" 40 32 46 34 26
D9 "067_Group67" 34 31 40 26 23
E9 "068_Group68" 24 28 26 18 18
F9 "069_Group69" 25 32 29 20 20
G9 "070_Group70" 33 16 20 20 28
H9 "071_Group71" 25 29 22 37 19
A10 "072_Group72" 17 23 17 14 34
B10 "073_Group73" 26 17 24 14 18
C10 "074_Group74" 10 9 15 21 8
D10 "075_Group75" 26 19 8 11 19
E10 "076_Group76" 16 16 12 6 17
F10 "077_Group77" 18 23 14 10 9
G10 "078_Group78" 18 16 14 14 14
H10 "079_Group79" 26 20 10 14 23
A11 "080_Group80" 14 17 9 19 21
B11 "081_Group81" 17 10 13 13 11
C11 "082_Group82" 37 39 39 22 8
D11 "083_Group83" 12 5 13 8 21
E11 "084_Group84" 10 12 14 16 11
F11 "085_Group85" 14 8 19 7 12
G11 "086_Group86" 21 15 8 16 11
H11 "087_Group87" 13 13 17 31 17
A12 "088_Group88" 8 12 3 16 14
B12 "089_Group89" 17 16 35 31 16
C12 "090_Group90" 17 9 17 13 6
D12 "091_Group91" 17 10 20 12 16
E12 "092_Group92" 16 11 22 14 11
F12 "093_Group93" 12 10 14 8 7
G12 "094_Group94" 13 20 8 26 11
H12 "095_Group95" 7 7 9 16 8

"<<<<<< Channel Activity >>>>>>"
Channel Well Group/Time[m] 2 4 6 8 10
CH0 A1.0 "000_Group0" 49 33 33 23 12
CH2 B1.0 "001_Group1" 28 36 32 27 20
CH4 C1.0 "002_Group2" 14 30 28 29 44
CH6 D1.0 "003_Group3" 27 39 54 20 14
CH8 E1.0 "004_Group4" 18 29 36 32 18
CH10 F1.0 "005_Group5" 28 31 39 21 13
CH12 G1.0 "006_Group6" 39 35 33 28 10
CH14 H1.0 "007_Group7" 25 24 36 30 10
CH32 A2.0 "008_Group8" 7 30 23 25 7
CH34 B2.0 "009_Group9" 0 0 0 0 0
CH36 C2.0 "010_Group10" 0 0 0 0 0
CH38 D2.0 "011_Group11" 13 0 0 2 0
CH40 E2.0 "012_Group12" 0 0 0 1 0
CH42 F2.0 "013_Group13" 0 0 0 0 0
CH44 G2.0 "014_Group14" 2 0 0 0 0
CH46 H2.0 "015_Group15" 0 0 3 4 6
CH64 A3.0 "016_Group16" 17 8 13 9 9
CH66 B3.0 "017_Group17" 9 12 16 19 5
CH68 C3.0 "018_Group18" 25 9 6 10 10
CH70 D3.0 "019_Group19" 10 13 9 11 22
CH72 E3.0 "020_Group20" 16 18 26 22 9
CH74 F3.0 "021_Group21" 14 34 11 10 14
CH76 G3.0 "022_Group22" 8 33 49 28 10
CH78 H3.0 "023_Group23" 12 7 6 7 5
CH96 A4.0 "024_Group24" 14 27 11 11 14
CH98 B4.0 "025_Group25" 11 18 13 10 17
CH100 C4.0 "026_Group26" 16 14 10 20 7
CH102 D4.0 "027_Group27" 9 11 11 15 8
CH104 E4.0 "028_Group28" 15 5 8 10 5
CH106 F4.0 "029_Group29" 15 14 6 8 8
CH108 G4.0 "030_Group30" 16 34 20 13 16
CH110 H4.0 "031_Group31" 20 11 9 13 14
CH128 A5.0 "032_Group32" 13 11 0 6 5
CH130 B5.0 "033_Group33" 24 39 29 5 9
CH132 C5.0 "034_Group34" 11 16 2 13 20
CH134 D5.0 "035_Group35" 12 14 13 9 12
CH136 E5.0 "036_Group36" 7 12 3 0 0
CH138 F5.0 "037_Group37" 24 27 16 10 7
CH140 G5.0 "038_Group38" 2 1 4 3 4
CH142 H5.0 "039_Group39" 16 9 8 9 3
CH160 A6.0 "040_Group40" 11 5 1 4 0
CH162 B6.0 "041_Group41" 9 9 8 2 6
CH164 C6.0 "042_Group42" 3 10 10 20 6
CH166 D6.0 "043_Group43" 7 7 3 9 1
CH168 E6.0 "044_Group44" 0 3 0 0 0
CH170 F6.0 "045_Group45" 8 14 14 11 3
CH172 G6.0 "046_Group46" 1 2 3 1 0
CH174 H6.0 "047_Group47" 6 19 7 7 12
CH192 A7.0 "048_Group48" 38 44 32 28 19
CH194 B7.0 "049_Group49" 12 4 21 18 26
CH196 C7.0 "050_Group50" 35 23 29 18 16
CH198 D7.0 "051_Group51" 20 15 11 18 9
CH200 E7.0 "052_Group52" 18 28 34 18 8
CH202 F7.0 "053_Group53" 11 14 15 13 15
CH204 G7.0 "054_Group54" 40 24 12 14 18
CH206 H7.0 "055_Group55" 17 23 14 9 25
CH224 A8.0 "056_Group56" 27 28 24 22 15
CH226 B8.0 "057_Group57" 27 26 16 17 10
CH228 C8.0 "058_Group58" 25 23 30 16 27
CH230 D8.0 "059_Group59" 52 28 15 9 10
CH232 E8.0 "060_Group60" 33 29 13 6 17
CH234 F8.0 "061_Group61" 28 20 13 10 12
CH236 G8.0 "062_Group62" 36 31 35 15 17
CH238 H8.0 "063_Group63" 15 14 15 17 7
CH256 A9.0 "064_Group64" 33 27 41 29 25
CH258 B9.0 "065_Group65" 23 26 27 34 42
CH260 C9.0 "066_Group66" 40 32 46 34 26
CH262 D9.0 "067_Group67" 34 31 40 26 23
CH264 E9.0 "068_Group68" 24 28 26 18 18
CH266 F9.0 "069_Group69" 25 32 29 20 20
CH268 G9.0 "070_Group70" 33 16 20 20 28
CH270 H9.0 "071_Group71" 25 29 22 37 19
CH288 A10.0 "072_Group72" 17 23 17 14 34
CH290 B10.0 "073_Group73" 26 17 24 14 18
CH292 C10.0 "074_Group74" 10 9 15 21 8
CH294 D10.0 "075_Group75" 26 19 8 11 19
CH296 E10.0 "076_Group76" 16 16 12 6 17
CH298 F10.0 "077_Group77" 18 23 14 10 9
CH300 G10.0 "078_Group78" 18 16 14 14 14
CH302 H10.0 "079_Group79" 26 20 10 14 23
CH320 A11.0 "080_Group80" 14 17 9 19 21
CH322 B11.0 "081_Group81" 17 10 13 13 11
CH324 C11.0 "082_Group82" 37 39 39 22 8
CH326 D11.0 "083_Group83" 12 5 13 8 21
CH328 E11.0 "084_Group84" 10 12 14 16 11
CH330 F11.0 "085_Group85" 14 8 19 7 12
CH332 G11.0 "086_Group86" 21 15 8 16 11
CH334 H11.0 "087_Group87" 13 13 17 31 17
CH352 A12.0 "088_Group88" 8 12 3 16 14
CH354 B12.0 "089_Group89" 17 16 35 31 16
CH356 C12.0 "090_Group90" 17 9 17 13 6
CH358 D12.0 "091_Group91" 17 10 20 12 16
CH360 E12.0 "092_Group92" 16 11 22 14 11
CH362 F12.0 "093_Group93" 12 10 14 8 7
CH364 G12.0 "094_Group94" 13 20 8 26 11
CH366 H12.0 "095_Group95" 7 7 9 16 8
