"DATE:" "1/26/2015 11:03:21 AM"
"FILE:" "C:\Users\AndersenLab\Desktop\wmicrotracker\p00011\20150124_0853"
"SUBPROJECT:" "Food Optimization 1 2mgmL 1-24"

"<<<<<< Group Activity: Average Activity Counts per Data Interval>>>>>>"
Group/Time[m] 2 4 6 8 10 12 14 16 18 20 22 24 26 28
"000_Group0" 32 23 24 25 28 25 27 25 51 30 7 18 27 26
"001_Group1" 11 17 10 23 16 25 19 21 18 14 11 19 44 30
"002_Group2" 21 11 17 29 24 20 32 30 21 22 12 14 17 14
"003_Group3" 39 42 28 23 18 23 29 16 37 33 9 21 31 32
"004_Group4" 20 14 22 23 29 23 16 30 14 18 11 16 29 23
"005_Group5" 22 32 35 34 39 25 32 23 25 20 6 17 25 27
"006_Group6" 33 27 21 14 16 12 30 22 29 15 8 16 14 13
"007_Group7" 29 30 16 33 27 10 20 17 15 19 10 24 27 30
"008_Group8" 27 39 43 20 33 34 43 30 38 39 14 36 33 33
"009_Group9" 0 0 0 0 0 0 0 0 0 0 0 0 0 0
"010_Group10" 0 0 0 0 0 0 0 0 0 0 0 0 0 0
"011_Group11" 4 0 0 0 1 7 6 0 0 0 0 1 1 0
"012_Group12" 0 0 0 0 0 0 0 0 0 0 0 0 0 0
"013_Group13" 0 0 0 0 0 0 0 0 0 0 0 0 0 0
"014_Group14" 0 0 0 0 0 0 0 0 0 2 0 1 0 5
"015_Group15" 0 26 22 18 23 11 10 15 0 0 4 7 5 0
"016_Group16" 16 29 6 15 18 28 29 32 25 17 6 36 28 32
"017_Group17" 16 19 26 12 13 10 24 20 19 18 6 25 23 16
"018_Group18" 11 19 37 20 18 15 18 29 29 12 6 19 19 17
"019_Group19" 30 20 10 10 16 15 26 23 22 7 7 12 12 25
"020_Group20" 17 20 11 35 34 8 14 24 13 22 8 13 13 13
"021_Group21" 16 17 36 15 23 27 23 21 27 17 10 18 15 31
"022_Group22" 32 22 34 30 20 21 16 13 21 31 9 10 13 13
"023_Group23" 23 16 15 14 13 47 17 9 18 12 11 11 11 18
"024_Group24" 30 27 24 15 16 13 12 19 12 28 2 31 25 31
"025_Group25" 22 31 28 29 24 13 22 12 16 11 8 20 16 14
"026_Group26" 15 22 26 23 21 21 43 28 16 11 8 25 18 21
"027_Group27" 20 9 14 22 14 8 20 12 26 20 7 19 22 13
"028_Group28" 10 13 13 19 38 22 26 17 16 14 13 23 13 14
"029_Group29" 15 17 8 14 16 8 6 8 14 9 4 5 13 7
"030_Group30" 15 14 11 7 16 18 16 10 15 14 12 14 16 22
"031_Group31" 18 20 12 17 20 21 17 14 23 22 6 18 25 30
"032_Group32" 15 15 15 20 14 22 16 19 10 12 8 16 10 9
"033_Group33" 28 16 22 12 30 12 16 5 24 16 1 15 12 11
"034_Group34" 22 18 10 20 17 24 14 18 18 21 5 25 14 34
"035_Group35" 8 9 12 16 17 18 11 21 27 11 5 15 23 27
"036_Group36" 8 18 15 25 14 11 21 14 15 18 8 11 11 14
"037_Group37" 6 10 7 16 21 12 19 12 16 12 12 12 23 16
"038_Group38" 13 13 24 19 20 19 15 14 34 12 13 20 21 24
"039_Group39" 7 12 15 18 20 12 17 19 14 23 4 21 12 16
"040_Group40" 26 7 15 32 28 17 24 26 27 37 19 42 32 33
"041_Group41" 24 9 18 53 34 32 30 26 31 40 21 45 22 21
"042_Group42" 13 17 25 20 16 9 19 20 14 14 5 22 17 14
"043_Group43" 13 13 11 27 15 14 13 17 20 13 4 9 17 15
"044_Group44" 35 34 25 36 27 42 40 27 16 20 14 32 31 15
"045_Group45" 19 17 20 26 26 15 29 25 33 32 12 15 23 19
"046_Group46" 22 23 21 9 10 15 20 18 17 32 16 19 20 10
"047_Group47" 22 16 22 20 27 23 13 17 18 21 11 16 21 24
"048_Group48" 20 13 38 24 29 40 29 33 35 33 18 32 29 32
"049_Group49" 23 22 29 24 38 26 17 38 24 22 11 25 43 28
"050_Group50" 23 32 37 25 19 39 26 38 21 23 17 18 34 31
"051_Group51" 26 48 35 28 32 36 41 33 30 37 17 27 29 33
"052_Group52" 18 21 34 24 28 28 23 35 28 30 13 31 24 41
"053_Group53" 17 12 23 20 35 35 27 22 42 46 19 29 31 28
"054_Group54" 28 39 36 33 30 36 32 26 38 28 12 30 29 38
"055_Group55" 19 12 23 26 37 40 38 32 26 35 16 23 28 25
"056_Group56" 33 31 14 10 16 19 20 15 13 8 10 15 18 14
"057_Group57" 12 17 32 17 14 15 11 25 22 17 5 15 13 11
"058_Group58" 29 14 18 12 7 12 17 17 15 16 13 13 13 16
"059_Group59" 26 20 18 11 14 14 19 8 17 15 4 10 17 20
"060_Group60" 11 35 36 21 13 12 10 17 12 8 7 7 11 26
"061_Group61" 40 24 27 12 30 16 12 16 23 11 5 21 21 19
"062_Group62" 10 24 31 27 20 18 10 14 17 22 7 8 28 19
"063_Group63" 7 18 15 19 11 14 15 18 18 25 12 29 23 11
"064_Group64" 14 26 32 17 14 29 15 26 18 19 10 18 24 26
"065_Group65" 22 37 24 30 40 34 38 30 26 15 6 13 23 18
"066_Group66" 36 33 50 42 39 31 40 31 23 10 7 30 22 13
"067_Group67" 31 32 35 22 24 19 13 11 26 25 10 21 22 16
"068_Group68" 22 40 36 40 18 16 29 13 13 19 14 26 20 16
"069_Group69" 55 54 53 39 34 25 45 44 22 36 16 34 33 21
"070_Group70" 13 18 17 15 11 14 18 13 22 22 2 18 13 22
"071_Group71" 20 25 28 30 41 29 18 20 14 23 10 18 11 24
"072_Group72" 29 32 22 24 27 27 24 14 20 23 4 27 22 29
"073_Group73" 29 53 21 13 15 17 23 24 13 14 11 23 30 38
"074_Group74" 14 24 30 16 31 26 28 13 16 12 7 24 24 19
"075_Group75" 19 35 13 26 18 27 30 33 25 23 12 14 22 16
"076_Group76" 38 33 38 29 39 20 18 28 19 38 12 30 18 19
"077_Group77" 20 28 28 23 29 35 16 19 15 14 14 23 31 26
"078_Group78" 27 25 40 9 22 22 18 15 18 14 14 10 25 23
"079_Group79" 19 39 15 17 24 18 28 16 21 22 12 18 17 18
"080_Group80" 32 5 15 14 15 17 14 27 23 10 9 17 23 12
"081_Group81" 13 16 22 20 10 12 12 18 24 22 8 16 22 17
"082_Group82" 13 15 14 15 12 9 19 21 17 18 8 9 12 14
"083_Group83" 12 16 17 20 24 10 20 11 16 21 6 12 11 15
"084_Group84" 18 12 14 22 12 17 17 21 14 14 12 12 26 17
"085_Group85" 20 15 15 11 18 13 12 27 13 11 6 12 11 15
"086_Group86" 10 18 21 14 14 20 13 10 11 13 6 28 9 13
"087_Group87" 15 12 11 10 15 8 18 14 17 15 11 11 10 12
"088_Group88" 28 40 31 39 32 34 37 24 33 36 19 7 15 27
"089_Group89" 8 35 28 30 39 37 32 25 32 22 25 21 25 19
"090_Group90" 15 22 41 30 23 19 20 25 29 35 8 23 31 19
"091_Group91" 8 23 30 29 27 25 19 16 18 13 9 22 26 27
"092_Group92" 18 28 42 26 40 21 44 10 15 16 12 8 15 17
"093_Group93" 9 20 32 8 9 10 26 30 9 16 15 15 9 10
"094_Group94" 14 17 15 15 15 18 16 22 25 8 7 23 14 14
"095_Group95" 14 19 23 8 22 33 23 16 33 25 11 28 48 12

"<<<<<< Group Activity: Number of wells/group >>>>>>"
Group/Time[m] 2 4 6 8 10 12 14 16 18 20 22 24 26 28
"000_Group0" 1 1 1 1 1 1 1 1 1 1 1 1 1 1
"001_Group1" 1 1 1 1 1 1 1 1 1 1 1 1 1 1
"002_Group2" 1 1 1 1 1 1 1 1 1 1 1 1 1 1
"003_Group3" 1 1 1 1 1 1 1 1 1 1 1 1 1 1
"004_Group4" 1 1 1 1 1 1 1 1 1 1 1 1 1 1
"005_Group5" 1 1 1 1 1 1 1 1 1 1 1 1 1 1
"006_Group6" 1 1 1 1 1 1 1 1 1 1 1 1 1 1
"007_Group7" 1 1 1 1 1 1 1 1 1 1 1 1 1 1
"008_Group8" 1 1 1 1 1 1 1 1 1 1 1 1 1 1
"009_Group9" 1 1 1 1 1 1 1 1 1 1 1 1 1 1
"010_Group10" 1 1 1 1 1 1 1 1 1 1 1 1 1 1
"011_Group11" 1 1 1 1 1 1 1 1 1 1 1 1 1 1
"012_Group12" 1 1 1 1 1 1 1 1 1 1 1 1 1 1
"013_Group13" 1 1 1 1 1 1 1 1 1 1 1 1 1 1
"014_Group14" 1 1 1 1 1 1 1 1 1 1 1 1 1 1
"015_Group15" 1 1 1 1 1 1 1 1 1 1 1 1 1 1
"016_Group16" 1 1 1 1 1 1 1 1 1 1 1 1 1 1
"017_Group17" 1 1 1 1 1 1 1 1 1 1 1 1 1 1
"018_Group18" 1 1 1 1 1 1 1 1 1 1 1 1 1 1
"019_Group19" 1 1 1 1 1 1 1 1 1 1 1 1 1 1
"020_Group20" 1 1 1 1 1 1 1 1 1 1 1 1 1 1
"021_Group21" 1 1 1 1 1 1 1 1 1 1 1 1 1 1
"022_Group22" 1 1 1 1 1 1 1 1 1 1 1 1 1 1
"023_Group23" 1 1 1 1 1 1 1 1 1 1 1 1 1 1
"024_Group24" 1 1 1 1 1 1 1 1 1 1 1 1 1 1
"025_Group25" 1 1 1 1 1 1 1 1 1 1 1 1 1 1
"026_Group26" 1 1 1 1 1 1 1 1 1 1 1 1 1 1
"027_Group27" 1 1 1 1 1 1 1 1 1 1 1 1 1 1
"028_Group28" 1 1 1 1 1 1 1 1 1 1 1 1 1 1
"029_Group29" 1 1 1 1 1 1 1 1 1 1 1 1 1 1
"030_Group30" 1 1 1 1 1 1 1 1 1 1 1 1 1 1
"031_Group31" 1 1 1 1 1 1 1 1 1 1 1 1 1 1
"032_Group32" 1 1 1 1 1 1 1 1 1 1 1 1 1 1
"033_Group33" 1 1 1 1 1 1 1 1 1 1 1 1 1 1
"034_Group34" 1 1 1 1 1 1 1 1 1 1 1 1 1 1
"035_Group35" 1 1 1 1 1 1 1 1 1 1 1 1 1 1
"036_Group36" 1 1 1 1 1 1 1 1 1 1 1 1 1 1
"037_Group37" 1 1 1 1 1 1 1 1 1 1 1 1 1 1
"038_Group38" 1 1 1 1 1 1 1 1 1 1 1 1 1 1
"039_Group39" 1 1 1 1 1 1 1 1 1 1 1 1 1 1
"040_Group40" 1 1 1 1 1 1 1 1 1 1 1 1 1 1
"041_Group41" 1 1 1 1 1 1 1 1 1 1 1 1 1 1
"042_Group42" 1 1 1 1 1 1 1 1 1 1 1 1 1 1
"043_Group43" 1 1 1 1 1 1 1 1 1 1 1 1 1 1
"044_Group44" 1 1 1 1 1 1 1 1 1 1 1 1 1 1
"045_Group45" 1 1 1 1 1 1 1 1 1 1 1 1 1 1
"046_Group46" 1 1 1 1 1 1 1 1 1 1 1 1 1 1
"047_Group47" 1 1 1 1 1 1 1 1 1 1 1 1 1 1
"048_Group48" 1 1 1 1 1 1 1 1 1 1 1 1 1 1
"049_Group49" 1 1 1 1 1 1 1 1 1 1 1 1 1 1
"050_Group50" 1 1 1 1 1 1 1 1 1 1 1 1 1 1
"051_Group51" 1 1 1 1 1 1 1 1 1 1 1 1 1 1
"052_Group52" 1 1 1 1 1 1 1 1 1 1 1 1 1 1
"053_Group53" 1 1 1 1 1 1 1 1 1 1 1 1 1 1
"054_Group54" 1 1 1 1 1 1 1 1 1 1 1 1 1 1
"055_Group55" 1 1 1 1 1 1 1 1 1 1 1 1 1 1
"056_Group56" 1 1 1 1 1 1 1 1 1 1 1 1 1 1
"057_Group57" 1 1 1 1 1 1 1 1 1 1 1 1 1 1
"058_Group58" 1 1 1 1 1 1 1 1 1 1 1 1 1 1
"059_Group59" 1 1 1 1 1 1 1 1 1 1 1 1 1 1
"060_Group60" 1 1 1 1 1 1 1 1 1 1 1 1 1 1
"061_Group61" 1 1 1 1 1 1 1 1 1 1 1 1 1 1
"062_Group62" 1 1 1 1 1 1 1 1 1 1 1 1 1 1
"063_Group63" 1 1 1 1 1 1 1 1 1 1 1 1 1 1
"064_Group64" 1 1 1 1 1 1 1 1 1 1 1 1 1 1
"065_Group65" 1 1 1 1 1 1 1 1 1 1 1 1 1 1
"066_Group66" 1 1 1 1 1 1 1 1 1 1 1 1 1 1
"067_Group67" 1 1 1 1 1 1 1 1 1 1 1 1 1 1
"068_Group68" 1 1 1 1 1 1 1 1 1 1 1 1 1 1
"069_Group69" 1 1 1 1 1 1 1 1 1 1 1 1 1 1
"070_Group70" 1 1 1 1 1 1 1 1 1 1 1 1 1 1
"071_Group71" 1 1 1 1 1 1 1 1 1 1 1 1 1 1
"072_Group72" 1 1 1 1 1 1 1 1 1 1 1 1 1 1
"073_Group73" 1 1 1 1 1 1 1 1 1 1 1 1 1 1
"074_Group74" 1 1 1 1 1 1 1 1 1 1 1 1 1 1
"075_Group75" 1 1 1 1 1 1 1 1 1 1 1 1 1 1
"076_Group76" 1 1 1 1 1 1 1 1 1 1 1 1 1 1
"077_Group77" 1 1 1 1 1 1 1 1 1 1 1 1 1 1
"078_Group78" 1 1 1 1 1 1 1 1 1 1 1 1 1 1
"079_Group79" 1 1 1 1 1 1 1 1 1 1 1 1 1 1
"080_Group80" 1 1 1 1 1 1 1 1 1 1 1 1 1 1
"081_Group81" 1 1 1 1 1 1 1 1 1 1 1 1 1 1
"082_Group82" 1 1 1 1 1 1 1 1 1 1 1 1 1 1
"083_Group83" 1 1 1 1 1 1 1 1 1 1 1 1 1 1
"084_Group84" 1 1 1 1 1 1 1 1 1 1 1 1 1 1
"085_Group85" 1 1 1 1 1 1 1 1 1 1 1 1 1 1
"086_Group86" 1 1 1 1 1 1 1 1 1 1 1 1 1 1
"087_Group87" 1 1 1 1 1 1 1 1 1 1 1 1 1 1
"088_Group88" 1 1 1 1 1 1 1 1 1 1 1 1 1 1
"089_Group89" 1 1 1 1 1 1 1 1 1 1 1 1 1 1
"090_Group90" 1 1 1 1 1 1 1 1 1 1 1 1 1 1
"091_Group91" 1 1 1 1 1 1 1 1 1 1 1 1 1 1
"092_Group92" 1 1 1 1 1 1 1 1 1 1 1 1 1 1
"093_Group93" 1 1 1 1 1 1 1 1 1 1 1 1 1 1
"094_Group94" 1 1 1 1 1 1 1 1 1 1 1 1 1 1
"095_Group95" 1 1 1 1 1 1 1 1 1 1 1 1 1 1

"<<<<<< Number of Samples per Acquisition Interval [1unit=500values] >>>>>>"
Time[m] 2 4 6 8 10 12 14 16 18 20 22 24 26 28 
#Samples 2 2 2 2 2 2 2 2 2 2 1 2 2 2 

"<<<<<< Average Temperature [°C] >>>>>>"
Time[m] 2 4 6 8 10 12 14 16 18 20 22 24 26 28 
Temp[°C] 21.8 21.8 21.8 21.8 21.8 21.8 21.8 21.8 21.9 21.8 21.8 21.8 21.8 21.8 

"<<<<<< Well Activity >>>>>>"
Well Group/Time[m] 2 4 6 8 10 12 14 16 18 20 22 24 26 28
A1 "000_Group0" 32 23 24 25 28 25 27 25 51 30 7 18 27 26
B1 "001_Group1" 11 17 10 23 16 25 19 21 18 14 11 19 44 30
C1 "002_Group2" 21 11 17 29 24 20 32 30 21 22 12 14 17 14
D1 "003_Group3" 39 42 28 23 18 23 29 16 37 33 9 21 31 32
E1 "004_Group4" 20 14 22 23 29 23 16 30 14 18 11 16 29 23
F1 "005_Group5" 22 32 35 34 39 25 32 23 25 20 6 17 25 27
G1 "006_Group6" 33 27 21 14 16 12 30 22 29 15 8 16 14 13
H1 "007_Group7" 29 30 16 33 27 10 20 17 15 19 10 24 27 30
A2 "008_Group8" 27 39 43 20 33 34 43 30 38 39 14 36 33 33
B2 "009_Group9" 0 0 0 0 0 0 0 0 0 0 0 0 0 0
C2 "010_Group10" 0 0 0 0 0 0 0 0 0 0 0 0 0 0
D2 "011_Group11" 4 0 0 0 1 7 6 0 0 0 0 1 1 0
E2 "012_Group12" 0 0 0 0 0 0 0 0 0 0 0 0 0 0
F2 "013_Group13" 0 0 0 0 0 0 0 0 0 0 0 0 0 0
G2 "014_Group14" 0 0 0 0 0 0 0 0 0 2 0 1 0 5
H2 "015_Group15" 0 26 22 18 23 11 10 15 0 0 4 7 5 0
A3 "016_Group16" 16 29 6 15 18 28 29 32 25 17 6 36 28 32
B3 "017_Group17" 16 19 26 12 13 10 24 20 19 18 6 25 23 16
C3 "018_Group18" 11 19 37 20 18 15 18 29 29 12 6 19 19 17
D3 "019_Group19" 30 20 10 10 16 15 26 23 22 7 7 12 12 25
E3 "020_Group20" 17 20 11 35 34 8 14 24 13 22 8 13 13 13
F3 "021_Group21" 16 17 36 15 23 27 23 21 27 17 10 18 15 31
G3 "022_Group22" 32 22 34 30 20 21 16 13 21 31 9 10 13 13
H3 "023_Group23" 23 16 15 14 13 47 17 9 18 12 11 11 11 18
A4 "024_Group24" 30 27 24 15 16 13 12 19 12 28 2 31 25 31
B4 "025_Group25" 22 31 28 29 24 13 22 12 16 11 8 20 16 14
C4 "026_Group26" 15 22 26 23 21 21 43 28 16 11 8 25 18 21
D4 "027_Group27" 20 9 14 22 14 8 20 12 26 20 7 19 22 13
E4 "028_Group28" 10 13 13 19 38 22 26 17 16 14 13 23 13 14
F4 "029_Group29" 15 17 8 14 16 8 6 8 14 9 4 5 13 7
G4 "030_Group30" 15 14 11 7 16 18 16 10 15 14 12 14 16 22
H4 "031_Group31" 18 20 12 17 20 21 17 14 23 22 6 18 25 30
A5 "032_Group32" 15 15 15 20 14 22 16 19 10 12 8 16 10 9
B5 "033_Group33" 28 16 22 12 30 12 16 5 24 16 1 15 12 11
C5 "034_Group34" 22 18 10 20 17 24 14 18 18 21 5 25 14 34
D5 "035_Group35" 8 9 12 16 17 18 11 21 27 11 5 15 23 27
E5 "036_Group36" 8 18 15 25 14 11 21 14 15 18 8 11 11 14
F5 "037_Group37" 6 10 7 16 21 12 19 12 16 12 12 12 23 16
G5 "038_Group38" 13 13 24 19 20 19 15 14 34 12 13 20 21 24
H5 "039_Group39" 7 12 15 18 20 12 17 19 14 23 4 21 12 16
A6 "040_Group40" 26 7 15 32 28 17 24 26 27 37 19 42 32 33
B6 "041_Group41" 24 9 18 53 34 32 30 26 31 40 21 45 22 21
C6 "042_Group42" 13 17 25 20 16 9 19 20 14 14 5 22 17 14
D6 "043_Group43" 13 13 11 27 15 14 13 17 20 13 4 9 17 15
E6 "044_Group44" 35 34 25 36 27 42 40 27 16 20 14 32 31 15
F6 "045_Group45" 19 17 20 26 26 15 29 25 33 32 12 15 23 19
G6 "046_Group46" 22 23 21 9 10 15 20 18 17 32 16 19 20 10
H6 "047_Group47" 22 16 22 20 27 23 13 17 18 21 11 16 21 24
A7 "048_Group48" 20 13 38 24 29 40 29 33 35 33 18 32 29 32
B7 "049_Group49" 23 22 29 24 38 26 17 38 24 22 11 25 43 28
C7 "050_Group50" 23 32 37 25 19 39 26 38 21 23 17 18 34 31
D7 "051_Group51" 26 48 35 28 32 36 41 33 30 37 17 27 29 33
E7 "052_Group52" 18 21 34 24 28 28 23 35 28 30 13 31 24 41
F7 "053_Group53" 17 12 23 20 35 35 27 22 42 46 19 29 31 28
G7 "054_Group54" 28 39 36 33 30 36 32 26 38 28 12 30 29 38
H7 "055_Group55" 19 12 23 26 37 40 38 32 26 35 16 23 28 25
A8 "056_Group56" 33 31 14 10 16 19 20 15 13 8 10 15 18 14
B8 "057_Group57" 12 17 32 17 14 15 11 25 22 17 5 15 13 11
C8 "058_Group58" 29 14 18 12 7 12 17 17 15 16 13 13 13 16
D8 "059_Group59" 26 20 18 11 14 14 19 8 17 15 4 10 17 20
E8 "060_Group60" 11 35 36 21 13 12 10 17 12 8 7 7 11 26
F8 "061_Group61" 40 24 27 12 30 16 12 16 23 11 5 21 21 19
G8 "062_Group62" 10 24 31 27 20 18 10 14 17 22 7 8 28 19
H8 "063_Group63" 7 18 15 19 11 14 15 18 18 25 12 29 23 11
A9 "064_Group64" 14 26 32 17 14 29 15 26 18 19 10 18 24 26
B9 "065_Group65" 22 37 24 30 40 34 38 30 26 15 6 13 23 18
C9 "066_Group66" 36 33 50 42 39 31 40 31 23 10 7 30 22 13
D9 "067_Group67" 31 32 35 22 24 19 13 11 26 25 10 21 22 16
E9 "068_Group68" 22 40 36 40 18 16 29 13 13 19 14 26 20 16
F9 "069_Group69" 55 54 53 39 34 25 45 44 22 36 16 34 33 21
G9 "070_Group70" 13 18 17 15 11 14 18 13 22 22 2 18 13 22
H9 "071_Group71" 20 25 28 30 41 29 18 20 14 23 10 18 11 24
A10 "072_Group72" 29 32 22 24 27 27 24 14 20 23 4 27 22 29
B10 "073_Group73" 29 53 21 13 15 17 23 24 13 14 11 23 30 38
C10 "074_Group74" 14 24 30 16 31 26 28 13 16 12 7 24 24 19
D10 "075_Group75" 19 35 13 26 18 27 30 33 25 23 12 14 22 16
E10 "076_Group76" 38 33 38 29 39 20 18 28 19 38 12 30 18 19
F10 "077_Group77" 20 28 28 23 29 35 16 19 15 14 14 23 31 26
G10 "078_Group78" 27 25 40 9 22 22 18 15 18 14 14 10 25 23
H10 "079_Group79" 19 39 15 17 24 18 28 16 21 22 12 18 17 18
A11 "080_Group80" 32 5 15 14 15 17 14 27 23 10 9 17 23 12
B11 "081_Group81" 13 16 22 20 10 12 12 18 24 22 8 16 22 17
C11 "082_Group82" 13 15 14 15 12 9 19 21 17 18 8 9 12 14
D11 "083_Group83" 12 16 17 20 24 10 20 11 16 21 6 12 11 15
E11 "084_Group84" 18 12 14 22 12 17 17 21 14 14 12 12 26 17
F11 "085_Group85" 20 15 15 11 18 13 12 27 13 11 6 12 11 15
G11 "086_Group86" 10 18 21 14 14 20 13 10 11 13 6 28 9 13
H11 "087_Group87" 15 12 11 10 15 8 18 14 17 15 11 11 10 12
A12 "088_Group88" 28 40 31 39 32 34 37 24 33 36 19 7 15 27
B12 "089_Group89" 8 35 28 30 39 37 32 25 32 22 25 21 25 19
C12 "090_Group90" 15 22 41 30 23 19 20 25 29 35 8 23 31 19
D12 "091_Group91" 8 23 30 29 27 25 19 16 18 13 9 22 26 27
E12 "092_Group92" 18 28 42 26 40 21 44 10 15 16 12 8 15 17
F12 "093_Group93" 9 20 32 8 9 10 26 30 9 16 15 15 9 10
G12 "094_Group94" 14 17 15 15 15 18 16 22 25 8 7 23 14 14
H12 "095_Group95" 14 19 23 8 22 33 23 16 33 25 11 28 48 12

"<<<<<< Channel Activity >>>>>>"
Channel Well Group/Time[m] 2 4 6 8 10 12 14 16 18 20 22 24 26 28
CH0 A1.0 "000_Group0" 32 23 24 25 28 25 27 25 51 30 7 18 27 26
CH2 B1.0 "001_Group1" 11 17 10 23 16 25 19 21 18 14 11 19 44 30
CH4 C1.0 "002_Group2" 21 11 17 29 24 20 32 30 21 22 12 14 17 14
CH6 D1.0 "003_Group3" 39 42 28 23 18 23 29 16 37 33 9 21 31 32
CH8 E1.0 "004_Group4" 20 14 22 23 29 23 16 30 14 18 11 16 29 23
CH10 F1.0 "005_Group5" 22 32 35 34 39 25 32 23 25 20 6 17 25 27
CH12 G1.0 "006_Group6" 33 27 21 14 16 12 30 22 29 15 8 16 14 13
CH14 H1.0 "007_Group7" 29 30 16 33 27 10 20 17 15 19 10 24 27 30
CH32 A2.0 "008_Group8" 27 39 43 20 33 34 43 30 38 39 14 36 33 33
CH34 B2.0 "009_Group9" 0 0 0 0 0 0 0 0 0 0 0 0 0 0
CH36 C2.0 "010_Group10" 0 0 0 0 0 0 0 0 0 0 0 0 0 0
CH38 D2.0 "011_Group11" 4 0 0 0 1 7 6 0 0 0 0 1 1 0
CH40 E2.0 "012_Group12" 0 0 0 0 0 0 0 0 0 0 0 0 0 0
CH42 F2.0 "013_Group13" 0 0 0 0 0 0 0 0 0 0 0 0 0 0
CH44 G2.0 "014_Group14" 0 0 0 0 0 0 0 0 0 2 0 1 0 5
CH46 H2.0 "015_Group15" 0 26 22 18 23 11 10 15 0 0 4 7 5 0
CH64 A3.0 "016_Group16" 16 29 6 15 18 28 29 32 25 17 6 36 28 32
CH66 B3.0 "017_Group17" 16 19 26 12 13 10 24 20 19 18 6 25 23 16
CH68 C3.0 "018_Group18" 11 19 37 20 18 15 18 29 29 12 6 19 19 17
CH70 D3.0 "019_Group19" 30 20 10 10 16 15 26 23 22 7 7 12 12 25
CH72 E3.0 "020_Group20" 17 20 11 35 34 8 14 24 13 22 8 13 13 13
CH74 F3.0 "021_Group21" 16 17 36 15 23 27 23 21 27 17 10 18 15 31
CH76 G3.0 "022_Group22" 32 22 34 30 20 21 16 13 21 31 9 10 13 13
CH78 H3.0 "023_Group23" 23 16 15 14 13 47 17 9 18 12 11 11 11 18
CH96 A4.0 "024_Group24" 30 27 24 15 16 13 12 19 12 28 2 31 25 31
CH98 B4.0 "025_Group25" 22 31 28 29 24 13 22 12 16 11 8 20 16 14
CH100 C4.0 "026_Group26" 15 22 26 23 21 21 43 28 16 11 8 25 18 21
CH102 D4.0 "027_Group27" 20 9 14 22 14 8 20 12 26 20 7 19 22 13
CH104 E4.0 "028_Group28" 10 13 13 19 38 22 26 17 16 14 13 23 13 14
CH106 F4.0 "029_Group29" 15 17 8 14 16 8 6 8 14 9 4 5 13 7
CH108 G4.0 "030_Group30" 15 14 11 7 16 18 16 10 15 14 12 14 16 22
CH110 H4.0 "031_Group31" 18 20 12 17 20 21 17 14 23 22 6 18 25 30
CH128 A5.0 "032_Group32" 15 15 15 20 14 22 16 19 10 12 8 16 10 9
CH130 B5.0 "033_Group33" 28 16 22 12 30 12 16 5 24 16 1 15 12 11
CH132 C5.0 "034_Group34" 22 18 10 20 17 24 14 18 18 21 5 25 14 34
CH134 D5.0 "035_Group35" 8 9 12 16 17 18 11 21 27 11 5 15 23 27
CH136 E5.0 "036_Group36" 8 18 15 25 14 11 21 14 15 18 8 11 11 14
CH138 F5.0 "037_Group37" 6 10 7 16 21 12 19 12 16 12 12 12 23 16
CH140 G5.0 "038_Group38" 13 13 24 19 20 19 15 14 34 12 13 20 21 24
CH142 H5.0 "039_Group39" 7 12 15 18 20 12 17 19 14 23 4 21 12 16
CH160 A6.0 "040_Group40" 26 7 15 32 28 17 24 26 27 37 19 42 32 33
CH162 B6.0 "041_Group41" 24 9 18 53 34 32 30 26 31 40 21 45 22 21
CH164 C6.0 "042_Group42" 13 17 25 20 16 9 19 20 14 14 5 22 17 14
CH166 D6.0 "043_Group43" 13 13 11 27 15 14 13 17 20 13 4 9 17 15
CH168 E6.0 "044_Group44" 35 34 25 36 27 42 40 27 16 20 14 32 31 15
CH170 F6.0 "045_Group45" 19 17 20 26 26 15 29 25 33 32 12 15 23 19
CH172 G6.0 "046_Group46" 22 23 21 9 10 15 20 18 17 32 16 19 20 10
CH174 H6.0 "047_Group47" 22 16 22 20 27 23 13 17 18 21 11 16 21 24
CH192 A7.0 "048_Group48" 20 13 38 24 29 40 29 33 35 33 18 32 29 32
CH194 B7.0 "049_Group49" 23 22 29 24 38 26 17 38 24 22 11 25 43 28
CH196 C7.0 "050_Group50" 23 32 37 25 19 39 26 38 21 23 17 18 34 31
CH198 D7.0 "051_Group51" 26 48 35 28 32 36 41 33 30 37 17 27 29 33
CH200 E7.0 "052_Group52" 18 21 34 24 28 28 23 35 28 30 13 31 24 41
CH202 F7.0 "053_Group53" 17 12 23 20 35 35 27 22 42 46 19 29 31 28
CH204 G7.0 "054_Group54" 28 39 36 33 30 36 32 26 38 28 12 30 29 38
CH206 H7.0 "055_Group55" 19 12 23 26 37 40 38 32 26 35 16 23 28 25
CH224 A8.0 "056_Group56" 33 31 14 10 16 19 20 15 13 8 10 15 18 14
CH226 B8.0 "057_Group57" 12 17 32 17 14 15 11 25 22 17 5 15 13 11
CH228 C8.0 "058_Group58" 29 14 18 12 7 12 17 17 15 16 13 13 13 16
CH230 D8.0 "059_Group59" 26 20 18 11 14 14 19 8 17 15 4 10 17 20
CH232 E8.0 "060_Group60" 11 35 36 21 13 12 10 17 12 8 7 7 11 26
CH234 F8.0 "061_Group61" 40 24 27 12 30 16 12 16 23 11 5 21 21 19
CH236 G8.0 "062_Group62" 10 24 31 27 20 18 10 14 17 22 7 8 28 19
CH238 H8.0 "063_Group63" 7 18 15 19 11 14 15 18 18 25 12 29 23 11
CH256 A9.0 "064_Group64" 14 26 32 17 14 29 15 26 18 19 10 18 24 26
CH258 B9.0 "065_Group65" 22 37 24 30 40 34 38 30 26 15 6 13 23 18
CH260 C9.0 "066_Group66" 36 33 50 42 39 31 40 31 23 10 7 30 22 13
CH262 D9.0 "067_Group67" 31 32 35 22 24 19 13 11 26 25 10 21 22 16
CH264 E9.0 "068_Group68" 22 40 36 40 18 16 29 13 13 19 14 26 20 16
CH266 F9.0 "069_Group69" 55 54 53 39 34 25 45 44 22 36 16 34 33 21
CH268 G9.0 "070_Group70" 13 18 17 15 11 14 18 13 22 22 2 18 13 22
CH270 H9.0 "071_Group71" 20 25 28 30 41 29 18 20 14 23 10 18 11 24
CH288 A10.0 "072_Group72" 29 32 22 24 27 27 24 14 20 23 4 27 22 29
CH290 B10.0 "073_Group73" 29 53 21 13 15 17 23 24 13 14 11 23 30 38
CH292 C10.0 "074_Group74" 14 24 30 16 31 26 28 13 16 12 7 24 24 19
CH294 D10.0 "075_Group75" 19 35 13 26 18 27 30 33 25 23 12 14 22 16
CH296 E10.0 "076_Group76" 38 33 38 29 39 20 18 28 19 38 12 30 18 19
CH298 F10.0 "077_Group77" 20 28 28 23 29 35 16 19 15 14 14 23 31 26
CH300 G10.0 "078_Group78" 27 25 40 9 22 22 18 15 18 14 14 10 25 23
CH302 H10.0 "079_Group79" 19 39 15 17 24 18 28 16 21 22 12 18 17 18
CH320 A11.0 "080_Group80" 32 5 15 14 15 17 14 27 23 10 9 17 23 12
CH322 B11.0 "081_Group81" 13 16 22 20 10 12 12 18 24 22 8 16 22 17
CH324 C11.0 "082_Group82" 13 15 14 15 12 9 19 21 17 18 8 9 12 14
CH326 D11.0 "083_Group83" 12 16 17 20 24 10 20 11 16 21 6 12 11 15
CH328 E11.0 "084_Group84" 18 12 14 22 12 17 17 21 14 14 12 12 26 17
CH330 F11.0 "085_Group85" 20 15 15 11 18 13 12 27 13 11 6 12 11 15
CH332 G11.0 "086_Group86" 10 18 21 14 14 20 13 10 11 13 6 28 9 13
CH334 H11.0 "087_Group87" 15 12 11 10 15 8 18 14 17 15 11 11 10 12
CH352 A12.0 "088_Group88" 28 40 31 39 32 34 37 24 33 36 19 7 15 27
CH354 B12.0 "089_Group89" 8 35 28 30 39 37 32 25 32 22 25 21 25 19
CH356 C12.0 "090_Group90" 15 22 41 30 23 19 20 25 29 35 8 23 31 19
CH358 D12.0 "091_Group91" 8 23 30 29 27 25 19 16 18 13 9 22 26 27
CH360 E12.0 "092_Group92" 18 28 42 26 40 21 44 10 15 16 12 8 15 17
CH362 F12.0 "093_Group93" 9 20 32 8 9 10 26 30 9 16 15 15 9 10
CH364 G12.0 "094_Group94" 14 17 15 15 15 18 16 22 25 8 7 23 14 14
CH366 H12.0 "095_Group95" 14 19 23 8 22 33 23 16 33 25 11 28 48 12
