"DATE:" "1/26/2015 11:02:29 AM"
"FILE:" "C:\Users\AndersenLab\Desktop\wmicrotracker\p00011\20150123_0853"
"SUBPROJECT:" "Food Optimization #1 1-23"

"<<<<<< Group Activity: Average Activity Counts per Data Interval>>>>>>"
Group/Time[m] 2 4 6 8 10 12 14 16 18 20 22 24 26 28
"000_Group0" 27 9 21 24 30 18 10 16 27 27 36 35 7 31
"001_Group1" 42 40 33 34 25 23 20 18 21 14 17 34 18 19
"002_Group2" 56 28 17 38 16 21 21 29 26 18 17 15 7 19
"003_Group3" 42 34 15 24 33 29 31 28 32 38 39 40 16 16
"004_Group4" 13 23 13 14 24 36 26 28 25 15 26 20 11 12
"005_Group5" 6 15 23 31 28 25 13 14 18 17 23 15 6 26
"006_Group6" 52 39 53 37 30 39 18 41 38 31 38 28 5 26
"007_Group7" 28 35 40 31 38 34 46 41 40 24 30 35 12 23
"008_Group8" 24 14 34 18 15 19 11 17 18 16 24 27 20 37
"009_Group9" 0 0 0 0 0 0 0 0 0 0 0 0 0 0
"010_Group10" 0 0 0 0 0 0 0 0 0 0 0 0 0 0
"011_Group11" 1 1 0 3 0 5 1 3 12 1 2 4 2 0
"012_Group12" 0 0 0 0 0 0 0 0 0 0 0 1 0 0
"013_Group13" 0 0 0 0 0 0 0 0 0 0 0 1 0 0
"014_Group14" 0 6 0 0 8 0 0 6 2 13 9 0 3 0
"015_Group15" 5 6 10 1 6 10 7 7 8 9 3 2 3 5
"016_Group16" 7 8 16 16 21 22 24 14 15 14 24 13 8 11
"017_Group17" 23 31 18 17 16 13 20 18 25 22 25 25 7 27
"018_Group18" 17 14 18 17 18 13 15 20 16 22 18 14 6 15
"019_Group19" 8 10 17 18 20 23 21 16 19 15 22 17 7 16
"020_Group20" 30 24 26 18 21 11 17 17 22 22 9 15 6 23
"021_Group21" 34 24 26 32 26 19 21 20 17 15 22 24 9 18
"022_Group22" 12 18 25 31 25 24 34 23 15 21 22 19 10 16
"023_Group23" 33 25 27 13 18 19 23 17 31 29 27 20 14 33
"024_Group24" 16 16 21 23 19 24 25 20 10 24 17 14 12 20
"025_Group25" 21 15 22 15 19 9 16 19 17 18 16 25 7 14
"026_Group26" 24 26 19 41 20 16 26 24 19 22 23 14 6 9
"027_Group27" 23 18 35 11 25 21 24 22 27 25 22 12 4 22
"028_Group28" 15 15 22 16 13 26 12 10 22 21 18 21 8 19
"029_Group29" 32 30 25 31 17 20 25 27 16 23 29 34 14 18
"030_Group30" 22 42 34 25 20 27 42 34 26 27 28 20 8 21
"031_Group31" 28 16 12 21 19 25 16 23 20 24 24 20 14 17
"032_Group32" 17 16 0 0 7 5 7 6 21 17 16 22 7 6
"033_Group33" 27 26 19 21 15 15 21 22 20 21 15 20 7 22
"034_Group34" 16 14 19 17 22 20 23 16 15 19 25 22 10 16
"035_Group35" 30 27 27 27 30 29 19 21 18 17 21 16 5 15
"036_Group36" 19 26 27 35 33 22 31 28 33 17 37 26 10 20
"037_Group37" 17 16 18 26 19 27 21 26 25 29 29 16 10 17
"038_Group38" 32 20 25 27 24 28 19 30 12 24 27 20 10 31
"039_Group39" 22 25 26 17 24 22 13 20 18 16 23 22 11 22
"040_Group40" 27 33 29 24 40 18 31 19 26 25 31 31 9 21
"041_Group41" 11 41 24 17 18 22 11 14 31 17 21 21 12 23
"042_Group42" 35 38 38 42 18 25 24 38 24 13 19 26 13 23
"043_Group43" 24 33 16 27 32 14 23 15 18 22 20 27 9 18
"044_Group44" 21 18 9 24 26 20 22 27 28 29 45 29 32 26
"045_Group45" 30 32 44 32 28 16 38 25 43 45 27 48 20 31
"046_Group46" 27 33 33 34 22 20 16 25 17 19 22 19 10 37
"047_Group47" 31 39 30 29 32 28 36 40 51 32 39 49 23 29
"048_Group48" 45 37 42 26 24 43 39 41 41 35 35 25 19 35
"049_Group49" 31 39 32 35 26 33 26 19 34 28 26 20 22 29
"050_Group50" 31 31 34 24 31 40 23 38 26 43 31 28 20 33
"051_Group51" 35 46 49 41 51 34 34 38 21 41 30 48 20 34
"052_Group52" 22 31 37 34 40 43 38 48 35 40 30 32 31 27
"053_Group53" 34 40 56 42 48 46 36 38 56 12 42 32 9 35
"054_Group54" 34 45 41 40 32 33 40 48 35 30 25 34 19 39
"055_Group55" 39 49 49 32 41 42 39 35 40 33 30 32 16 35
"056_Group56" 15 30 24 19 18 25 38 22 19 11 22 20 6 32
"057_Group57" 11 28 28 25 21 23 19 24 17 18 16 21 14 27
"058_Group58" 24 14 29 34 32 27 17 15 19 30 26 23 9 19
"059_Group59" 17 23 40 20 38 24 27 22 13 23 31 27 8 46
"060_Group60" 17 17 19 18 14 29 24 15 17 22 21 15 8 22
"061_Group61" 20 27 21 21 17 26 19 21 26 26 20 24 18 30
"062_Group62" 32 18 24 21 27 22 34 18 18 23 23 20 15 20
"063_Group63" 35 25 33 36 28 19 26 24 23 25 24 22 23 21
"064_Group64" 24 18 21 24 41 34 35 27 16 23 17 17 7 27
"065_Group65" 26 26 38 34 26 22 17 18 14 16 23 20 6 21
"066_Group66" 29 31 23 30 24 30 22 27 22 26 21 22 10 21
"067_Group67" 54 42 38 35 23 35 35 22 27 28 21 16 11 28
"068_Group68" 38 38 31 15 21 22 24 12 27 11 26 11 3 19
"069_Group69" 35 36 48 47 48 41 19 27 19 26 23 18 6 18
"070_Group70" 46 59 49 30 20 17 18 17 20 12 15 16 15 16
"071_Group71" 47 29 31 15 20 19 26 20 35 22 31 35 13 45
"072_Group72" 19 6 14 21 12 25 15 14 16 19 20 14 6 20
"073_Group73" 13 13 16 22 14 12 29 15 20 19 16 18 6 25
"074_Group74" 5 11 6 22 24 15 9 8 17 19 18 20 9 16
"075_Group75" 12 11 12 24 12 18 19 8 17 23 26 27 4 9
"076_Group76" 7 16 9 22 12 16 16 15 18 13 20 20 16 23
"077_Group77" 13 20 23 19 17 9 9 19 18 18 15 20 13 13
"078_Group78" 32 32 17 23 23 17 19 17 23 26 38 29 8 15
"079_Group79" 4 14 22 24 18 23 18 25 10 23 11 21 10 21
"080_Group80" 30 22 41 26 22 39 28 23 13 22 13 15 11 34
"081_Group81" 20 24 28 28 15 23 26 24 17 17 22 16 15 25
"082_Group82" 18 20 17 20 22 27 36 42 13 23 16 19 2 17
"083_Group83" 18 17 21 25 26 20 23 25 29 21 21 24 7 30
"084_Group84" 33 47 33 19 22 21 25 22 28 17 20 28 16 26
"085_Group85" 44 13 19 33 37 16 17 17 28 22 25 19 14 20
"086_Group86" 14 33 23 21 32 27 33 19 29 25 25 38 12 22
"087_Group87" 33 23 26 22 17 28 28 20 38 32 41 23 11 13
"088_Group88" 12 11 15 8 13 17 22 30 27 10 9 9 4 11
"089_Group89" 33 22 15 40 15 19 39 13 21 24 26 19 7 11
"090_Group90" 27 25 24 42 30 25 17 17 15 21 22 41 12 20
"091_Group91" 35 40 30 28 28 26 34 14 14 18 15 9 8 21
"092_Group92" 20 23 14 29 27 18 26 23 10 18 26 16 7 19
"093_Group93" 10 15 22 12 29 18 17 17 19 14 20 20 12 15
"094_Group94" 25 23 23 18 17 19 26 34 12 14 13 35 24 22
"095_Group95" 11 31 22 26 34 26 27 27 22 9 28 30 18 18

"<<<<<< Group Activity: Number of wells/group >>>>>>"
Group/Time[m] 2 4 6 8 10 12 14 16 18 20 22 24 26 28
"000_Group0" 1 1 1 1 1 1 1 1 1 1 1 1 1 1
"001_Group1" 1 1 1 1 1 1 1 1 1 1 1 1 1 1
"002_Group2" 1 1 1 1 1 1 1 1 1 1 1 1 1 1
"003_Group3" 1 1 1 1 1 1 1 1 1 1 1 1 1 1
"004_Group4" 1 1 1 1 1 1 1 1 1 1 1 1 1 1
"005_Group5" 1 1 1 1 1 1 1 1 1 1 1 1 1 1
"006_Group6" 1 1 1 1 1 1 1 1 1 1 1 1 1 1
"007_Group7" 1 1 1 1 1 1 1 1 1 1 1 1 1 1
"008_Group8" 1 1 1 1 1 1 1 1 1 1 1 1 1 1
"009_Group9" 1 1 1 1 1 1 1 1 1 1 1 1 1 1
"010_Group10" 1 1 1 1 1 1 1 1 1 1 1 1 1 1
"011_Group11" 1 1 1 1 1 1 1 1 1 1 1 1 1 1
"012_Group12" 1 1 1 1 1 1 1 1 1 1 1 1 1 1
"013_Group13" 1 1 1 1 1 1 1 1 1 1 1 1 1 1
"014_Group14" 1 1 1 1 1 1 1 1 1 1 1 1 1 1
"015_Group15" 1 1 1 1 1 1 1 1 1 1 1 1 1 1
"016_Group16" 1 1 1 1 1 1 1 1 1 1 1 1 1 1
"017_Group17" 1 1 1 1 1 1 1 1 1 1 1 1 1 1
"018_Group18" 1 1 1 1 1 1 1 1 1 1 1 1 1 1
"019_Group19" 1 1 1 1 1 1 1 1 1 1 1 1 1 1
"020_Group20" 1 1 1 1 1 1 1 1 1 1 1 1 1 1
"021_Group21" 1 1 1 1 1 1 1 1 1 1 1 1 1 1
"022_Group22" 1 1 1 1 1 1 1 1 1 1 1 1 1 1
"023_Group23" 1 1 1 1 1 1 1 1 1 1 1 1 1 1
"024_Group24" 1 1 1 1 1 1 1 1 1 1 1 1 1 1
"025_Group25" 1 1 1 1 1 1 1 1 1 1 1 1 1 1
"026_Group26" 1 1 1 1 1 1 1 1 1 1 1 1 1 1
"027_Group27" 1 1 1 1 1 1 1 1 1 1 1 1 1 1
"028_Group28" 1 1 1 1 1 1 1 1 1 1 1 1 1 1
"029_Group29" 1 1 1 1 1 1 1 1 1 1 1 1 1 1
"030_Group30" 1 1 1 1 1 1 1 1 1 1 1 1 1 1
"031_Group31" 1 1 1 1 1 1 1 1 1 1 1 1 1 1
"032_Group32" 1 1 1 1 1 1 1 1 1 1 1 1 1 1
"033_Group33" 1 1 1 1 1 1 1 1 1 1 1 1 1 1
"034_Group34" 1 1 1 1 1 1 1 1 1 1 1 1 1 1
"035_Group35" 1 1 1 1 1 1 1 1 1 1 1 1 1 1
"036_Group36" 1 1 1 1 1 1 1 1 1 1 1 1 1 1
"037_Group37" 1 1 1 1 1 1 1 1 1 1 1 1 1 1
"038_Group38" 1 1 1 1 1 1 1 1 1 1 1 1 1 1
"039_Group39" 1 1 1 1 1 1 1 1 1 1 1 1 1 1
"040_Group40" 1 1 1 1 1 1 1 1 1 1 1 1 1 1
"041_Group41" 1 1 1 1 1 1 1 1 1 1 1 1 1 1
"042_Group42" 1 1 1 1 1 1 1 1 1 1 1 1 1 1
"043_Group43" 1 1 1 1 1 1 1 1 1 1 1 1 1 1
"044_Group44" 1 1 1 1 1 1 1 1 1 1 1 1 1 1
"045_Group45" 1 1 1 1 1 1 1 1 1 1 1 1 1 1
"046_Group46" 1 1 1 1 1 1 1 1 1 1 1 1 1 1
"047_Group47" 1 1 1 1 1 1 1 1 1 1 1 1 1 1
"048_Group48" 1 1 1 1 1 1 1 1 1 1 1 1 1 1
"049_Group49" 1 1 1 1 1 1 1 1 1 1 1 1 1 1
"050_Group50" 1 1 1 1 1 1 1 1 1 1 1 1 1 1
"051_Group51" 1 1 1 1 1 1 1 1 1 1 1 1 1 1
"052_Group52" 1 1 1 1 1 1 1 1 1 1 1 1 1 1
"053_Group53" 1 1 1 1 1 1 1 1 1 1 1 1 1 1
"054_Group54" 1 1 1 1 1 1 1 1 1 1 1 1 1 1
"055_Group55" 1 1 1 1 1 1 1 1 1 1 1 1 1 1
"056_Group56" 1 1 1 1 1 1 1 1 1 1 1 1 1 1
"057_Group57" 1 1 1 1 1 1 1 1 1 1 1 1 1 1
"058_Group58" 1 1 1 1 1 1 1 1 1 1 1 1 1 1
"059_Group59" 1 1 1 1 1 1 1 1 1 1 1 1 1 1
"060_Group60" 1 1 1 1 1 1 1 1 1 1 1 1 1 1
"061_Group61" 1 1 1 1 1 1 1 1 1 1 1 1 1 1
"062_Group62" 1 1 1 1 1 1 1 1 1 1 1 1 1 1
"063_Group63" 1 1 1 1 1 1 1 1 1 1 1 1 1 1
"064_Group64" 1 1 1 1 1 1 1 1 1 1 1 1 1 1
"065_Group65" 1 1 1 1 1 1 1 1 1 1 1 1 1 1
"066_Group66" 1 1 1 1 1 1 1 1 1 1 1 1 1 1
"067_Group67" 1 1 1 1 1 1 1 1 1 1 1 1 1 1
"068_Group68" 1 1 1 1 1 1 1 1 1 1 1 1 1 1
"069_Group69" 1 1 1 1 1 1 1 1 1 1 1 1 1 1
"070_Group70" 1 1 1 1 1 1 1 1 1 1 1 1 1 1
"071_Group71" 1 1 1 1 1 1 1 1 1 1 1 1 1 1
"072_Group72" 1 1 1 1 1 1 1 1 1 1 1 1 1 1
"073_Group73" 1 1 1 1 1 1 1 1 1 1 1 1 1 1
"074_Group74" 1 1 1 1 1 1 1 1 1 1 1 1 1 1
"075_Group75" 1 1 1 1 1 1 1 1 1 1 1 1 1 1
"076_Group76" 1 1 1 1 1 1 1 1 1 1 1 1 1 1
"077_Group77" 1 1 1 1 1 1 1 1 1 1 1 1 1 1
"078_Group78" 1 1 1 1 1 1 1 1 1 1 1 1 1 1
"079_Group79" 1 1 1 1 1 1 1 1 1 1 1 1 1 1
"080_Group80" 1 1 1 1 1 1 1 1 1 1 1 1 1 1
"081_Group81" 1 1 1 1 1 1 1 1 1 1 1 1 1 1
"082_Group82" 1 1 1 1 1 1 1 1 1 1 1 1 1 1
"083_Group83" 1 1 1 1 1 1 1 1 1 1 1 1 1 1
"084_Group84" 1 1 1 1 1 1 1 1 1 1 1 1 1 1
"085_Group85" 1 1 1 1 1 1 1 1 1 1 1 1 1 1
"086_Group86" 1 1 1 1 1 1 1 1 1 1 1 1 1 1
"087_Group87" 1 1 1 1 1 1 1 1 1 1 1 1 1 1
"088_Group88" 1 1 1 1 1 1 1 1 1 1 1 1 1 1
"089_Group89" 1 1 1 1 1 1 1 1 1 1 1 1 1 1
"090_Group90" 1 1 1 1 1 1 1 1 1 1 1 1 1 1
"091_Group91" 1 1 1 1 1 1 1 1 1 1 1 1 1 1
"092_Group92" 1 1 1 1 1 1 1 1 1 1 1 1 1 1
"093_Group93" 1 1 1 1 1 1 1 1 1 1 1 1 1 1
"094_Group94" 1 1 1 1 1 1 1 1 1 1 1 1 1 1
"095_Group95" 1 1 1 1 1 1 1 1 1 1 1 1 1 1

"<<<<<< Number of Samples per Acquisition Interval [1unit=500values] >>>>>>"
Time[m] 2 4 6 8 10 12 14 16 18 20 22 24 26 28 
#Samples 2 2 2 2 2 2 2 2 2 2 2 2 1 2 

"<<<<<< Average Temperature [°C] >>>>>>"
Time[m] 2 4 6 8 10 12 14 16 18 20 22 24 26 28 
Temp[°C] 21.8 21.8 21.8 21.8 21.8 21.9 21.8 21.8 21.8 21.8 21.8 21.8 22.0 21.8 

"<<<<<< Well Activity >>>>>>"
Well Group/Time[m] 2 4 6 8 10 12 14 16 18 20 22 24 26 28
A1 "000_Group0" 27 9 21 24 30 18 10 16 27 27 36 35 7 31
B1 "001_Group1" 42 40 33 34 25 23 20 18 21 14 17 34 18 19
C1 "002_Group2" 56 28 17 38 16 21 21 29 26 18 17 15 7 19
D1 "003_Group3" 42 34 15 24 33 29 31 28 32 38 39 40 16 16
E1 "004_Group4" 13 23 13 14 24 36 26 28 25 15 26 20 11 12
F1 "005_Group5" 6 15 23 31 28 25 13 14 18 17 23 15 6 26
G1 "006_Group6" 52 39 53 37 30 39 18 41 38 31 38 28 5 26
H1 "007_Group7" 28 35 40 31 38 34 46 41 40 24 30 35 12 23
A2 "008_Group8" 24 14 34 18 15 19 11 17 18 16 24 27 20 37
B2 "009_Group9" 0 0 0 0 0 0 0 0 0 0 0 0 0 0
C2 "010_Group10" 0 0 0 0 0 0 0 0 0 0 0 0 0 0
D2 "011_Group11" 1 1 0 3 0 5 1 3 12 1 2 4 2 0
E2 "012_Group12" 0 0 0 0 0 0 0 0 0 0 0 1 0 0
F2 "013_Group13" 0 0 0 0 0 0 0 0 0 0 0 1 0 0
G2 "014_Group14" 0 6 0 0 8 0 0 6 2 13 9 0 3 0
H2 "015_Group15" 5 6 10 1 6 10 7 7 8 9 3 2 3 5
A3 "016_Group16" 7 8 16 16 21 22 24 14 15 14 24 13 8 11
B3 "017_Group17" 23 31 18 17 16 13 20 18 25 22 25 25 7 27
C3 "018_Group18" 17 14 18 17 18 13 15 20 16 22 18 14 6 15
D3 "019_Group19" 8 10 17 18 20 23 21 16 19 15 22 17 7 16
E3 "020_Group20" 30 24 26 18 21 11 17 17 22 22 9 15 6 23
F3 "021_Group21" 34 24 26 32 26 19 21 20 17 15 22 24 9 18
G3 "022_Group22" 12 18 25 31 25 24 34 23 15 21 22 19 10 16
H3 "023_Group23" 33 25 27 13 18 19 23 17 31 29 27 20 14 33
A4 "024_Group24" 16 16 21 23 19 24 25 20 10 24 17 14 12 20
B4 "025_Group25" 21 15 22 15 19 9 16 19 17 18 16 25 7 14
C4 "026_Group26" 24 26 19 41 20 16 26 24 19 22 23 14 6 9
D4 "027_Group27" 23 18 35 11 25 21 24 22 27 25 22 12 4 22
E4 "028_Group28" 15 15 22 16 13 26 12 10 22 21 18 21 8 19
F4 "029_Group29" 32 30 25 31 17 20 25 27 16 23 29 34 14 18
G4 "030_Group30" 22 42 34 25 20 27 42 34 26 27 28 20 8 21
H4 "031_Group31" 28 16 12 21 19 25 16 23 20 24 24 20 14 17
A5 "032_Group32" 17 16 0 0 7 5 7 6 21 17 16 22 7 6
B5 "033_Group33" 27 26 19 21 15 15 21 22 20 21 15 20 7 22
C5 "034_Group34" 16 14 19 17 22 20 23 16 15 19 25 22 10 16
D5 "035_Group35" 30 27 27 27 30 29 19 21 18 17 21 16 5 15
E5 "036_Group36" 19 26 27 35 33 22 31 28 33 17 37 26 10 20
F5 "037_Group37" 17 16 18 26 19 27 21 26 25 29 29 16 10 17
G5 "038_Group38" 32 20 25 27 24 28 19 30 12 24 27 20 10 31
H5 "039_Group39" 22 25 26 17 24 22 13 20 18 16 23 22 11 22
A6 "040_Group40" 27 33 29 24 40 18 31 19 26 25 31 31 9 21
B6 "041_Group41" 11 41 24 17 18 22 11 14 31 17 21 21 12 23
C6 "042_Group42" 35 38 38 42 18 25 24 38 24 13 19 26 13 23
D6 "043_Group43" 24 33 16 27 32 14 23 15 18 22 20 27 9 18
E6 "044_Group44" 21 18 9 24 26 20 22 27 28 29 45 29 32 26
F6 "045_Group45" 30 32 44 32 28 16 38 25 43 45 27 48 20 31
G6 "046_Group46" 27 33 33 34 22 20 16 25 17 19 22 19 10 37
H6 "047_Group47" 31 39 30 29 32 28 36 40 51 32 39 49 23 29
A7 "048_Group48" 45 37 42 26 24 43 39 41 41 35 35 25 19 35
B7 "049_Group49" 31 39 32 35 26 33 26 19 34 28 26 20 22 29
C7 "050_Group50" 31 31 34 24 31 40 23 38 26 43 31 28 20 33
D7 "051_Group51" 35 46 49 41 51 34 34 38 21 41 30 48 20 34
E7 "052_Group52" 22 31 37 34 40 43 38 48 35 40 30 32 31 27
F7 "053_Group53" 34 40 56 42 48 46 36 38 56 12 42 32 9 35
G7 "054_Group54" 34 45 41 40 32 33 40 48 35 30 25 34 19 39
H7 "055_Group55" 39 49 49 32 41 42 39 35 40 33 30 32 16 35
A8 "056_Group56" 15 30 24 19 18 25 38 22 19 11 22 20 6 32
B8 "057_Group57" 11 28 28 25 21 23 19 24 17 18 16 21 14 27
C8 "058_Group58" 24 14 29 34 32 27 17 15 19 30 26 23 9 19
D8 "059_Group59" 17 23 40 20 38 24 27 22 13 23 31 27 8 46
E8 "060_Group60" 17 17 19 18 14 29 24 15 17 22 21 15 8 22
F8 "061_Group61" 20 27 21 21 17 26 19 21 26 26 20 24 18 30
G8 "062_Group62" 32 18 24 21 27 22 34 18 18 23 23 20 15 20
H8 "063_Group63" 35 25 33 36 28 19 26 24 23 25 24 22 23 21
A9 "064_Group64" 24 18 21 24 41 34 35 27 16 23 17 17 7 27
B9 "065_Group65" 26 26 38 34 26 22 17 18 14 16 23 20 6 21
C9 "066_Group66" 29 31 23 30 24 30 22 27 22 26 21 22 10 21
D9 "067_Group67" 54 42 38 35 23 35 35 22 27 28 21 16 11 28
E9 "068_Group68" 38 38 31 15 21 22 24 12 27 11 26 11 3 19
F9 "069_Group69" 35 36 48 47 48 41 19 27 19 26 23 18 6 18
G9 "070_Group70" 46 59 49 30 20 17 18 17 20 12 15 16 15 16
H9 "071_Group71" 47 29 31 15 20 19 26 20 35 22 31 35 13 45
A10 "072_Group72" 19 6 14 21 12 25 15 14 16 19 20 14 6 20
B10 "073_Group73" 13 13 16 22 14 12 29 15 20 19 16 18 6 25
C10 "074_Group74" 5 11 6 22 24 15 9 8 17 19 18 20 9 16
D10 "075_Group75" 12 11 12 24 12 18 19 8 17 23 26 27 4 9
E10 "076_Group76" 7 16 9 22 12 16 16 15 18 13 20 20 16 23
F10 "077_Group77" 13 20 23 19 17 9 9 19 18 18 15 20 13 13
G10 "078_Group78" 32 32 17 23 23 17 19 17 23 26 38 29 8 15
H10 "079_Group79" 4 14 22 24 18 23 18 25 10 23 11 21 10 21
A11 "080_Group80" 30 22 41 26 22 39 28 23 13 22 13 15 11 34
B11 "081_Group81" 20 24 28 28 15 23 26 24 17 17 22 16 15 25
C11 "082_Group82" 18 20 17 20 22 27 36 42 13 23 16 19 2 17
D11 "083_Group83" 18 17 21 25 26 20 23 25 29 21 21 24 7 30
E11 "084_Group84" 33 47 33 19 22 21 25 22 28 17 20 28 16 26
F11 "085_Group85" 44 13 19 33 37 16 17 17 28 22 25 19 14 20
G11 "086_Group86" 14 33 23 21 32 27 33 19 29 25 25 38 12 22
H11 "087_Group87" 33 23 26 22 17 28 28 20 38 32 41 23 11 13
A12 "088_Group88" 12 11 15 8 13 17 22 30 27 10 9 9 4 11
B12 "089_Group89" 33 22 15 40 15 19 39 13 21 24 26 19 7 11
C12 "090_Group90" 27 25 24 42 30 25 17 17 15 21 22 41 12 20
D12 "091_Group91" 35 40 30 28 28 26 34 14 14 18 15 9 8 21
E12 "092_Group92" 20 23 14 29 27 18 26 23 10 18 26 16 7 19
F12 "093_Group93" 10 15 22 12 29 18 17 17 19 14 20 20 12 15
G12 "094_Group94" 25 23 23 18 17 19 26 34 12 14 13 35 24 22
H12 "095_Group95" 11 31 22 26 34 26 27 27 22 9 28 30 18 18

"<<<<<< Channel Activity >>>>>>"
Channel Well Group/Time[m] 2 4 6 8 10 12 14 16 18 20 22 24 26 28
CH0 A1.0 "000_Group0" 27 9 21 24 30 18 10 16 27 27 36 35 7 31
CH2 B1.0 "001_Group1" 42 40 33 34 25 23 20 18 21 14 17 34 18 19
CH4 C1.0 "002_Group2" 56 28 17 38 16 21 21 29 26 18 17 15 7 19
CH6 D1.0 "003_Group3" 42 34 15 24 33 29 31 28 32 38 39 40 16 16
CH8 E1.0 "004_Group4" 13 23 13 14 24 36 26 28 25 15 26 20 11 12
CH10 F1.0 "005_Group5" 6 15 23 31 28 25 13 14 18 17 23 15 6 26
CH12 G1.0 "006_Group6" 52 39 53 37 30 39 18 41 38 31 38 28 5 26
CH14 H1.0 "007_Group7" 28 35 40 31 38 34 46 41 40 24 30 35 12 23
CH32 A2.0 "008_Group8" 24 14 34 18 15 19 11 17 18 16 24 27 20 37
CH34 B2.0 "009_Group9" 0 0 0 0 0 0 0 0 0 0 0 0 0 0
CH36 C2.0 "010_Group10" 0 0 0 0 0 0 0 0 0 0 0 0 0 0
CH38 D2.0 "011_Group11" 1 1 0 3 0 5 1 3 12 1 2 4 2 0
CH40 E2.0 "012_Group12" 0 0 0 0 0 0 0 0 0 0 0 1 0 0
CH42 F2.0 "013_Group13" 0 0 0 0 0 0 0 0 0 0 0 1 0 0
CH44 G2.0 "014_Group14" 0 6 0 0 8 0 0 6 2 13 9 0 3 0
CH46 H2.0 "015_Group15" 5 6 10 1 6 10 7 7 8 9 3 2 3 5
CH64 A3.0 "016_Group16" 7 8 16 16 21 22 24 14 15 14 24 13 8 11
CH66 B3.0 "017_Group17" 23 31 18 17 16 13 20 18 25 22 25 25 7 27
CH68 C3.0 "018_Group18" 17 14 18 17 18 13 15 20 16 22 18 14 6 15
CH70 D3.0 "019_Group19" 8 10 17 18 20 23 21 16 19 15 22 17 7 16
CH72 E3.0 "020_Group20" 30 24 26 18 21 11 17 17 22 22 9 15 6 23
CH74 F3.0 "021_Group21" 34 24 26 32 26 19 21 20 17 15 22 24 9 18
CH76 G3.0 "022_Group22" 12 18 25 31 25 24 34 23 15 21 22 19 10 16
CH78 H3.0 "023_Group23" 33 25 27 13 18 19 23 17 31 29 27 20 14 33
CH96 A4.0 "024_Group24" 16 16 21 23 19 24 25 20 10 24 17 14 12 20
CH98 B4.0 "025_Group25" 21 15 22 15 19 9 16 19 17 18 16 25 7 14
CH100 C4.0 "026_Group26" 24 26 19 41 20 16 26 24 19 22 23 14 6 9
CH102 D4.0 "027_Group27" 23 18 35 11 25 21 24 22 27 25 22 12 4 22
CH104 E4.0 "028_Group28" 15 15 22 16 13 26 12 10 22 21 18 21 8 19
CH106 F4.0 "029_Group29" 32 30 25 31 17 20 25 27 16 23 29 34 14 18
CH108 G4.0 "030_Group30" 22 42 34 25 20 27 42 34 26 27 28 20 8 21
CH110 H4.0 "031_Group31" 28 16 12 21 19 25 16 23 20 24 24 20 14 17
CH128 A5.0 "032_Group32" 17 16 0 0 7 5 7 6 21 17 16 22 7 6
CH130 B5.0 "033_Group33" 27 26 19 21 15 15 21 22 20 21 15 20 7 22
CH132 C5.0 "034_Group34" 16 14 19 17 22 20 23 16 15 19 25 22 10 16
CH134 D5.0 "035_Group35" 30 27 27 27 30 29 19 21 18 17 21 16 5 15
CH136 E5.0 "036_Group36" 19 26 27 35 33 22 31 28 33 17 37 26 10 20
CH138 F5.0 "037_Group37" 17 16 18 26 19 27 21 26 25 29 29 16 10 17
CH140 G5.0 "038_Group38" 32 20 25 27 24 28 19 30 12 24 27 20 10 31
CH142 H5.0 "039_Group39" 22 25 26 17 24 22 13 20 18 16 23 22 11 22
CH160 A6.0 "040_Group40" 27 33 29 24 40 18 31 19 26 25 31 31 9 21
CH162 B6.0 "041_Group41" 11 41 24 17 18 22 11 14 31 17 21 21 12 23
CH164 C6.0 "042_Group42" 35 38 38 42 18 25 24 38 24 13 19 26 13 23
CH166 D6.0 "043_Group43" 24 33 16 27 32 14 23 15 18 22 20 27 9 18
CH168 E6.0 "044_Group44" 21 18 9 24 26 20 22 27 28 29 45 29 32 26
CH170 F6.0 "045_Group45" 30 32 44 32 28 16 38 25 43 45 27 48 20 31
CH172 G6.0 "046_Group46" 27 33 33 34 22 20 16 25 17 19 22 19 10 37
CH174 H6.0 "047_Group47" 31 39 30 29 32 28 36 40 51 32 39 49 23 29
CH192 A7.0 "048_Group48" 45 37 42 26 24 43 39 41 41 35 35 25 19 35
CH194 B7.0 "049_Group49" 31 39 32 35 26 33 26 19 34 28 26 20 22 29
CH196 C7.0 "050_Group50" 31 31 34 24 31 40 23 38 26 43 31 28 20 33
CH198 D7.0 "051_Group51" 35 46 49 41 51 34 34 38 21 41 30 48 20 34
CH200 E7.0 "052_Group52" 22 31 37 34 40 43 38 48 35 40 30 32 31 27
CH202 F7.0 "053_Group53" 34 40 56 42 48 46 36 38 56 12 42 32 9 35
CH204 G7.0 "054_Group54" 34 45 41 40 32 33 40 48 35 30 25 34 19 39
CH206 H7.0 "055_Group55" 39 49 49 32 41 42 39 35 40 33 30 32 16 35
CH224 A8.0 "056_Group56" 15 30 24 19 18 25 38 22 19 11 22 20 6 32
CH226 B8.0 "057_Group57" 11 28 28 25 21 23 19 24 17 18 16 21 14 27
CH228 C8.0 "058_Group58" 24 14 29 34 32 27 17 15 19 30 26 23 9 19
CH230 D8.0 "059_Group59" 17 23 40 20 38 24 27 22 13 23 31 27 8 46
CH232 E8.0 "060_Group60" 17 17 19 18 14 29 24 15 17 22 21 15 8 22
CH234 F8.0 "061_Group61" 20 27 21 21 17 26 19 21 26 26 20 24 18 30
CH236 G8.0 "062_Group62" 32 18 24 21 27 22 34 18 18 23 23 20 15 20
CH238 H8.0 "063_Group63" 35 25 33 36 28 19 26 24 23 25 24 22 23 21
CH256 A9.0 "064_Group64" 24 18 21 24 41 34 35 27 16 23 17 17 7 27
CH258 B9.0 "065_Group65" 26 26 38 34 26 22 17 18 14 16 23 20 6 21
CH260 C9.0 "066_Group66" 29 31 23 30 24 30 22 27 22 26 21 22 10 21
CH262 D9.0 "067_Group67" 54 42 38 35 23 35 35 22 27 28 21 16 11 28
CH264 E9.0 "068_Group68" 38 38 31 15 21 22 24 12 27 11 26 11 3 19
CH266 F9.0 "069_Group69" 35 36 48 47 48 41 19 27 19 26 23 18 6 18
CH268 G9.0 "070_Group70" 46 59 49 30 20 17 18 17 20 12 15 16 15 16
CH270 H9.0 "071_Group71" 47 29 31 15 20 19 26 20 35 22 31 35 13 45
CH288 A10.0 "072_Group72" 19 6 14 21 12 25 15 14 16 19 20 14 6 20
CH290 B10.0 "073_Group73" 13 13 16 22 14 12 29 15 20 19 16 18 6 25
CH292 C10.0 "074_Group74" 5 11 6 22 24 15 9 8 17 19 18 20 9 16
CH294 D10.0 "075_Group75" 12 11 12 24 12 18 19 8 17 23 26 27 4 9
CH296 E10.0 "076_Group76" 7 16 9 22 12 16 16 15 18 13 20 20 16 23
CH298 F10.0 "077_Group77" 13 20 23 19 17 9 9 19 18 18 15 20 13 13
CH300 G10.0 "078_Group78" 32 32 17 23 23 17 19 17 23 26 38 29 8 15
CH302 H10.0 "079_Group79" 4 14 22 24 18 23 18 25 10 23 11 21 10 21
CH320 A11.0 "080_Group80" 30 22 41 26 22 39 28 23 13 22 13 15 11 34
CH322 B11.0 "081_Group81" 20 24 28 28 15 23 26 24 17 17 22 16 15 25
CH324 C11.0 "082_Group82" 18 20 17 20 22 27 36 42 13 23 16 19 2 17
CH326 D11.0 "083_Group83" 18 17 21 25 26 20 23 25 29 21 21 24 7 30
CH328 E11.0 "084_Group84" 33 47 33 19 22 21 25 22 28 17 20 28 16 26
CH330 F11.0 "085_Group85" 44 13 19 33 37 16 17 17 28 22 25 19 14 20
CH332 G11.0 "086_Group86" 14 33 23 21 32 27 33 19 29 25 25 38 12 22
CH334 H11.0 "087_Group87" 33 23 26 22 17 28 28 20 38 32 41 23 11 13
CH352 A12.0 "088_Group88" 12 11 15 8 13 17 22 30 27 10 9 9 4 11
CH354 B12.0 "089_Group89" 33 22 15 40 15 19 39 13 21 24 26 19 7 11
CH356 C12.0 "090_Group90" 27 25 24 42 30 25 17 17 15 21 22 41 12 20
CH358 D12.0 "091_Group91" 35 40 30 28 28 26 34 14 14 18 15 9 8 21
CH360 E12.0 "092_Group92" 20 23 14 29 27 18 26 23 10 18 26 16 7 19
CH362 F12.0 "093_Group93" 10 15 22 12 29 18 17 17 19 14 20 20 12 15
CH364 G12.0 "094_Group94" 25 23 23 18 17 19 26 34 12 14 13 35 24 22
CH366 H12.0 "095_Group95" 11 31 22 26 34 26 27 27 22 9 28 30 18 18
