"DATE:" "2/22/2015 9:54:22 AM"
"FILE:" "C:\Users\AndersenLab\Desktop\wmicrotracker\p00011\20150222_0923"
"SUBPROJECT:" "20150222_Longevity_5_daf3"

"<<<<<< Group Activity: Average Activity Counts per Data Interval>>>>>>"
Group/Time[m] 2 4 6 8 10
"000_Group0" 17 12 26 20 11
"001_Group1" 22 30 18 24 17
"002_Group2" 15 8 6 8 3
"003_Group3" 14 6 12 6 16
"004_Group4" 12 16 6 14 11
"005_Group5" 12 7 9 22 7
"006_Group6" 2 2 18 5 11
"007_Group7" 13 11 19 9 15
"008_Group8" 7 17 23 16 25
"009_Group9" 13 13 15 9 17
"010_Group10" 30 25 21 20 15
"011_Group11" 18 23 19 14 11
"012_Group12" 16 15 14 32 12
"013_Group13" 22 22 13 17 13
"014_Group14" 34 8 16 26 16
"015_Group15" 24 23 16 18 20
"016_Group16" 28 17 8 11 13
"017_Group17" 13 15 12 13 17
"018_Group18" 16 21 21 20 11
"019_Group19" 23 15 15 14 19
"020_Group20" 19 17 12 12 8
"021_Group21" 19 15 9 22 11
"022_Group22" 24 18 15 10 9
"023_Group23" 27 13 19 18 6
"024_Group24" 16 17 9 14 11
"025_Group25" 22 24 18 12 12
"026_Group26" 16 11 16 12 14
"027_Group27" 22 13 13 17 14
"028_Group28" 9 12 22 24 7
"029_Group29" 23 9 32 12 17
"030_Group30" 12 23 19 16 9
"031_Group31" 32 26 20 19 14
"032_Group32" 16 19 19 15 11
"033_Group33" 9 5 11 15 15
"034_Group34" 10 16 8 9 11
"035_Group35" 13 12 10 25 15
"036_Group36" 24 20 13 35 10
"037_Group37" 19 16 20 21 15
"038_Group38" 4 4 0 0 0
"039_Group39" 29 13 15 17 10
"040_Group40" 28 14 12 20 17
"041_Group41" 17 19 19 15 23
"042_Group42" 26 19 16 14 11
"043_Group43" 13 15 13 20 16
"044_Group44" 15 27 26 15 16
"045_Group45" 28 18 19 14 21
"046_Group46" 17 9 18 11 12
"047_Group47" 20 13 13 26 21
"048_Group48" 24 22 20 13 18
"049_Group49" 19 6 14 9 8
"050_Group50" 20 20 8 11 16
"051_Group51" 13 27 19 10 13
"052_Group52" 31 30 10 12 7
"053_Group53" 30 20 14 15 15
"054_Group54" 10 17 11 9 14
"055_Group55" 40 9 17 19 10
"056_Group56" 16 16 18 13 13
"057_Group57" 14 14 13 18 13
"058_Group58" 31 14 14 23 11
"059_Group59" 12 19 25 13 17
"060_Group60" 22 13 10 8 15
"061_Group61" 11 9 13 14 18
"062_Group62" 20 16 14 14 15
"063_Group63" 22 16 24 18 6
"064_Group64" 5 16 15 6 12
"065_Group65" 18 11 21 10 14
"066_Group66" 18 5 6 13 8
"067_Group67" 0 5 23 5 6
"068_Group68" 0 13 11 11 12
"069_Group69" 18 5 22 22 16
"070_Group70" 18 8 19 21 31
"071_Group71" 4 5 10 9 9
"072_Group72" 17 8 12 22 16
"073_Group73" 20 28 11 15 13
"074_Group74" 16 17 12 10 15
"075_Group75" 15 18 31 18 12
"076_Group76" 25 29 14 13 19
"077_Group77" 18 15 15 20 13
"078_Group78" 28 32 17 18 8
"079_Group79" 15 9 10 10 9
"080_Group80" 17 10 11 23 10
"081_Group81" 13 13 18 10 23
"082_Group82" 18 21 12 17 10
"083_Group83" 23 20 15 15 20
"084_Group84" 18 17 11 15 12
"085_Group85" 18 21 12 18 18
"086_Group86" 16 16 14 12 11
"087_Group87" 18 15 19 12 18
"088_Group88" 17 29 17 7 11
"089_Group89" 8 9 10 8 18
"090_Group90" 10 16 9 11 18
"091_Group91" 13 18 18 23 20
"092_Group92" 14 28 8 10 7
"093_Group93" 19 8 10 10 14
"094_Group94" 14 15 4 9 15
"095_Group95" 10 10 9 8 18

"<<<<<< Group Activity: Number of wells/group >>>>>>"
Group/Time[m] 2 4 6 8 10
"000_Group0" 1 1 1 1 1
"001_Group1" 1 1 1 1 1
"002_Group2" 1 1 1 1 1
"003_Group3" 1 1 1 1 1
"004_Group4" 1 1 1 1 1
"005_Group5" 1 1 1 1 1
"006_Group6" 1 1 1 1 1
"007_Group7" 1 1 1 1 1
"008_Group8" 1 1 1 1 1
"009_Group9" 1 1 1 1 1
"010_Group10" 1 1 1 1 1
"011_Group11" 1 1 1 1 1
"012_Group12" 1 1 1 1 1
"013_Group13" 1 1 1 1 1
"014_Group14" 1 1 1 1 1
"015_Group15" 1 1 1 1 1
"016_Group16" 1 1 1 1 1
"017_Group17" 1 1 1 1 1
"018_Group18" 1 1 1 1 1
"019_Group19" 1 1 1 1 1
"020_Group20" 1 1 1 1 1
"021_Group21" 1 1 1 1 1
"022_Group22" 1 1 1 1 1
"023_Group23" 1 1 1 1 1
"024_Group24" 1 1 1 1 1
"025_Group25" 1 1 1 1 1
"026_Group26" 1 1 1 1 1
"027_Group27" 1 1 1 1 1
"028_Group28" 1 1 1 1 1
"029_Group29" 1 1 1 1 1
"030_Group30" 1 1 1 1 1
"031_Group31" 1 1 1 1 1
"032_Group32" 1 1 1 1 1
"033_Group33" 1 1 1 1 1
"034_Group34" 1 1 1 1 1
"035_Group35" 1 1 1 1 1
"036_Group36" 1 1 1 1 1
"037_Group37" 1 1 1 1 1
"038_Group38" 1 1 1 1 1
"039_Group39" 1 1 1 1 1
"040_Group40" 1 1 1 1 1
"041_Group41" 1 1 1 1 1
"042_Group42" 1 1 1 1 1
"043_Group43" 1 1 1 1 1
"044_Group44" 1 1 1 1 1
"045_Group45" 1 1 1 1 1
"046_Group46" 1 1 1 1 1
"047_Group47" 1 1 1 1 1
"048_Group48" 1 1 1 1 1
"049_Group49" 1 1 1 1 1
"050_Group50" 1 1 1 1 1
"051_Group51" 1 1 1 1 1
"052_Group52" 1 1 1 1 1
"053_Group53" 1 1 1 1 1
"054_Group54" 1 1 1 1 1
"055_Group55" 1 1 1 1 1
"056_Group56" 1 1 1 1 1
"057_Group57" 1 1 1 1 1
"058_Group58" 1 1 1 1 1
"059_Group59" 1 1 1 1 1
"060_Group60" 1 1 1 1 1
"061_Group61" 1 1 1 1 1
"062_Group62" 1 1 1 1 1
"063_Group63" 1 1 1 1 1
"064_Group64" 1 1 1 1 1
"065_Group65" 1 1 1 1 1
"066_Group66" 1 1 1 1 1
"067_Group67" 1 1 1 1 1
"068_Group68" 1 1 1 1 1
"069_Group69" 1 1 1 1 1
"070_Group70" 1 1 1 1 1
"071_Group71" 1 1 1 1 1
"072_Group72" 1 1 1 1 1
"073_Group73" 1 1 1 1 1
"074_Group74" 1 1 1 1 1
"075_Group75" 1 1 1 1 1
"076_Group76" 1 1 1 1 1
"077_Group77" 1 1 1 1 1
"078_Group78" 1 1 1 1 1
"079_Group79" 1 1 1 1 1
"080_Group80" 1 1 1 1 1
"081_Group81" 1 1 1 1 1
"082_Group82" 1 1 1 1 1
"083_Group83" 1 1 1 1 1
"084_Group84" 1 1 1 1 1
"085_Group85" 1 1 1 1 1
"086_Group86" 1 1 1 1 1
"087_Group87" 1 1 1 1 1
"088_Group88" 1 1 1 1 1
"089_Group89" 1 1 1 1 1
"090_Group90" 1 1 1 1 1
"091_Group91" 1 1 1 1 1
"092_Group92" 1 1 1 1 1
"093_Group93" 1 1 1 1 1
"094_Group94" 1 1 1 1 1
"095_Group95" 1 1 1 1 1

"<<<<<< Number of Samples per Acquisition Interval [1unit=500values] >>>>>>"
Time[m] 2 4 6 8 10 
#Samples 2 2 2 2 2 

"<<<<<< Average Temperature [°C] >>>>>>"
Time[m] 2 4 6 8 10 
Temp[°C] 21.1 21.2 21.2 21.2 21.1 

"<<<<<< Well Activity >>>>>>"
Well Group/Time[m] 2 4 6 8 10
A1 "000_Group0" 17 12 26 20 11
B1 "001_Group1" 22 30 18 24 17
C1 "002_Group2" 15 8 6 8 3
D1 "003_Group3" 14 6 12 6 16
E1 "004_Group4" 12 16 6 14 11
F1 "005_Group5" 12 7 9 22 7
G1 "006_Group6" 2 2 18 5 11
H1 "007_Group7" 13 11 19 9 15
A2 "008_Group8" 7 17 23 16 25
B2 "009_Group9" 13 13 15 9 17
C2 "010_Group10" 30 25 21 20 15
D2 "011_Group11" 18 23 19 14 11
E2 "012_Group12" 16 15 14 32 12
F2 "013_Group13" 22 22 13 17 13
G2 "014_Group14" 34 8 16 26 16
H2 "015_Group15" 24 23 16 18 20
A3 "016_Group16" 28 17 8 11 13
B3 "017_Group17" 13 15 12 13 17
C3 "018_Group18" 16 21 21 20 11
D3 "019_Group19" 23 15 15 14 19
E3 "020_Group20" 19 17 12 12 8
F3 "021_Group21" 19 15 9 22 11
G3 "022_Group22" 24 18 15 10 9
H3 "023_Group23" 27 13 19 18 6
A4 "024_Group24" 16 17 9 14 11
B4 "025_Group25" 22 24 18 12 12
C4 "026_Group26" 16 11 16 12 14
D4 "027_Group27" 22 13 13 17 14
E4 "028_Group28" 9 12 22 24 7
F4 "029_Group29" 23 9 32 12 17
G4 "030_Group30" 12 23 19 16 9
H4 "031_Group31" 32 26 20 19 14
A5 "032_Group32" 16 19 19 15 11
B5 "033_Group33" 9 5 11 15 15
C5 "034_Group34" 10 16 8 9 11
D5 "035_Group35" 13 12 10 25 15
E5 "036_Group36" 24 20 13 35 10
F5 "037_Group37" 19 16 20 21 15
G5 "038_Group38" 4 4 0 0 0
H5 "039_Group39" 29 13 15 17 10
A6 "040_Group40" 28 14 12 20 17
B6 "041_Group41" 17 19 19 15 23
C6 "042_Group42" 26 19 16 14 11
D6 "043_Group43" 13 15 13 20 16
E6 "044_Group44" 15 27 26 15 16
F6 "045_Group45" 28 18 19 14 21
G6 "046_Group46" 17 9 18 11 12
H6 "047_Group47" 20 13 13 26 21
A7 "048_Group48" 24 22 20 13 18
B7 "049_Group49" 19 6 14 9 8
C7 "050_Group50" 20 20 8 11 16
D7 "051_Group51" 13 27 19 10 13
E7 "052_Group52" 31 30 10 12 7
F7 "053_Group53" 30 20 14 15 15
G7 "054_Group54" 10 17 11 9 14
H7 "055_Group55" 40 9 17 19 10
A8 "056_Group56" 16 16 18 13 13
B8 "057_Group57" 14 14 13 18 13
C8 "058_Group58" 31 14 14 23 11
D8 "059_Group59" 12 19 25 13 17
E8 "060_Group60" 22 13 10 8 15
F8 "061_Group61" 11 9 13 14 18
G8 "062_Group62" 20 16 14 14 15
H8 "063_Group63" 22 16 24 18 6
A9 "064_Group64" 5 16 15 6 12
B9 "065_Group65" 18 11 21 10 14
C9 "066_Group66" 18 5 6 13 8
D9 "067_Group67" 0 5 23 5 6
E9 "068_Group68" 0 13 11 11 12
F9 "069_Group69" 18 5 22 22 16
G9 "070_Group70" 18 8 19 21 31
H9 "071_Group71" 4 5 10 9 9
A10 "072_Group72" 17 8 12 22 16
B10 "073_Group73" 20 28 11 15 13
C10 "074_Group74" 16 17 12 10 15
D10 "075_Group75" 15 18 31 18 12
E10 "076_Group76" 25 29 14 13 19
F10 "077_Group77" 18 15 15 20 13
G10 "078_Group78" 28 32 17 18 8
H10 "079_Group79" 15 9 10 10 9
A11 "080_Group80" 17 10 11 23 10
B11 "081_Group81" 13 13 18 10 23
C11 "082_Group82" 18 21 12 17 10
D11 "083_Group83" 23 20 15 15 20
E11 "084_Group84" 18 17 11 15 12
F11 "085_Group85" 18 21 12 18 18
G11 "086_Group86" 16 16 14 12 11
H11 "087_Group87" 18 15 19 12 18
A12 "088_Group88" 17 29 17 7 11
B12 "089_Group89" 8 9 10 8 18
C12 "090_Group90" 10 16 9 11 18
D12 "091_Group91" 13 18 18 23 20
E12 "092_Group92" 14 28 8 10 7
F12 "093_Group93" 19 8 10 10 14
G12 "094_Group94" 14 15 4 9 15
H12 "095_Group95" 10 10 9 8 18

"<<<<<< Channel Activity >>>>>>"
Channel Well Group/Time[m] 2 4 6 8 10
CH0 A1.0 "000_Group0" 17 12 26 20 11
CH2 B1.0 "001_Group1" 22 30 18 24 17
CH4 C1.0 "002_Group2" 15 8 6 8 3
CH6 D1.0 "003_Group3" 14 6 12 6 16
CH8 E1.0 "004_Group4" 12 16 6 14 11
CH10 F1.0 "005_Group5" 12 7 9 22 7
CH12 G1.0 "006_Group6" 2 2 18 5 11
CH14 H1.0 "007_Group7" 13 11 19 9 15
CH32 A2.0 "008_Group8" 7 17 23 16 25
CH34 B2.0 "009_Group9" 13 13 15 9 17
CH36 C2.0 "010_Group10" 30 25 21 20 15
CH38 D2.0 "011_Group11" 18 23 19 14 11
CH40 E2.0 "012_Group12" 16 15 14 32 12
CH42 F2.0 "013_Group13" 22 22 13 17 13
CH44 G2.0 "014_Group14" 34 8 16 26 16
CH46 H2.0 "015_Group15" 24 23 16 18 20
CH64 A3.0 "016_Group16" 28 17 8 11 13
CH66 B3.0 "017_Group17" 13 15 12 13 17
CH68 C3.0 "018_Group18" 16 21 21 20 11
CH70 D3.0 "019_Group19" 23 15 15 14 19
CH72 E3.0 "020_Group20" 19 17 12 12 8
CH74 F3.0 "021_Group21" 19 15 9 22 11
CH76 G3.0 "022_Group22" 24 18 15 10 9
CH78 H3.0 "023_Group23" 27 13 19 18 6
CH96 A4.0 "024_Group24" 16 17 9 14 11
CH98 B4.0 "025_Group25" 22 24 18 12 12
CH100 C4.0 "026_Group26" 16 11 16 12 14
CH102 D4.0 "027_Group27" 22 13 13 17 14
CH104 E4.0 "028_Group28" 9 12 22 24 7
CH106 F4.0 "029_Group29" 23 9 32 12 17
CH108 G4.0 "030_Group30" 12 23 19 16 9
CH110 H4.0 "031_Group31" 32 26 20 19 14
CH128 A5.0 "032_Group32" 16 19 19 15 11
CH130 B5.0 "033_Group33" 9 5 11 15 15
CH132 C5.0 "034_Group34" 10 16 8 9 11
CH134 D5.0 "035_Group35" 13 12 10 25 15
CH136 E5.0 "036_Group36" 24 20 13 35 10
CH138 F5.0 "037_Group37" 19 16 20 21 15
CH140 G5.0 "038_Group38" 4 4 0 0 0
CH142 H5.0 "039_Group39" 29 13 15 17 10
CH160 A6.0 "040_Group40" 28 14 12 20 17
CH162 B6.0 "041_Group41" 17 19 19 15 23
CH164 C6.0 "042_Group42" 26 19 16 14 11
CH166 D6.0 "043_Group43" 13 15 13 20 16
CH168 E6.0 "044_Group44" 15 27 26 15 16
CH170 F6.0 "045_Group45" 28 18 19 14 21
CH172 G6.0 "046_Group46" 17 9 18 11 12
CH174 H6.0 "047_Group47" 20 13 13 26 21
CH192 A7.0 "048_Group48" 24 22 20 13 18
CH194 B7.0 "049_Group49" 19 6 14 9 8
CH196 C7.0 "050_Group50" 20 20 8 11 16
CH198 D7.0 "051_Group51" 13 27 19 10 13
CH200 E7.0 "052_Group52" 31 30 10 12 7
CH202 F7.0 "053_Group53" 30 20 14 15 15
CH204 G7.0 "054_Group54" 10 17 11 9 14
CH206 H7.0 "055_Group55" 40 9 17 19 10
CH224 A8.0 "056_Group56" 16 16 18 13 13
CH226 B8.0 "057_Group57" 14 14 13 18 13
CH228 C8.0 "058_Group58" 31 14 14 23 11
CH230 D8.0 "059_Group59" 12 19 25 13 17
CH232 E8.0 "060_Group60" 22 13 10 8 15
CH234 F8.0 "061_Group61" 11 9 13 14 18
CH236 G8.0 "062_Group62" 20 16 14 14 15
CH238 H8.0 "063_Group63" 22 16 24 18 6
CH256 A9.0 "064_Group64" 5 16 15 6 12
CH258 B9.0 "065_Group65" 18 11 21 10 14
CH260 C9.0 "066_Group66" 18 5 6 13 8
CH262 D9.0 "067_Group67" 0 5 23 5 6
CH264 E9.0 "068_Group68" 0 13 11 11 12
CH266 F9.0 "069_Group69" 18 5 22 22 16
CH268 G9.0 "070_Group70" 18 8 19 21 31
CH270 H9.0 "071_Group71" 4 5 10 9 9
CH288 A10.0 "072_Group72" 17 8 12 22 16
CH290 B10.0 "073_Group73" 20 28 11 15 13
CH292 C10.0 "074_Group74" 16 17 12 10 15
CH294 D10.0 "075_Group75" 15 18 31 18 12
CH296 E10.0 "076_Group76" 25 29 14 13 19
CH298 F10.0 "077_Group77" 18 15 15 20 13
CH300 G10.0 "078_Group78" 28 32 17 18 8
CH302 H10.0 "079_Group79" 15 9 10 10 9
CH320 A11.0 "080_Group80" 17 10 11 23 10
CH322 B11.0 "081_Group81" 13 13 18 10 23
CH324 C11.0 "082_Group82" 18 21 12 17 10
CH326 D11.0 "083_Group83" 23 20 15 15 20
CH328 E11.0 "084_Group84" 18 17 11 15 12
CH330 F11.0 "085_Group85" 18 21 12 18 18
CH332 G11.0 "086_Group86" 16 16 14 12 11
CH334 H11.0 "087_Group87" 18 15 19 12 18
CH352 A12.0 "088_Group88" 17 29 17 7 11
CH354 B12.0 "089_Group89" 8 9 10 8 18
CH356 C12.0 "090_Group90" 10 16 9 11 18
CH358 D12.0 "091_Group91" 13 18 18 23 20
CH360 E12.0 "092_Group92" 14 28 8 10 7
CH362 F12.0 "093_Group93" 19 8 10 10 14
CH364 G12.0 "094_Group94" 14 15 4 9 15
CH366 H12.0 "095_Group95" 10 10 9 8 18
