"DATE:" "2/24/2015 9:25:53 AM"
"FILE:" "C:\Users\AndersenLab\Desktop\wmicrotracker\p00011\20150224_0913"
"SUBPROJECT:" "20150224_Longevity_5_daf3"

"<<<<<< Group Activity: Average Activity Counts per Data Interval>>>>>>"
Group/Time[m] 2 4 6 8 10
"000_Group0" 14 10 5 0 0
"001_Group1" 14 13 1 6 4
"002_Group2" 2 5 6 2 1
"003_Group3" 6 6 7 8 0
"004_Group4" 6 6 9 4 2
"005_Group5" 6 0 3 9 8
"006_Group6" 6 19 21 10 6
"007_Group7" 3 2 10 10 0
"008_Group8" 26 14 10 14 13
"009_Group9" 26 13 15 18 14
"010_Group10" 15 15 14 11 13
"011_Group11" 11 16 17 9 13
"012_Group12" 11 20 16 20 17
"013_Group13" 8 14 13 7 9
"014_Group14" 12 9 14 16 8
"015_Group15" 15 21 6 8 11
"016_Group16" 20 20 15 12 15
"017_Group17" 19 16 14 12 16
"018_Group18" 9 12 20 16 12
"019_Group19" 14 16 19 12 11
"020_Group20" 10 10 16 11 16
"021_Group21" 3 25 12 9 10
"022_Group22" 20 11 18 11 11
"023_Group23" 13 15 12 12 8
"024_Group24" 26 28 20 6 8
"025_Group25" 12 11 7 7 10
"026_Group26" 20 17 8 13 31
"027_Group27" 11 26 14 16 15
"028_Group28" 28 19 13 6 13
"029_Group29" 13 17 20 14 7
"030_Group30" 32 23 18 18 7
"031_Group31" 19 11 7 9 12
"032_Group32" 1 15 19 8 7
"033_Group33" 6 3 18 15 7
"034_Group34" 5 15 7 3 12
"035_Group35" 3 11 0 20 10
"036_Group36" 8 11 13 17 3
"037_Group37" 5 11 13 9 4
"038_Group38" 10 9 0 1 0
"039_Group39" 7 24 11 27 19
"040_Group40" 24 11 23 19 10
"041_Group41" 19 18 11 12 14
"042_Group42" 19 20 11 10 27
"043_Group43" 18 15 13 18 13
"044_Group44" 17 13 8 10 17
"045_Group45" 14 23 17 7 14
"046_Group46" 10 15 2 12 9
"047_Group47" 13 9 9 4 6
"048_Group48" 38 20 8 15 7
"049_Group49" 9 12 21 13 13
"050_Group50" 20 18 12 17 19
"051_Group51" 12 9 12 11 8
"052_Group52" 10 21 20 15 9
"053_Group53" 6 8 14 14 7
"054_Group54" 17 10 12 25 11
"055_Group55" 10 10 17 13 14
"056_Group56" 31 25 20 13 18
"057_Group57" 25 22 13 6 18
"058_Group58" 15 14 13 11 6
"059_Group59" 14 10 9 12 13
"060_Group60" 10 17 8 3 12
"061_Group61" 28 28 13 13 21
"062_Group62" 15 5 6 18 7
"063_Group63" 39 18 19 23 6
"064_Group64" 8 14 17 4 18
"065_Group65" 6 19 12 18 19
"066_Group66" 4 4 6 8 9
"067_Group67" 6 11 14 12 5
"068_Group68" 3 1 21 12 3
"069_Group69" 3 24 2 5 5
"070_Group70" 7 0 1 2 0
"071_Group71" 2 5 5 3 7
"072_Group72" 27 25 12 21 5
"073_Group73" 25 12 21 16 13
"074_Group74" 5 17 13 8 10
"075_Group75" 12 37 19 16 13
"076_Group76" 12 10 3 10 7
"077_Group77" 23 26 21 24 42
"078_Group78" 12 17 21 19 15
"079_Group79" 13 22 14 8 6
"080_Group80" 38 27 12 10 14
"081_Group81" 22 20 21 14 10
"082_Group82" 31 21 22 31 4
"083_Group83" 16 13 14 9 13
"084_Group84" 11 12 10 9 10
"085_Group85" 23 9 11 17 9
"086_Group86" 15 17 15 13 13
"087_Group87" 19 15 16 13 10
"088_Group88" 15 18 10 7 14
"089_Group89" 15 19 0 7 10
"090_Group90" 9 17 26 12 10
"091_Group91" 27 14 10 15 11
"092_Group92" 0 1 7 0 7
"093_Group93" 19 12 9 13 6
"094_Group94" 12 21 10 7 12
"095_Group95" 23 13 9 19 8

"<<<<<< Group Activity: Number of wells/group >>>>>>"
Group/Time[m] 2 4 6 8 10
"000_Group0" 1 1 1 1 1
"001_Group1" 1 1 1 1 1
"002_Group2" 1 1 1 1 1
"003_Group3" 1 1 1 1 1
"004_Group4" 1 1 1 1 1
"005_Group5" 1 1 1 1 1
"006_Group6" 1 1 1 1 1
"007_Group7" 1 1 1 1 1
"008_Group8" 1 1 1 1 1
"009_Group9" 1 1 1 1 1
"010_Group10" 1 1 1 1 1
"011_Group11" 1 1 1 1 1
"012_Group12" 1 1 1 1 1
"013_Group13" 1 1 1 1 1
"014_Group14" 1 1 1 1 1
"015_Group15" 1 1 1 1 1
"016_Group16" 1 1 1 1 1
"017_Group17" 1 1 1 1 1
"018_Group18" 1 1 1 1 1
"019_Group19" 1 1 1 1 1
"020_Group20" 1 1 1 1 1
"021_Group21" 1 1 1 1 1
"022_Group22" 1 1 1 1 1
"023_Group23" 1 1 1 1 1
"024_Group24" 1 1 1 1 1
"025_Group25" 1 1 1 1 1
"026_Group26" 1 1 1 1 1
"027_Group27" 1 1 1 1 1
"028_Group28" 1 1 1 1 1
"029_Group29" 1 1 1 1 1
"030_Group30" 1 1 1 1 1
"031_Group31" 1 1 1 1 1
"032_Group32" 1 1 1 1 1
"033_Group33" 1 1 1 1 1
"034_Group34" 1 1 1 1 1
"035_Group35" 1 1 1 1 1
"036_Group36" 1 1 1 1 1
"037_Group37" 1 1 1 1 1
"038_Group38" 1 1 1 1 1
"039_Group39" 1 1 1 1 1
"040_Group40" 1 1 1 1 1
"041_Group41" 1 1 1 1 1
"042_Group42" 1 1 1 1 1
"043_Group43" 1 1 1 1 1
"044_Group44" 1 1 1 1 1
"045_Group45" 1 1 1 1 1
"046_Group46" 1 1 1 1 1
"047_Group47" 1 1 1 1 1
"048_Group48" 1 1 1 1 1
"049_Group49" 1 1 1 1 1
"050_Group50" 1 1 1 1 1
"051_Group51" 1 1 1 1 1
"052_Group52" 1 1 1 1 1
"053_Group53" 1 1 1 1 1
"054_Group54" 1 1 1 1 1
"055_Group55" 1 1 1 1 1
"056_Group56" 1 1 1 1 1
"057_Group57" 1 1 1 1 1
"058_Group58" 1 1 1 1 1
"059_Group59" 1 1 1 1 1
"060_Group60" 1 1 1 1 1
"061_Group61" 1 1 1 1 1
"062_Group62" 1 1 1 1 1
"063_Group63" 1 1 1 1 1
"064_Group64" 1 1 1 1 1
"065_Group65" 1 1 1 1 1
"066_Group66" 1 1 1 1 1
"067_Group67" 1 1 1 1 1
"068_Group68" 1 1 1 1 1
"069_Group69" 1 1 1 1 1
"070_Group70" 1 1 1 1 1
"071_Group71" 1 1 1 1 1
"072_Group72" 1 1 1 1 1
"073_Group73" 1 1 1 1 1
"074_Group74" 1 1 1 1 1
"075_Group75" 1 1 1 1 1
"076_Group76" 1 1 1 1 1
"077_Group77" 1 1 1 1 1
"078_Group78" 1 1 1 1 1
"079_Group79" 1 1 1 1 1
"080_Group80" 1 1 1 1 1
"081_Group81" 1 1 1 1 1
"082_Group82" 1 1 1 1 1
"083_Group83" 1 1 1 1 1
"084_Group84" 1 1 1 1 1
"085_Group85" 1 1 1 1 1
"086_Group86" 1 1 1 1 1
"087_Group87" 1 1 1 1 1
"088_Group88" 1 1 1 1 1
"089_Group89" 1 1 1 1 1
"090_Group90" 1 1 1 1 1
"091_Group91" 1 1 1 1 1
"092_Group92" 1 1 1 1 1
"093_Group93" 1 1 1 1 1
"094_Group94" 1 1 1 1 1
"095_Group95" 1 1 1 1 1

"<<<<<< Number of Samples per Acquisition Interval [1unit=500values] >>>>>>"
Time[m] 2 4 6 8 10 
#Samples 2 2 2 2 2 

"<<<<<< Average Temperature [°C] >>>>>>"
Time[m] 2 4 6 8 10 
Temp[°C] 21.1 21.1 21.1 21.1 21.0 

"<<<<<< Well Activity >>>>>>"
Well Group/Time[m] 2 4 6 8 10
A1 "000_Group0" 14 10 5 0 0
B1 "001_Group1" 14 13 1 6 4
C1 "002_Group2" 2 5 6 2 1
D1 "003_Group3" 6 6 7 8 0
E1 "004_Group4" 6 6 9 4 2
F1 "005_Group5" 6 0 3 9 8
G1 "006_Group6" 6 19 21 10 6
H1 "007_Group7" 3 2 10 10 0
A2 "008_Group8" 26 14 10 14 13
B2 "009_Group9" 26 13 15 18 14
C2 "010_Group10" 15 15 14 11 13
D2 "011_Group11" 11 16 17 9 13
E2 "012_Group12" 11 20 16 20 17
F2 "013_Group13" 8 14 13 7 9
G2 "014_Group14" 12 9 14 16 8
H2 "015_Group15" 15 21 6 8 11
A3 "016_Group16" 20 20 15 12 15
B3 "017_Group17" 19 16 14 12 16
C3 "018_Group18" 9 12 20 16 12
D3 "019_Group19" 14 16 19 12 11
E3 "020_Group20" 10 10 16 11 16
F3 "021_Group21" 3 25 12 9 10
G3 "022_Group22" 20 11 18 11 11
H3 "023_Group23" 13 15 12 12 8
A4 "024_Group24" 26 28 20 6 8
B4 "025_Group25" 12 11 7 7 10
C4 "026_Group26" 20 17 8 13 31
D4 "027_Group27" 11 26 14 16 15
E4 "028_Group28" 28 19 13 6 13
F4 "029_Group29" 13 17 20 14 7
G4 "030_Group30" 32 23 18 18 7
H4 "031_Group31" 19 11 7 9 12
A5 "032_Group32" 1 15 19 8 7
B5 "033_Group33" 6 3 18 15 7
C5 "034_Group34" 5 15 7 3 12
D5 "035_Group35" 3 11 0 20 10
E5 "036_Group36" 8 11 13 17 3
F5 "037_Group37" 5 11 13 9 4
G5 "038_Group38" 10 9 0 1 0
H5 "039_Group39" 7 24 11 27 19
A6 "040_Group40" 24 11 23 19 10
B6 "041_Group41" 19 18 11 12 14
C6 "042_Group42" 19 20 11 10 27
D6 "043_Group43" 18 15 13 18 13
E6 "044_Group44" 17 13 8 10 17
F6 "045_Group45" 14 23 17 7 14
G6 "046_Group46" 10 15 2 12 9
H6 "047_Group47" 13 9 9 4 6
A7 "048_Group48" 38 20 8 15 7
B7 "049_Group49" 9 12 21 13 13
C7 "050_Group50" 20 18 12 17 19
D7 "051_Group51" 12 9 12 11 8
E7 "052_Group52" 10 21 20 15 9
F7 "053_Group53" 6 8 14 14 7
G7 "054_Group54" 17 10 12 25 11
H7 "055_Group55" 10 10 17 13 14
A8 "056_Group56" 31 25 20 13 18
B8 "057_Group57" 25 22 13 6 18
C8 "058_Group58" 15 14 13 11 6
D8 "059_Group59" 14 10 9 12 13
E8 "060_Group60" 10 17 8 3 12
F8 "061_Group61" 28 28 13 13 21
G8 "062_Group62" 15 5 6 18 7
H8 "063_Group63" 39 18 19 23 6
A9 "064_Group64" 8 14 17 4 18
B9 "065_Group65" 6 19 12 18 19
C9 "066_Group66" 4 4 6 8 9
D9 "067_Group67" 6 11 14 12 5
E9 "068_Group68" 3 1 21 12 3
F9 "069_Group69" 3 24 2 5 5
G9 "070_Group70" 7 0 1 2 0
H9 "071_Group71" 2 5 5 3 7
A10 "072_Group72" 27 25 12 21 5
B10 "073_Group73" 25 12 21 16 13
C10 "074_Group74" 5 17 13 8 10
D10 "075_Group75" 12 37 19 16 13
E10 "076_Group76" 12 10 3 10 7
F10 "077_Group77" 23 26 21 24 42
G10 "078_Group78" 12 17 21 19 15
H10 "079_Group79" 13 22 14 8 6
A11 "080_Group80" 38 27 12 10 14
B11 "081_Group81" 22 20 21 14 10
C11 "082_Group82" 31 21 22 31 4
D11 "083_Group83" 16 13 14 9 13
E11 "084_Group84" 11 12 10 9 10
F11 "085_Group85" 23 9 11 17 9
G11 "086_Group86" 15 17 15 13 13
H11 "087_Group87" 19 15 16 13 10
A12 "088_Group88" 15 18 10 7 14
B12 "089_Group89" 15 19 0 7 10
C12 "090_Group90" 9 17 26 12 10
D12 "091_Group91" 27 14 10 15 11
E12 "092_Group92" 0 1 7 0 7
F12 "093_Group93" 19 12 9 13 6
G12 "094_Group94" 12 21 10 7 12
H12 "095_Group95" 23 13 9 19 8

"<<<<<< Channel Activity >>>>>>"
Channel Well Group/Time[m] 2 4 6 8 10
CH0 A1.0 "000_Group0" 14 10 5 0 0
CH2 B1.0 "001_Group1" 14 13 1 6 4
CH4 C1.0 "002_Group2" 2 5 6 2 1
CH6 D1.0 "003_Group3" 6 6 7 8 0
CH8 E1.0 "004_Group4" 6 6 9 4 2
CH10 F1.0 "005_Group5" 6 0 3 9 8
CH12 G1.0 "006_Group6" 6 19 21 10 6
CH14 H1.0 "007_Group7" 3 2 10 10 0
CH32 A2.0 "008_Group8" 26 14 10 14 13
CH34 B2.0 "009_Group9" 26 13 15 18 14
CH36 C2.0 "010_Group10" 15 15 14 11 13
CH38 D2.0 "011_Group11" 11 16 17 9 13
CH40 E2.0 "012_Group12" 11 20 16 20 17
CH42 F2.0 "013_Group13" 8 14 13 7 9
CH44 G2.0 "014_Group14" 12 9 14 16 8
CH46 H2.0 "015_Group15" 15 21 6 8 11
CH64 A3.0 "016_Group16" 20 20 15 12 15
CH66 B3.0 "017_Group17" 19 16 14 12 16
CH68 C3.0 "018_Group18" 9 12 20 16 12
CH70 D3.0 "019_Group19" 14 16 19 12 11
CH72 E3.0 "020_Group20" 10 10 16 11 16
CH74 F3.0 "021_Group21" 3 25 12 9 10
CH76 G3.0 "022_Group22" 20 11 18 11 11
CH78 H3.0 "023_Group23" 13 15 12 12 8
CH96 A4.0 "024_Group24" 26 28 20 6 8
CH98 B4.0 "025_Group25" 12 11 7 7 10
CH100 C4.0 "026_Group26" 20 17 8 13 31
CH102 D4.0 "027_Group27" 11 26 14 16 15
CH104 E4.0 "028_Group28" 28 19 13 6 13
CH106 F4.0 "029_Group29" 13 17 20 14 7
CH108 G4.0 "030_Group30" 32 23 18 18 7
CH110 H4.0 "031_Group31" 19 11 7 9 12
CH128 A5.0 "032_Group32" 1 15 19 8 7
CH130 B5.0 "033_Group33" 6 3 18 15 7
CH132 C5.0 "034_Group34" 5 15 7 3 12
CH134 D5.0 "035_Group35" 3 11 0 20 10
CH136 E5.0 "036_Group36" 8 11 13 17 3
CH138 F5.0 "037_Group37" 5 11 13 9 4
CH140 G5.0 "038_Group38" 10 9 0 1 0
CH142 H5.0 "039_Group39" 7 24 11 27 19
CH160 A6.0 "040_Group40" 24 11 23 19 10
CH162 B6.0 "041_Group41" 19 18 11 12 14
CH164 C6.0 "042_Group42" 19 20 11 10 27
CH166 D6.0 "043_Group43" 18 15 13 18 13
CH168 E6.0 "044_Group44" 17 13 8 10 17
CH170 F6.0 "045_Group45" 14 23 17 7 14
CH172 G6.0 "046_Group46" 10 15 2 12 9
CH174 H6.0 "047_Group47" 13 9 9 4 6
CH192 A7.0 "048_Group48" 38 20 8 15 7
CH194 B7.0 "049_Group49" 9 12 21 13 13
CH196 C7.0 "050_Group50" 20 18 12 17 19
CH198 D7.0 "051_Group51" 12 9 12 11 8
CH200 E7.0 "052_Group52" 10 21 20 15 9
CH202 F7.0 "053_Group53" 6 8 14 14 7
CH204 G7.0 "054_Group54" 17 10 12 25 11
CH206 H7.0 "055_Group55" 10 10 17 13 14
CH224 A8.0 "056_Group56" 31 25 20 13 18
CH226 B8.0 "057_Group57" 25 22 13 6 18
CH228 C8.0 "058_Group58" 15 14 13 11 6
CH230 D8.0 "059_Group59" 14 10 9 12 13
CH232 E8.0 "060_Group60" 10 17 8 3 12
CH234 F8.0 "061_Group61" 28 28 13 13 21
CH236 G8.0 "062_Group62" 15 5 6 18 7
CH238 H8.0 "063_Group63" 39 18 19 23 6
CH256 A9.0 "064_Group64" 8 14 17 4 18
CH258 B9.0 "065_Group65" 6 19 12 18 19
CH260 C9.0 "066_Group66" 4 4 6 8 9
CH262 D9.0 "067_Group67" 6 11 14 12 5
CH264 E9.0 "068_Group68" 3 1 21 12 3
CH266 F9.0 "069_Group69" 3 24 2 5 5
CH268 G9.0 "070_Group70" 7 0 1 2 0
CH270 H9.0 "071_Group71" 2 5 5 3 7
CH288 A10.0 "072_Group72" 27 25 12 21 5
CH290 B10.0 "073_Group73" 25 12 21 16 13
CH292 C10.0 "074_Group74" 5 17 13 8 10
CH294 D10.0 "075_Group75" 12 37 19 16 13
CH296 E10.0 "076_Group76" 12 10 3 10 7
CH298 F10.0 "077_Group77" 23 26 21 24 42
CH300 G10.0 "078_Group78" 12 17 21 19 15
CH302 H10.0 "079_Group79" 13 22 14 8 6
CH320 A11.0 "080_Group80" 38 27 12 10 14
CH322 B11.0 "081_Group81" 22 20 21 14 10
CH324 C11.0 "082_Group82" 31 21 22 31 4
CH326 D11.0 "083_Group83" 16 13 14 9 13
CH328 E11.0 "084_Group84" 11 12 10 9 10
CH330 F11.0 "085_Group85" 23 9 11 17 9
CH332 G11.0 "086_Group86" 15 17 15 13 13
CH334 H11.0 "087_Group87" 19 15 16 13 10
CH352 A12.0 "088_Group88" 15 18 10 7 14
CH354 B12.0 "089_Group89" 15 19 0 7 10
CH356 C12.0 "090_Group90" 9 17 26 12 10
CH358 D12.0 "091_Group91" 27 14 10 15 11
CH360 E12.0 "092_Group92" 0 1 7 0 7
CH362 F12.0 "093_Group93" 19 12 9 13 6
CH364 G12.0 "094_Group94" 12 21 10 7 12
CH366 H12.0 "095_Group95" 23 13 9 19 8
