"DATE:" "2/28/2015 9:34:02 AM"
"FILE:" "C:\Users\AndersenLab\Desktop\wmicrotracker\p00011\20150228_0922"
"SUBPROJECT:" "20150228_Longevity_5_daf3"

"<<<<<< Group Activity: Average Activity Counts per Data Interval>>>>>>"
Group/Time[m] 2 4 6 8 10
"000_Group0" 2 0 14 3 7
"001_Group1" 1 4 2 8 2
"002_Group2" 1 9 4 5 4
"003_Group3" 8 11 9 11 18
"004_Group4" 0 1 7 9 2
"005_Group5" 7 1 9 6 4
"006_Group6" 4 19 13 9 6
"007_Group7" 8 13 9 13 8
"008_Group8" 4 0 3 5 3
"009_Group9" 6 6 1 5 7
"010_Group10" 6 10 9 6 3
"011_Group11" 10 8 24 4 8
"012_Group12" 15 29 3 2 10
"013_Group13" 0 0 0 0 0
"014_Group14" 11 11 11 7 7
"015_Group15" 8 5 5 2 3
"016_Group16" 5 19 6 4 5
"017_Group17" 3 1 0 1 0
"018_Group18" 1 2 1 1 0
"019_Group19" 7 12 6 1 2
"020_Group20" 10 2 18 6 5
"021_Group21" 13 2 3 17 1
"022_Group22" 30 3 7 14 10
"023_Group23" 5 6 10 4 7
"024_Group24" 11 10 9 15 0
"025_Group25" 0 1 2 1 0
"026_Group26" 8 2 5 5 4
"027_Group27" 15 5 14 11 9
"028_Group28" 7 7 3 11 4
"029_Group29" 13 13 9 6 4
"030_Group30" 6 12 7 7 8
"031_Group31" 4 3 7 3 0
"032_Group32" 18 5 11 19 12
"033_Group33" 5 2 5 7 9
"034_Group34" 3 1 5 6 5
"035_Group35" 1 14 0 3 7
"036_Group36" 5 11 15 20 14
"037_Group37" 3 2 7 0 0
"038_Group38" 0 1 3 10 4
"039_Group39" 12 14 21 11 15
"040_Group40" 7 7 10 4 6
"041_Group41" 2 2 2 0 2
"042_Group42" 7 10 4 9 1
"043_Group43" 0 0 1 1 0
"044_Group44" 7 12 10 5 5
"045_Group45" 1 0 2 2 0
"046_Group46" 12 6 4 9 6
"047_Group47" 7 9 7 4 5
"048_Group48" 10 22 5 5 6
"049_Group49" 10 10 17 10 3
"050_Group50" 19 27 10 7 6
"051_Group51" 5 16 7 2 6
"052_Group52" 6 8 7 5 8
"053_Group53" 1 0 0 0 0
"054_Group54" 6 3 3 2 14
"055_Group55" 0 0 2 1 0
"056_Group56" 4 1 14 5 0
"057_Group57" 7 13 5 4 6
"058_Group58" 23 15 19 4 1
"059_Group59" 5 2 12 0 6
"060_Group60" 4 10 16 1 9
"061_Group61" 8 9 9 17 8
"062_Group62" 7 4 5 11 12
"063_Group63" 7 7 1 3 0
"064_Group64" 0 3 11 14 10
"065_Group65" 6 1 4 3 6
"066_Group66" 0 1 5 2 0
"067_Group67" 3 0 1 1 0
"068_Group68" 0 7 9 8 4
"069_Group69" 2 8 4 0 0
"070_Group70" 10 12 23 26 8
"071_Group71" 6 13 9 14 17
"072_Group72" 18 17 7 14 7
"073_Group73" 11 2 6 9 4
"074_Group74" 19 18 8 9 11
"075_Group75" 9 7 9 16 4
"076_Group76" 10 4 5 11 5
"077_Group77" 7 10 7 2 6
"078_Group78" 19 12 18 4 3
"079_Group79" 8 10 6 11 3
"080_Group80" 13 6 10 8 8
"081_Group81" 7 7 1 1 9
"082_Group82" 10 10 7 12 5
"083_Group83" 8 2 7 1 1
"084_Group84" 14 3 12 5 1
"085_Group85" 13 9 6 1 4
"086_Group86" 15 6 6 5 5
"087_Group87" 10 7 6 2 2
"088_Group88" 3 9 0 3 10
"089_Group89" 5 2 9 3 0
"090_Group90" 0 9 5 0 5
"091_Group91" 3 3 0 2 0
"092_Group92" 3 10 7 11 5
"093_Group93" 10 5 0 2 0
"094_Group94" 1 0 2 7 2
"095_Group95" 17 8 18 4 12

"<<<<<< Group Activity: Number of wells/group >>>>>>"
Group/Time[m] 2 4 6 8 10
"000_Group0" 1 1 1 1 1
"001_Group1" 1 1 1 1 1
"002_Group2" 1 1 1 1 1
"003_Group3" 1 1 1 1 1
"004_Group4" 1 1 1 1 1
"005_Group5" 1 1 1 1 1
"006_Group6" 1 1 1 1 1
"007_Group7" 1 1 1 1 1
"008_Group8" 1 1 1 1 1
"009_Group9" 1 1 1 1 1
"010_Group10" 1 1 1 1 1
"011_Group11" 1 1 1 1 1
"012_Group12" 1 1 1 1 1
"013_Group13" 1 1 1 1 1
"014_Group14" 1 1 1 1 1
"015_Group15" 1 1 1 1 1
"016_Group16" 1 1 1 1 1
"017_Group17" 1 1 1 1 1
"018_Group18" 1 1 1 1 1
"019_Group19" 1 1 1 1 1
"020_Group20" 1 1 1 1 1
"021_Group21" 1 1 1 1 1
"022_Group22" 1 1 1 1 1
"023_Group23" 1 1 1 1 1
"024_Group24" 1 1 1 1 1
"025_Group25" 1 1 1 1 1
"026_Group26" 1 1 1 1 1
"027_Group27" 1 1 1 1 1
"028_Group28" 1 1 1 1 1
"029_Group29" 1 1 1 1 1
"030_Group30" 1 1 1 1 1
"031_Group31" 1 1 1 1 1
"032_Group32" 1 1 1 1 1
"033_Group33" 1 1 1 1 1
"034_Group34" 1 1 1 1 1
"035_Group35" 1 1 1 1 1
"036_Group36" 1 1 1 1 1
"037_Group37" 1 1 1 1 1
"038_Group38" 1 1 1 1 1
"039_Group39" 1 1 1 1 1
"040_Group40" 1 1 1 1 1
"041_Group41" 1 1 1 1 1
"042_Group42" 1 1 1 1 1
"043_Group43" 1 1 1 1 1
"044_Group44" 1 1 1 1 1
"045_Group45" 1 1 1 1 1
"046_Group46" 1 1 1 1 1
"047_Group47" 1 1 1 1 1
"048_Group48" 1 1 1 1 1
"049_Group49" 1 1 1 1 1
"050_Group50" 1 1 1 1 1
"051_Group51" 1 1 1 1 1
"052_Group52" 1 1 1 1 1
"053_Group53" 1 1 1 1 1
"054_Group54" 1 1 1 1 1
"055_Group55" 1 1 1 1 1
"056_Group56" 1 1 1 1 1
"057_Group57" 1 1 1 1 1
"058_Group58" 1 1 1 1 1
"059_Group59" 1 1 1 1 1
"060_Group60" 1 1 1 1 1
"061_Group61" 1 1 1 1 1
"062_Group62" 1 1 1 1 1
"063_Group63" 1 1 1 1 1
"064_Group64" 1 1 1 1 1
"065_Group65" 1 1 1 1 1
"066_Group66" 1 1 1 1 1
"067_Group67" 1 1 1 1 1
"068_Group68" 1 1 1 1 1
"069_Group69" 1 1 1 1 1
"070_Group70" 1 1 1 1 1
"071_Group71" 1 1 1 1 1
"072_Group72" 1 1 1 1 1
"073_Group73" 1 1 1 1 1
"074_Group74" 1 1 1 1 1
"075_Group75" 1 1 1 1 1
"076_Group76" 1 1 1 1 1
"077_Group77" 1 1 1 1 1
"078_Group78" 1 1 1 1 1
"079_Group79" 1 1 1 1 1
"080_Group80" 1 1 1 1 1
"081_Group81" 1 1 1 1 1
"082_Group82" 1 1 1 1 1
"083_Group83" 1 1 1 1 1
"084_Group84" 1 1 1 1 1
"085_Group85" 1 1 1 1 1
"086_Group86" 1 1 1 1 1
"087_Group87" 1 1 1 1 1
"088_Group88" 1 1 1 1 1
"089_Group89" 1 1 1 1 1
"090_Group90" 1 1 1 1 1
"091_Group91" 1 1 1 1 1
"092_Group92" 1 1 1 1 1
"093_Group93" 1 1 1 1 1
"094_Group94" 1 1 1 1 1
"095_Group95" 1 1 1 1 1

"<<<<<< Number of Samples per Acquisition Interval [1unit=500values] >>>>>>"
Time[m] 2 4 6 8 10 
#Samples 2 2 2 2 2 

"<<<<<< Average Temperature [°C] >>>>>>"
Time[m] 2 4 6 8 10 
Temp[°C] 21.6 21.6 21.6 21.6 21.7 

"<<<<<< Well Activity >>>>>>"
Well Group/Time[m] 2 4 6 8 10
A1 "000_Group0" 2 0 14 3 7
B1 "001_Group1" 1 4 2 8 2
C1 "002_Group2" 1 9 4 5 4
D1 "003_Group3" 8 11 9 11 18
E1 "004_Group4" 0 1 7 9 2
F1 "005_Group5" 7 1 9 6 4
G1 "006_Group6" 4 19 13 9 6
H1 "007_Group7" 8 13 9 13 8
A2 "008_Group8" 4 0 3 5 3
B2 "009_Group9" 6 6 1 5 7
C2 "010_Group10" 6 10 9 6 3
D2 "011_Group11" 10 8 24 4 8
E2 "012_Group12" 15 29 3 2 10
F2 "013_Group13" 0 0 0 0 0
G2 "014_Group14" 11 11 11 7 7
H2 "015_Group15" 8 5 5 2 3
A3 "016_Group16" 5 19 6 4 5
B3 "017_Group17" 3 1 0 1 0
C3 "018_Group18" 1 2 1 1 0
D3 "019_Group19" 7 12 6 1 2
E3 "020_Group20" 10 2 18 6 5
F3 "021_Group21" 13 2 3 17 1
G3 "022_Group22" 30 3 7 14 10
H3 "023_Group23" 5 6 10 4 7
A4 "024_Group24" 11 10 9 15 0
B4 "025_Group25" 0 1 2 1 0
C4 "026_Group26" 8 2 5 5 4
D4 "027_Group27" 15 5 14 11 9
E4 "028_Group28" 7 7 3 11 4
F4 "029_Group29" 13 13 9 6 4
G4 "030_Group30" 6 12 7 7 8
H4 "031_Group31" 4 3 7 3 0
A5 "032_Group32" 18 5 11 19 12
B5 "033_Group33" 5 2 5 7 9
C5 "034_Group34" 3 1 5 6 5
D5 "035_Group35" 1 14 0 3 7
E5 "036_Group36" 5 11 15 20 14
F5 "037_Group37" 3 2 7 0 0
G5 "038_Group38" 0 1 3 10 4
H5 "039_Group39" 12 14 21 11 15
A6 "040_Group40" 7 7 10 4 6
B6 "041_Group41" 2 2 2 0 2
C6 "042_Group42" 7 10 4 9 1
D6 "043_Group43" 0 0 1 1 0
E6 "044_Group44" 7 12 10 5 5
F6 "045_Group45" 1 0 2 2 0
G6 "046_Group46" 12 6 4 9 6
H6 "047_Group47" 7 9 7 4 5
A7 "048_Group48" 10 22 5 5 6
B7 "049_Group49" 10 10 17 10 3
C7 "050_Group50" 19 27 10 7 6
D7 "051_Group51" 5 16 7 2 6
E7 "052_Group52" 6 8 7 5 8
F7 "053_Group53" 1 0 0 0 0
G7 "054_Group54" 6 3 3 2 14
H7 "055_Group55" 0 0 2 1 0
A8 "056_Group56" 4 1 14 5 0
B8 "057_Group57" 7 13 5 4 6
C8 "058_Group58" 23 15 19 4 1
D8 "059_Group59" 5 2 12 0 6
E8 "060_Group60" 4 10 16 1 9
F8 "061_Group61" 8 9 9 17 8
G8 "062_Group62" 7 4 5 11 12
H8 "063_Group63" 7 7 1 3 0
A9 "064_Group64" 0 3 11 14 10
B9 "065_Group65" 6 1 4 3 6
C9 "066_Group66" 0 1 5 2 0
D9 "067_Group67" 3 0 1 1 0
E9 "068_Group68" 0 7 9 8 4
F9 "069_Group69" 2 8 4 0 0
G9 "070_Group70" 10 12 23 26 8
H9 "071_Group71" 6 13 9 14 17
A10 "072_Group72" 18 17 7 14 7
B10 "073_Group73" 11 2 6 9 4
C10 "074_Group74" 19 18 8 9 11
D10 "075_Group75" 9 7 9 16 4
E10 "076_Group76" 10 4 5 11 5
F10 "077_Group77" 7 10 7 2 6
G10 "078_Group78" 19 12 18 4 3
H10 "079_Group79" 8 10 6 11 3
A11 "080_Group80" 13 6 10 8 8
B11 "081_Group81" 7 7 1 1 9
C11 "082_Group82" 10 10 7 12 5
D11 "083_Group83" 8 2 7 1 1
E11 "084_Group84" 14 3 12 5 1
F11 "085_Group85" 13 9 6 1 4
G11 "086_Group86" 15 6 6 5 5
H11 "087_Group87" 10 7 6 2 2
A12 "088_Group88" 3 9 0 3 10
B12 "089_Group89" 5 2 9 3 0
C12 "090_Group90" 0 9 5 0 5
D12 "091_Group91" 3 3 0 2 0
E12 "092_Group92" 3 10 7 11 5
F12 "093_Group93" 10 5 0 2 0
G12 "094_Group94" 1 0 2 7 2
H12 "095_Group95" 17 8 18 4 12

"<<<<<< Channel Activity >>>>>>"
Channel Well Group/Time[m] 2 4 6 8 10
CH0 A1.0 "000_Group0" 2 0 14 3 7
CH2 B1.0 "001_Group1" 1 4 2 8 2
CH4 C1.0 "002_Group2" 1 9 4 5 4
CH6 D1.0 "003_Group3" 8 11 9 11 18
CH8 E1.0 "004_Group4" 0 1 7 9 2
CH10 F1.0 "005_Group5" 7 1 9 6 4
CH12 G1.0 "006_Group6" 4 19 13 9 6
CH14 H1.0 "007_Group7" 8 13 9 13 8
CH32 A2.0 "008_Group8" 4 0 3 5 3
CH34 B2.0 "009_Group9" 6 6 1 5 7
CH36 C2.0 "010_Group10" 6 10 9 6 3
CH38 D2.0 "011_Group11" 10 8 24 4 8
CH40 E2.0 "012_Group12" 15 29 3 2 10
CH42 F2.0 "013_Group13" 0 0 0 0 0
CH44 G2.0 "014_Group14" 11 11 11 7 7
CH46 H2.0 "015_Group15" 8 5 5 2 3
CH64 A3.0 "016_Group16" 5 19 6 4 5
CH66 B3.0 "017_Group17" 3 1 0 1 0
CH68 C3.0 "018_Group18" 1 2 1 1 0
CH70 D3.0 "019_Group19" 7 12 6 1 2
CH72 E3.0 "020_Group20" 10 2 18 6 5
CH74 F3.0 "021_Group21" 13 2 3 17 1
CH76 G3.0 "022_Group22" 30 3 7 14 10
CH78 H3.0 "023_Group23" 5 6 10 4 7
CH96 A4.0 "024_Group24" 11 10 9 15 0
CH98 B4.0 "025_Group25" 0 1 2 1 0
CH100 C4.0 "026_Group26" 8 2 5 5 4
CH102 D4.0 "027_Group27" 15 5 14 11 9
CH104 E4.0 "028_Group28" 7 7 3 11 4
CH106 F4.0 "029_Group29" 13 13 9 6 4
CH108 G4.0 "030_Group30" 6 12 7 7 8
CH110 H4.0 "031_Group31" 4 3 7 3 0
CH128 A5.0 "032_Group32" 18 5 11 19 12
CH130 B5.0 "033_Group33" 5 2 5 7 9
CH132 C5.0 "034_Group34" 3 1 5 6 5
CH134 D5.0 "035_Group35" 1 14 0 3 7
CH136 E5.0 "036_Group36" 5 11 15 20 14
CH138 F5.0 "037_Group37" 3 2 7 0 0
CH140 G5.0 "038_Group38" 0 1 3 10 4
CH142 H5.0 "039_Group39" 12 14 21 11 15
CH160 A6.0 "040_Group40" 7 7 10 4 6
CH162 B6.0 "041_Group41" 2 2 2 0 2
CH164 C6.0 "042_Group42" 7 10 4 9 1
CH166 D6.0 "043_Group43" 0 0 1 1 0
CH168 E6.0 "044_Group44" 7 12 10 5 5
CH170 F6.0 "045_Group45" 1 0 2 2 0
CH172 G6.0 "046_Group46" 12 6 4 9 6
CH174 H6.0 "047_Group47" 7 9 7 4 5
CH192 A7.0 "048_Group48" 10 22 5 5 6
CH194 B7.0 "049_Group49" 10 10 17 10 3
CH196 C7.0 "050_Group50" 19 27 10 7 6
CH198 D7.0 "051_Group51" 5 16 7 2 6
CH200 E7.0 "052_Group52" 6 8 7 5 8
CH202 F7.0 "053_Group53" 1 0 0 0 0
CH204 G7.0 "054_Group54" 6 3 3 2 14
CH206 H7.0 "055_Group55" 0 0 2 1 0
CH224 A8.0 "056_Group56" 4 1 14 5 0
CH226 B8.0 "057_Group57" 7 13 5 4 6
CH228 C8.0 "058_Group58" 23 15 19 4 1
CH230 D8.0 "059_Group59" 5 2 12 0 6
CH232 E8.0 "060_Group60" 4 10 16 1 9
CH234 F8.0 "061_Group61" 8 9 9 17 8
CH236 G8.0 "062_Group62" 7 4 5 11 12
CH238 H8.0 "063_Group63" 7 7 1 3 0
CH256 A9.0 "064_Group64" 0 3 11 14 10
CH258 B9.0 "065_Group65" 6 1 4 3 6
CH260 C9.0 "066_Group66" 0 1 5 2 0
CH262 D9.0 "067_Group67" 3 0 1 1 0
CH264 E9.0 "068_Group68" 0 7 9 8 4
CH266 F9.0 "069_Group69" 2 8 4 0 0
CH268 G9.0 "070_Group70" 10 12 23 26 8
CH270 H9.0 "071_Group71" 6 13 9 14 17
CH288 A10.0 "072_Group72" 18 17 7 14 7
CH290 B10.0 "073_Group73" 11 2 6 9 4
CH292 C10.0 "074_Group74" 19 18 8 9 11
CH294 D10.0 "075_Group75" 9 7 9 16 4
CH296 E10.0 "076_Group76" 10 4 5 11 5
CH298 F10.0 "077_Group77" 7 10 7 2 6
CH300 G10.0 "078_Group78" 19 12 18 4 3
CH302 H10.0 "079_Group79" 8 10 6 11 3
CH320 A11.0 "080_Group80" 13 6 10 8 8
CH322 B11.0 "081_Group81" 7 7 1 1 9
CH324 C11.0 "082_Group82" 10 10 7 12 5
CH326 D11.0 "083_Group83" 8 2 7 1 1
CH328 E11.0 "084_Group84" 14 3 12 5 1
CH330 F11.0 "085_Group85" 13 9 6 1 4
CH332 G11.0 "086_Group86" 15 6 6 5 5
CH334 H11.0 "087_Group87" 10 7 6 2 2
CH352 A12.0 "088_Group88" 3 9 0 3 10
CH354 B12.0 "089_Group89" 5 2 9 3 0
CH356 C12.0 "090_Group90" 0 9 5 0 5
CH358 D12.0 "091_Group91" 3 3 0 2 0
CH360 E12.0 "092_Group92" 3 10 7 11 5
CH362 F12.0 "093_Group93" 10 5 0 2 0
CH364 G12.0 "094_Group94" 1 0 2 7 2
CH366 H12.0 "095_Group95" 17 8 18 4 12
