"DATE:" "2/27/2015 9:24:04 AM"
"FILE:" "C:\Users\AndersenLab\Desktop\wmicrotracker\p00011\20150227_0910"
"SUBPROJECT:" "20150227_Longevity_5_daf3"

"<<<<<< Group Activity: Average Activity Counts per Data Interval>>>>>>"
Group/Time[m] 2 4 6 8 10
"000_Group0" 7 6 7 3 3
"001_Group1" 5 2 2 14 3
"002_Group2" 0 8 4 7 4
"003_Group3" 0 7 11 7 3
"004_Group4" 4 4 6 15 9
"005_Group5" 4 2 7 20 17
"006_Group6" 7 11 12 12 14
"007_Group7" 10 6 4 3 3
"008_Group8" 11 4 12 7 7
"009_Group9" 12 6 9 10 7
"010_Group10" 17 10 16 14 9
"011_Group11" 9 15 8 10 3
"012_Group12" 5 9 2 5 12
"013_Group13" 1 4 0 1 2
"014_Group14" 16 3 7 9 9
"015_Group15" 8 7 7 3 11
"016_Group16" 8 9 11 5 3
"017_Group17" 4 4 2 2 2
"018_Group18" 6 4 5 3 3
"019_Group19" 15 11 13 10 7
"020_Group20" 17 11 5 6 11
"021_Group21" 0 0 0 1 2
"022_Group22" 3 11 5 2 5
"023_Group23" 12 5 8 3 5
"024_Group24" 19 12 15 21 10
"025_Group25" 14 7 11 9 11
"026_Group26" 34 18 8 13 6
"027_Group27" 13 16 9 5 7
"028_Group28" 9 28 16 13 9
"029_Group29" 13 10 7 9 8
"030_Group30" 13 12 8 9 5
"031_Group31" 21 17 4 7 11
"032_Group32" 2 20 15 9 13
"033_Group33" 0 0 16 7 7
"034_Group34" 3 1 15 8 10
"035_Group35" 1 16 0 7 15
"036_Group36" 1 6 11 7 13
"037_Group37" 14 15 8 6 5
"038_Group38" 14 5 7 5 3
"039_Group39" 7 3 10 3 6
"040_Group40" 13 8 17 2 5
"041_Group41" 1 0 0 1 0
"042_Group42" 13 6 12 6 5
"043_Group43" 16 12 9 9 5
"044_Group44" 6 15 7 12 13
"045_Group45" 14 11 8 10 14
"046_Group46" 10 7 17 8 6
"047_Group47" 14 6 17 4 6
"048_Group48" 21 18 20 22 13
"049_Group49" 28 17 17 14 22
"050_Group50" 14 18 13 9 9
"051_Group51" 6 4 22 9 11
"052_Group52" 19 13 16 12 15
"053_Group53" 8 7 11 12 8
"054_Group54" 16 4 10 3 8
"055_Group55" 11 14 9 8 13
"056_Group56" 3 9 7 12 10
"057_Group57" 30 11 21 21 11
"058_Group58" 28 24 21 22 9
"059_Group59" 10 13 18 11 12
"060_Group60" 10 13 11 14 8
"061_Group61" 16 10 22 12 7
"062_Group62" 24 6 5 8 8
"063_Group63" 15 6 11 5 10
"064_Group64" 0 0 2 12 8
"065_Group65" 3 18 3 15 10
"066_Group66" 0 4 12 12 14
"067_Group67" 3 0 0 5 1
"068_Group68" 0 6 4 6 3
"069_Group69" 0 2 2 0 3
"070_Group70" 8 19 12 5 12
"071_Group71" 6 10 5 10 14
"072_Group72" 24 17 5 16 6
"073_Group73" 28 17 18 9 16
"074_Group74" 23 18 12 13 22
"075_Group75" 12 14 16 16 18
"076_Group76" 12 26 10 13 5
"077_Group77" 21 14 9 14 8
"078_Group78" 28 17 9 13 9
"079_Group79" 8 17 15 15 8
"080_Group80" 11 14 17 14 10
"081_Group81" 11 8 9 3 8
"082_Group82" 22 10 7 1 7
"083_Group83" 22 12 11 16 9
"084_Group84" 11 4 11 10 10
"085_Group85" 22 14 9 1 7
"086_Group86" 16 9 5 8 4
"087_Group87" 14 11 3 7 13
"088_Group88" 3 2 1 1 0
"089_Group89" 9 11 6 5 16
"090_Group90" 2 0 9 3 5
"091_Group91" 12 3 17 8 3
"092_Group92" 8 4 11 9 5
"093_Group93" 9 2 3 8 7
"094_Group94" 6 12 1 15 4
"095_Group95" 5 5 3 8 9

"<<<<<< Group Activity: Number of wells/group >>>>>>"
Group/Time[m] 2 4 6 8 10
"000_Group0" 1 1 1 1 1
"001_Group1" 1 1 1 1 1
"002_Group2" 1 1 1 1 1
"003_Group3" 1 1 1 1 1
"004_Group4" 1 1 1 1 1
"005_Group5" 1 1 1 1 1
"006_Group6" 1 1 1 1 1
"007_Group7" 1 1 1 1 1
"008_Group8" 1 1 1 1 1
"009_Group9" 1 1 1 1 1
"010_Group10" 1 1 1 1 1
"011_Group11" 1 1 1 1 1
"012_Group12" 1 1 1 1 1
"013_Group13" 1 1 1 1 1
"014_Group14" 1 1 1 1 1
"015_Group15" 1 1 1 1 1
"016_Group16" 1 1 1 1 1
"017_Group17" 1 1 1 1 1
"018_Group18" 1 1 1 1 1
"019_Group19" 1 1 1 1 1
"020_Group20" 1 1 1 1 1
"021_Group21" 1 1 1 1 1
"022_Group22" 1 1 1 1 1
"023_Group23" 1 1 1 1 1
"024_Group24" 1 1 1 1 1
"025_Group25" 1 1 1 1 1
"026_Group26" 1 1 1 1 1
"027_Group27" 1 1 1 1 1
"028_Group28" 1 1 1 1 1
"029_Group29" 1 1 1 1 1
"030_Group30" 1 1 1 1 1
"031_Group31" 1 1 1 1 1
"032_Group32" 1 1 1 1 1
"033_Group33" 1 1 1 1 1
"034_Group34" 1 1 1 1 1
"035_Group35" 1 1 1 1 1
"036_Group36" 1 1 1 1 1
"037_Group37" 1 1 1 1 1
"038_Group38" 1 1 1 1 1
"039_Group39" 1 1 1 1 1
"040_Group40" 1 1 1 1 1
"041_Group41" 1 1 1 1 1
"042_Group42" 1 1 1 1 1
"043_Group43" 1 1 1 1 1
"044_Group44" 1 1 1 1 1
"045_Group45" 1 1 1 1 1
"046_Group46" 1 1 1 1 1
"047_Group47" 1 1 1 1 1
"048_Group48" 1 1 1 1 1
"049_Group49" 1 1 1 1 1
"050_Group50" 1 1 1 1 1
"051_Group51" 1 1 1 1 1
"052_Group52" 1 1 1 1 1
"053_Group53" 1 1 1 1 1
"054_Group54" 1 1 1 1 1
"055_Group55" 1 1 1 1 1
"056_Group56" 1 1 1 1 1
"057_Group57" 1 1 1 1 1
"058_Group58" 1 1 1 1 1
"059_Group59" 1 1 1 1 1
"060_Group60" 1 1 1 1 1
"061_Group61" 1 1 1 1 1
"062_Group62" 1 1 1 1 1
"063_Group63" 1 1 1 1 1
"064_Group64" 1 1 1 1 1
"065_Group65" 1 1 1 1 1
"066_Group66" 1 1 1 1 1
"067_Group67" 1 1 1 1 1
"068_Group68" 1 1 1 1 1
"069_Group69" 1 1 1 1 1
"070_Group70" 1 1 1 1 1
"071_Group71" 1 1 1 1 1
"072_Group72" 1 1 1 1 1
"073_Group73" 1 1 1 1 1
"074_Group74" 1 1 1 1 1
"075_Group75" 1 1 1 1 1
"076_Group76" 1 1 1 1 1
"077_Group77" 1 1 1 1 1
"078_Group78" 1 1 1 1 1
"079_Group79" 1 1 1 1 1
"080_Group80" 1 1 1 1 1
"081_Group81" 1 1 1 1 1
"082_Group82" 1 1 1 1 1
"083_Group83" 1 1 1 1 1
"084_Group84" 1 1 1 1 1
"085_Group85" 1 1 1 1 1
"086_Group86" 1 1 1 1 1
"087_Group87" 1 1 1 1 1
"088_Group88" 1 1 1 1 1
"089_Group89" 1 1 1 1 1
"090_Group90" 1 1 1 1 1
"091_Group91" 1 1 1 1 1
"092_Group92" 1 1 1 1 1
"093_Group93" 1 1 1 1 1
"094_Group94" 1 1 1 1 1
"095_Group95" 1 1 1 1 1

"<<<<<< Number of Samples per Acquisition Interval [1unit=500values] >>>>>>"
Time[m] 2 4 6 8 10 
#Samples 2 2 2 2 2 

"<<<<<< Average Temperature [°C] >>>>>>"
Time[m] 2 4 6 8 10 
Temp[°C] 20.9 20.9 20.9 20.9 20.9 

"<<<<<< Well Activity >>>>>>"
Well Group/Time[m] 2 4 6 8 10
A1 "000_Group0" 7 6 7 3 3
B1 "001_Group1" 5 2 2 14 3
C1 "002_Group2" 0 8 4 7 4
D1 "003_Group3" 0 7 11 7 3
E1 "004_Group4" 4 4 6 15 9
F1 "005_Group5" 4 2 7 20 17
G1 "006_Group6" 7 11 12 12 14
H1 "007_Group7" 10 6 4 3 3
A2 "008_Group8" 11 4 12 7 7
B2 "009_Group9" 12 6 9 10 7
C2 "010_Group10" 17 10 16 14 9
D2 "011_Group11" 9 15 8 10 3
E2 "012_Group12" 5 9 2 5 12
F2 "013_Group13" 1 4 0 1 2
G2 "014_Group14" 16 3 7 9 9
H2 "015_Group15" 8 7 7 3 11
A3 "016_Group16" 8 9 11 5 3
B3 "017_Group17" 4 4 2 2 2
C3 "018_Group18" 6 4 5 3 3
D3 "019_Group19" 15 11 13 10 7
E3 "020_Group20" 17 11 5 6 11
F3 "021_Group21" 0 0 0 1 2
G3 "022_Group22" 3 11 5 2 5
H3 "023_Group23" 12 5 8 3 5
A4 "024_Group24" 19 12 15 21 10
B4 "025_Group25" 14 7 11 9 11
C4 "026_Group26" 34 18 8 13 6
D4 "027_Group27" 13 16 9 5 7
E4 "028_Group28" 9 28 16 13 9
F4 "029_Group29" 13 10 7 9 8
G4 "030_Group30" 13 12 8 9 5
H4 "031_Group31" 21 17 4 7 11
A5 "032_Group32" 2 20 15 9 13
B5 "033_Group33" 0 0 16 7 7
C5 "034_Group34" 3 1 15 8 10
D5 "035_Group35" 1 16 0 7 15
E5 "036_Group36" 1 6 11 7 13
F5 "037_Group37" 14 15 8 6 5
G5 "038_Group38" 14 5 7 5 3
H5 "039_Group39" 7 3 10 3 6
A6 "040_Group40" 13 8 17 2 5
B6 "041_Group41" 1 0 0 1 0
C6 "042_Group42" 13 6 12 6 5
D6 "043_Group43" 16 12 9 9 5
E6 "044_Group44" 6 15 7 12 13
F6 "045_Group45" 14 11 8 10 14
G6 "046_Group46" 10 7 17 8 6
H6 "047_Group47" 14 6 17 4 6
A7 "048_Group48" 21 18 20 22 13
B7 "049_Group49" 28 17 17 14 22
C7 "050_Group50" 14 18 13 9 9
D7 "051_Group51" 6 4 22 9 11
E7 "052_Group52" 19 13 16 12 15
F7 "053_Group53" 8 7 11 12 8
G7 "054_Group54" 16 4 10 3 8
H7 "055_Group55" 11 14 9 8 13
A8 "056_Group56" 3 9 7 12 10
B8 "057_Group57" 30 11 21 21 11
C8 "058_Group58" 28 24 21 22 9
D8 "059_Group59" 10 13 18 11 12
E8 "060_Group60" 10 13 11 14 8
F8 "061_Group61" 16 10 22 12 7
G8 "062_Group62" 24 6 5 8 8
H8 "063_Group63" 15 6 11 5 10
A9 "064_Group64" 0 0 2 12 8
B9 "065_Group65" 3 18 3 15 10
C9 "066_Group66" 0 4 12 12 14
D9 "067_Group67" 3 0 0 5 1
E9 "068_Group68" 0 6 4 6 3
F9 "069_Group69" 0 2 2 0 3
G9 "070_Group70" 8 19 12 5 12
H9 "071_Group71" 6 10 5 10 14
A10 "072_Group72" 24 17 5 16 6
B10 "073_Group73" 28 17 18 9 16
C10 "074_Group74" 23 18 12 13 22
D10 "075_Group75" 12 14 16 16 18
E10 "076_Group76" 12 26 10 13 5
F10 "077_Group77" 21 14 9 14 8
G10 "078_Group78" 28 17 9 13 9
H10 "079_Group79" 8 17 15 15 8
A11 "080_Group80" 11 14 17 14 10
B11 "081_Group81" 11 8 9 3 8
C11 "082_Group82" 22 10 7 1 7
D11 "083_Group83" 22 12 11 16 9
E11 "084_Group84" 11 4 11 10 10
F11 "085_Group85" 22 14 9 1 7
G11 "086_Group86" 16 9 5 8 4
H11 "087_Group87" 14 11 3 7 13
A12 "088_Group88" 3 2 1 1 0
B12 "089_Group89" 9 11 6 5 16
C12 "090_Group90" 2 0 9 3 5
D12 "091_Group91" 12 3 17 8 3
E12 "092_Group92" 8 4 11 9 5
F12 "093_Group93" 9 2 3 8 7
G12 "094_Group94" 6 12 1 15 4
H12 "095_Group95" 5 5 3 8 9

"<<<<<< Channel Activity >>>>>>"
Channel Well Group/Time[m] 2 4 6 8 10
CH0 A1.0 "000_Group0" 7 6 7 3 3
CH2 B1.0 "001_Group1" 5 2 2 14 3
CH4 C1.0 "002_Group2" 0 8 4 7 4
CH6 D1.0 "003_Group3" 0 7 11 7 3
CH8 E1.0 "004_Group4" 4 4 6 15 9
CH10 F1.0 "005_Group5" 4 2 7 20 17
CH12 G1.0 "006_Group6" 7 11 12 12 14
CH14 H1.0 "007_Group7" 10 6 4 3 3
CH32 A2.0 "008_Group8" 11 4 12 7 7
CH34 B2.0 "009_Group9" 12 6 9 10 7
CH36 C2.0 "010_Group10" 17 10 16 14 9
CH38 D2.0 "011_Group11" 9 15 8 10 3
CH40 E2.0 "012_Group12" 5 9 2 5 12
CH42 F2.0 "013_Group13" 1 4 0 1 2
CH44 G2.0 "014_Group14" 16 3 7 9 9
CH46 H2.0 "015_Group15" 8 7 7 3 11
CH64 A3.0 "016_Group16" 8 9 11 5 3
CH66 B3.0 "017_Group17" 4 4 2 2 2
CH68 C3.0 "018_Group18" 6 4 5 3 3
CH70 D3.0 "019_Group19" 15 11 13 10 7
CH72 E3.0 "020_Group20" 17 11 5 6 11
CH74 F3.0 "021_Group21" 0 0 0 1 2
CH76 G3.0 "022_Group22" 3 11 5 2 5
CH78 H3.0 "023_Group23" 12 5 8 3 5
CH96 A4.0 "024_Group24" 19 12 15 21 10
CH98 B4.0 "025_Group25" 14 7 11 9 11
CH100 C4.0 "026_Group26" 34 18 8 13 6
CH102 D4.0 "027_Group27" 13 16 9 5 7
CH104 E4.0 "028_Group28" 9 28 16 13 9
CH106 F4.0 "029_Group29" 13 10 7 9 8
CH108 G4.0 "030_Group30" 13 12 8 9 5
CH110 H4.0 "031_Group31" 21 17 4 7 11
CH128 A5.0 "032_Group32" 2 20 15 9 13
CH130 B5.0 "033_Group33" 0 0 16 7 7
CH132 C5.0 "034_Group34" 3 1 15 8 10
CH134 D5.0 "035_Group35" 1 16 0 7 15
CH136 E5.0 "036_Group36" 1 6 11 7 13
CH138 F5.0 "037_Group37" 14 15 8 6 5
CH140 G5.0 "038_Group38" 14 5 7 5 3
CH142 H5.0 "039_Group39" 7 3 10 3 6
CH160 A6.0 "040_Group40" 13 8 17 2 5
CH162 B6.0 "041_Group41" 1 0 0 1 0
CH164 C6.0 "042_Group42" 13 6 12 6 5
CH166 D6.0 "043_Group43" 16 12 9 9 5
CH168 E6.0 "044_Group44" 6 15 7 12 13
CH170 F6.0 "045_Group45" 14 11 8 10 14
CH172 G6.0 "046_Group46" 10 7 17 8 6
CH174 H6.0 "047_Group47" 14 6 17 4 6
CH192 A7.0 "048_Group48" 21 18 20 22 13
CH194 B7.0 "049_Group49" 28 17 17 14 22
CH196 C7.0 "050_Group50" 14 18 13 9 9
CH198 D7.0 "051_Group51" 6 4 22 9 11
CH200 E7.0 "052_Group52" 19 13 16 12 15
CH202 F7.0 "053_Group53" 8 7 11 12 8
CH204 G7.0 "054_Group54" 16 4 10 3 8
CH206 H7.0 "055_Group55" 11 14 9 8 13
CH224 A8.0 "056_Group56" 3 9 7 12 10
CH226 B8.0 "057_Group57" 30 11 21 21 11
CH228 C8.0 "058_Group58" 28 24 21 22 9
CH230 D8.0 "059_Group59" 10 13 18 11 12
CH232 E8.0 "060_Group60" 10 13 11 14 8
CH234 F8.0 "061_Group61" 16 10 22 12 7
CH236 G8.0 "062_Group62" 24 6 5 8 8
CH238 H8.0 "063_Group63" 15 6 11 5 10
CH256 A9.0 "064_Group64" 0 0 2 12 8
CH258 B9.0 "065_Group65" 3 18 3 15 10
CH260 C9.0 "066_Group66" 0 4 12 12 14
CH262 D9.0 "067_Group67" 3 0 0 5 1
CH264 E9.0 "068_Group68" 0 6 4 6 3
CH266 F9.0 "069_Group69" 0 2 2 0 3
CH268 G9.0 "070_Group70" 8 19 12 5 12
CH270 H9.0 "071_Group71" 6 10 5 10 14
CH288 A10.0 "072_Group72" 24 17 5 16 6
CH290 B10.0 "073_Group73" 28 17 18 9 16
CH292 C10.0 "074_Group74" 23 18 12 13 22
CH294 D10.0 "075_Group75" 12 14 16 16 18
CH296 E10.0 "076_Group76" 12 26 10 13 5
CH298 F10.0 "077_Group77" 21 14 9 14 8
CH300 G10.0 "078_Group78" 28 17 9 13 9
CH302 H10.0 "079_Group79" 8 17 15 15 8
CH320 A11.0 "080_Group80" 11 14 17 14 10
CH322 B11.0 "081_Group81" 11 8 9 3 8
CH324 C11.0 "082_Group82" 22 10 7 1 7
CH326 D11.0 "083_Group83" 22 12 11 16 9
CH328 E11.0 "084_Group84" 11 4 11 10 10
CH330 F11.0 "085_Group85" 22 14 9 1 7
CH332 G11.0 "086_Group86" 16 9 5 8 4
CH334 H11.0 "087_Group87" 14 11 3 7 13
CH352 A12.0 "088_Group88" 3 2 1 1 0
CH354 B12.0 "089_Group89" 9 11 6 5 16
CH356 C12.0 "090_Group90" 2 0 9 3 5
CH358 D12.0 "091_Group91" 12 3 17 8 3
CH360 E12.0 "092_Group92" 8 4 11 9 5
CH362 F12.0 "093_Group93" 9 2 3 8 7
CH364 G12.0 "094_Group94" 6 12 1 15 4
CH366 H12.0 "095_Group95" 5 5 3 8 9
