"DATE:" "3/1/2015 9:47:15 AM"
"FILE:" "C:\Users\AndersenLab\Desktop\wmicrotracker\p00011\20150301_0931"
"SUBPROJECT:" "20150301_Longevity_5_daf3"

"<<<<<< Group Activity: Average Activity Counts per Data Interval>>>>>>"
Group/Time[m] 2 4 6 8 10
"000_Group0" 12 1 8 9 9
"001_Group1" 3 0 0 0 0
"002_Group2" 0 4 0 1 2
"003_Group3" 5 0 9 6 11
"004_Group4" 4 19 13 12 11
"005_Group5" 0 0 0 3 1
"006_Group6" 11 5 4 11 4
"007_Group7" 5 7 13 12 8
"008_Group8" 10 0 0 3 10
"009_Group9" 0 2 2 0 4
"010_Group10" 7 2 11 7 9
"011_Group11" 9 6 4 5 7
"012_Group12" 13 3 0 0 0
"013_Group13" 2 3 4 1 1
"014_Group14" 4 0 0 2 2
"015_Group15" 15 5 2 1 1
"016_Group16" 9 2 2 9 7
"017_Group17" 0 0 0 1 0
"018_Group18" 13 0 2 8 4
"019_Group19" 8 10 4 2 4
"020_Group20" 0 0 0 0 0
"021_Group21" 6 3 0 0 0
"022_Group22" 5 4 1 0 0
"023_Group23" 5 5 0 1 1
"024_Group24" 8 7 6 5 11
"025_Group25" 6 5 3 4 2
"026_Group26" 30 27 18 25 20
"027_Group27" 14 17 3 1 3
"028_Group28" 14 14 21 13 8
"029_Group29" 17 14 7 3 12
"030_Group30" 7 19 11 8 9
"031_Group31" 0 0 0 0 0
"032_Group32" 1 13 0 4 11
"033_Group33" 9 1 7 14 11
"034_Group34" 0 0 0 0 0
"035_Group35" 1 10 4 10 11
"036_Group36" 6 15 10 20 16
"037_Group37" 2 0 0 0 0
"038_Group38" 1 4 2 5 5
"039_Group39" 5 7 11 12 9
"040_Group40" 29 0 2 3 5
"041_Group41" 5 0 0 0 0
"042_Group42" 6 0 0 0 1
"043_Group43" 10 2 0 0 3
"044_Group44" 11 2 6 0 2
"045_Group45" 0 0 0 0 0
"046_Group46" 7 1 2 4 7
"047_Group47" 10 8 4 10 7
"048_Group48" 21 21 13 6 15
"049_Group49" 8 22 4 13 5
"050_Group50" 19 14 5 6 1
"051_Group51" 14 9 10 3 7
"052_Group52" 36 25 18 26 19
"053_Group53" 15 6 6 3 11
"054_Group54" 9 5 0 0 0
"055_Group55" 4 5 3 1 1
"056_Group56" 3 0 0 0 0
"057_Group57" 11 10 11 5 5
"058_Group58" 17 5 2 3 2
"059_Group59" 10 17 11 0 3
"060_Group60" 6 24 16 8 7
"061_Group61" 10 13 10 4 8
"062_Group62" 2 0 1 3 6
"063_Group63" 2 0 0 0 0
"064_Group64" 6 3 14 0 10
"065_Group65" 0 0 0 0 0
"066_Group66" 3 5 3 13 7
"067_Group67" 3 0 5 2 1
"068_Group68" 0 2 8 10 5
"069_Group69" 0 0 0 1 0
"070_Group70" 5 7 7 11 10
"071_Group71" 10 8 10 7 7
"072_Group72" 9 20 10 9 11
"073_Group73" 9 5 4 11 3
"074_Group74" 2 4 4 6 1
"075_Group75" 31 16 18 17 15
"076_Group76" 15 2 1 0 6
"077_Group77" 14 11 7 10 8
"078_Group78" 11 5 2 0 1
"079_Group79" 5 12 7 8 8
"080_Group80" 10 16 8 9 0
"081_Group81" 7 1 1 0 0
"082_Group82" 10 3 6 12 11
"083_Group83" 12 0 4 1 0
"084_Group84" 0 0 0 7 0
"085_Group85" 15 5 13 6 2
"086_Group86" 23 12 4 5 10
"087_Group87" 7 1 2 8 1
"088_Group88" 0 11 0 2 0
"089_Group89" 10 11 9 14 15
"090_Group90" 4 0 0 6 8
"091_Group91" 9 4 10 5 0
"092_Group92" 4 4 3 16 5
"093_Group93" 9 2 4 0 1
"094_Group94" 2 6 7 10 11
"095_Group95" 7 2 7 8 5

"<<<<<< Group Activity: Number of wells/group >>>>>>"
Group/Time[m] 2 4 6 8 10
"000_Group0" 1 1 1 1 1
"001_Group1" 1 1 1 1 1
"002_Group2" 1 1 1 1 1
"003_Group3" 1 1 1 1 1
"004_Group4" 1 1 1 1 1
"005_Group5" 1 1 1 1 1
"006_Group6" 1 1 1 1 1
"007_Group7" 1 1 1 1 1
"008_Group8" 1 1 1 1 1
"009_Group9" 1 1 1 1 1
"010_Group10" 1 1 1 1 1
"011_Group11" 1 1 1 1 1
"012_Group12" 1 1 1 1 1
"013_Group13" 1 1 1 1 1
"014_Group14" 1 1 1 1 1
"015_Group15" 1 1 1 1 1
"016_Group16" 1 1 1 1 1
"017_Group17" 1 1 1 1 1
"018_Group18" 1 1 1 1 1
"019_Group19" 1 1 1 1 1
"020_Group20" 1 1 1 1 1
"021_Group21" 1 1 1 1 1
"022_Group22" 1 1 1 1 1
"023_Group23" 1 1 1 1 1
"024_Group24" 1 1 1 1 1
"025_Group25" 1 1 1 1 1
"026_Group26" 1 1 1 1 1
"027_Group27" 1 1 1 1 1
"028_Group28" 1 1 1 1 1
"029_Group29" 1 1 1 1 1
"030_Group30" 1 1 1 1 1
"031_Group31" 1 1 1 1 1
"032_Group32" 1 1 1 1 1
"033_Group33" 1 1 1 1 1
"034_Group34" 1 1 1 1 1
"035_Group35" 1 1 1 1 1
"036_Group36" 1 1 1 1 1
"037_Group37" 1 1 1 1 1
"038_Group38" 1 1 1 1 1
"039_Group39" 1 1 1 1 1
"040_Group40" 1 1 1 1 1
"041_Group41" 1 1 1 1 1
"042_Group42" 1 1 1 1 1
"043_Group43" 1 1 1 1 1
"044_Group44" 1 1 1 1 1
"045_Group45" 1 1 1 1 1
"046_Group46" 1 1 1 1 1
"047_Group47" 1 1 1 1 1
"048_Group48" 1 1 1 1 1
"049_Group49" 1 1 1 1 1
"050_Group50" 1 1 1 1 1
"051_Group51" 1 1 1 1 1
"052_Group52" 1 1 1 1 1
"053_Group53" 1 1 1 1 1
"054_Group54" 1 1 1 1 1
"055_Group55" 1 1 1 1 1
"056_Group56" 1 1 1 1 1
"057_Group57" 1 1 1 1 1
"058_Group58" 1 1 1 1 1
"059_Group59" 1 1 1 1 1
"060_Group60" 1 1 1 1 1
"061_Group61" 1 1 1 1 1
"062_Group62" 1 1 1 1 1
"063_Group63" 1 1 1 1 1
"064_Group64" 1 1 1 1 1
"065_Group65" 1 1 1 1 1
"066_Group66" 1 1 1 1 1
"067_Group67" 1 1 1 1 1
"068_Group68" 1 1 1 1 1
"069_Group69" 1 1 1 1 1
"070_Group70" 1 1 1 1 1
"071_Group71" 1 1 1 1 1
"072_Group72" 1 1 1 1 1
"073_Group73" 1 1 1 1 1
"074_Group74" 1 1 1 1 1
"075_Group75" 1 1 1 1 1
"076_Group76" 1 1 1 1 1
"077_Group77" 1 1 1 1 1
"078_Group78" 1 1 1 1 1
"079_Group79" 1 1 1 1 1
"080_Group80" 1 1 1 1 1
"081_Group81" 1 1 1 1 1
"082_Group82" 1 1 1 1 1
"083_Group83" 1 1 1 1 1
"084_Group84" 1 1 1 1 1
"085_Group85" 1 1 1 1 1
"086_Group86" 1 1 1 1 1
"087_Group87" 1 1 1 1 1
"088_Group88" 1 1 1 1 1
"089_Group89" 1 1 1 1 1
"090_Group90" 1 1 1 1 1
"091_Group91" 1 1 1 1 1
"092_Group92" 1 1 1 1 1
"093_Group93" 1 1 1 1 1
"094_Group94" 1 1 1 1 1
"095_Group95" 1 1 1 1 1

"<<<<<< Number of Samples per Acquisition Interval [1unit=500values] >>>>>>"
Time[m] 2 4 6 8 10 
#Samples 2 2 2 2 2 

"<<<<<< Average Temperature [°C] >>>>>>"
Time[m] 2 4 6 8 10 
Temp[°C] 21.8 21.8 21.8 21.8 21.8 

"<<<<<< Well Activity >>>>>>"
Well Group/Time[m] 2 4 6 8 10
A1 "000_Group0" 12 1 8 9 9
B1 "001_Group1" 3 0 0 0 0
C1 "002_Group2" 0 4 0 1 2
D1 "003_Group3" 5 0 9 6 11
E1 "004_Group4" 4 19 13 12 11
F1 "005_Group5" 0 0 0 3 1
G1 "006_Group6" 11 5 4 11 4
H1 "007_Group7" 5 7 13 12 8
A2 "008_Group8" 10 0 0 3 10
B2 "009_Group9" 0 2 2 0 4
C2 "010_Group10" 7 2 11 7 9
D2 "011_Group11" 9 6 4 5 7
E2 "012_Group12" 13 3 0 0 0
F2 "013_Group13" 2 3 4 1 1
G2 "014_Group14" 4 0 0 2 2
H2 "015_Group15" 15 5 2 1 1
A3 "016_Group16" 9 2 2 9 7
B3 "017_Group17" 0 0 0 1 0
C3 "018_Group18" 13 0 2 8 4
D3 "019_Group19" 8 10 4 2 4
E3 "020_Group20" 0 0 0 0 0
F3 "021_Group21" 6 3 0 0 0
G3 "022_Group22" 5 4 1 0 0
H3 "023_Group23" 5 5 0 1 1
A4 "024_Group24" 8 7 6 5 11
B4 "025_Group25" 6 5 3 4 2
C4 "026_Group26" 30 27 18 25 20
D4 "027_Group27" 14 17 3 1 3
E4 "028_Group28" 14 14 21 13 8
F4 "029_Group29" 17 14 7 3 12
G4 "030_Group30" 7 19 11 8 9
H4 "031_Group31" 0 0 0 0 0
A5 "032_Group32" 1 13 0 4 11
B5 "033_Group33" 9 1 7 14 11
C5 "034_Group34" 0 0 0 0 0
D5 "035_Group35" 1 10 4 10 11
E5 "036_Group36" 6 15 10 20 16
F5 "037_Group37" 2 0 0 0 0
G5 "038_Group38" 1 4 2 5 5
H5 "039_Group39" 5 7 11 12 9
A6 "040_Group40" 29 0 2 3 5
B6 "041_Group41" 5 0 0 0 0
C6 "042_Group42" 6 0 0 0 1
D6 "043_Group43" 10 2 0 0 3
E6 "044_Group44" 11 2 6 0 2
F6 "045_Group45" 0 0 0 0 0
G6 "046_Group46" 7 1 2 4 7
H6 "047_Group47" 10 8 4 10 7
A7 "048_Group48" 21 21 13 6 15
B7 "049_Group49" 8 22 4 13 5
C7 "050_Group50" 19 14 5 6 1
D7 "051_Group51" 14 9 10 3 7
E7 "052_Group52" 36 25 18 26 19
F7 "053_Group53" 15 6 6 3 11
G7 "054_Group54" 9 5 0 0 0
H7 "055_Group55" 4 5 3 1 1
A8 "056_Group56" 3 0 0 0 0
B8 "057_Group57" 11 10 11 5 5
C8 "058_Group58" 17 5 2 3 2
D8 "059_Group59" 10 17 11 0 3
E8 "060_Group60" 6 24 16 8 7
F8 "061_Group61" 10 13 10 4 8
G8 "062_Group62" 2 0 1 3 6
H8 "063_Group63" 2 0 0 0 0
A9 "064_Group64" 6 3 14 0 10
B9 "065_Group65" 0 0 0 0 0
C9 "066_Group66" 3 5 3 13 7
D9 "067_Group67" 3 0 5 2 1
E9 "068_Group68" 0 2 8 10 5
F9 "069_Group69" 0 0 0 1 0
G9 "070_Group70" 5 7 7 11 10
H9 "071_Group71" 10 8 10 7 7
A10 "072_Group72" 9 20 10 9 11
B10 "073_Group73" 9 5 4 11 3
C10 "074_Group74" 2 4 4 6 1
D10 "075_Group75" 31 16 18 17 15
E10 "076_Group76" 15 2 1 0 6
F10 "077_Group77" 14 11 7 10 8
G10 "078_Group78" 11 5 2 0 1
H10 "079_Group79" 5 12 7 8 8
A11 "080_Group80" 10 16 8 9 0
B11 "081_Group81" 7 1 1 0 0
C11 "082_Group82" 10 3 6 12 11
D11 "083_Group83" 12 0 4 1 0
E11 "084_Group84" 0 0 0 7 0
F11 "085_Group85" 15 5 13 6 2
G11 "086_Group86" 23 12 4 5 10
H11 "087_Group87" 7 1 2 8 1
A12 "088_Group88" 0 11 0 2 0
B12 "089_Group89" 10 11 9 14 15
C12 "090_Group90" 4 0 0 6 8
D12 "091_Group91" 9 4 10 5 0
E12 "092_Group92" 4 4 3 16 5
F12 "093_Group93" 9 2 4 0 1
G12 "094_Group94" 2 6 7 10 11
H12 "095_Group95" 7 2 7 8 5

"<<<<<< Channel Activity >>>>>>"
Channel Well Group/Time[m] 2 4 6 8 10
CH0 A1.0 "000_Group0" 12 1 8 9 9
CH2 B1.0 "001_Group1" 3 0 0 0 0
CH4 C1.0 "002_Group2" 0 4 0 1 2
CH6 D1.0 "003_Group3" 5 0 9 6 11
CH8 E1.0 "004_Group4" 4 19 13 12 11
CH10 F1.0 "005_Group5" 0 0 0 3 1
CH12 G1.0 "006_Group6" 11 5 4 11 4
CH14 H1.0 "007_Group7" 5 7 13 12 8
CH32 A2.0 "008_Group8" 10 0 0 3 10
CH34 B2.0 "009_Group9" 0 2 2 0 4
CH36 C2.0 "010_Group10" 7 2 11 7 9
CH38 D2.0 "011_Group11" 9 6 4 5 7
CH40 E2.0 "012_Group12" 13 3 0 0 0
CH42 F2.0 "013_Group13" 2 3 4 1 1
CH44 G2.0 "014_Group14" 4 0 0 2 2
CH46 H2.0 "015_Group15" 15 5 2 1 1
CH64 A3.0 "016_Group16" 9 2 2 9 7
CH66 B3.0 "017_Group17" 0 0 0 1 0
CH68 C3.0 "018_Group18" 13 0 2 8 4
CH70 D3.0 "019_Group19" 8 10 4 2 4
CH72 E3.0 "020_Group20" 0 0 0 0 0
CH74 F3.0 "021_Group21" 6 3 0 0 0
CH76 G3.0 "022_Group22" 5 4 1 0 0
CH78 H3.0 "023_Group23" 5 5 0 1 1
CH96 A4.0 "024_Group24" 8 7 6 5 11
CH98 B4.0 "025_Group25" 6 5 3 4 2
CH100 C4.0 "026_Group26" 30 27 18 25 20
CH102 D4.0 "027_Group27" 14 17 3 1 3
CH104 E4.0 "028_Group28" 14 14 21 13 8
CH106 F4.0 "029_Group29" 17 14 7 3 12
CH108 G4.0 "030_Group30" 7 19 11 8 9
CH110 H4.0 "031_Group31" 0 0 0 0 0
CH128 A5.0 "032_Group32" 1 13 0 4 11
CH130 B5.0 "033_Group33" 9 1 7 14 11
CH132 C5.0 "034_Group34" 0 0 0 0 0
CH134 D5.0 "035_Group35" 1 10 4 10 11
CH136 E5.0 "036_Group36" 6 15 10 20 16
CH138 F5.0 "037_Group37" 2 0 0 0 0
CH140 G5.0 "038_Group38" 1 4 2 5 5
CH142 H5.0 "039_Group39" 5 7 11 12 9
CH160 A6.0 "040_Group40" 29 0 2 3 5
CH162 B6.0 "041_Group41" 5 0 0 0 0
CH164 C6.0 "042_Group42" 6 0 0 0 1
CH166 D6.0 "043_Group43" 10 2 0 0 3
CH168 E6.0 "044_Group44" 11 2 6 0 2
CH170 F6.0 "045_Group45" 0 0 0 0 0
CH172 G6.0 "046_Group46" 7 1 2 4 7
CH174 H6.0 "047_Group47" 10 8 4 10 7
CH192 A7.0 "048_Group48" 21 21 13 6 15
CH194 B7.0 "049_Group49" 8 22 4 13 5
CH196 C7.0 "050_Group50" 19 14 5 6 1
CH198 D7.0 "051_Group51" 14 9 10 3 7
CH200 E7.0 "052_Group52" 36 25 18 26 19
CH202 F7.0 "053_Group53" 15 6 6 3 11
CH204 G7.0 "054_Group54" 9 5 0 0 0
CH206 H7.0 "055_Group55" 4 5 3 1 1
CH224 A8.0 "056_Group56" 3 0 0 0 0
CH226 B8.0 "057_Group57" 11 10 11 5 5
CH228 C8.0 "058_Group58" 17 5 2 3 2
CH230 D8.0 "059_Group59" 10 17 11 0 3
CH232 E8.0 "060_Group60" 6 24 16 8 7
CH234 F8.0 "061_Group61" 10 13 10 4 8
CH236 G8.0 "062_Group62" 2 0 1 3 6
CH238 H8.0 "063_Group63" 2 0 0 0 0
CH256 A9.0 "064_Group64" 6 3 14 0 10
CH258 B9.0 "065_Group65" 0 0 0 0 0
CH260 C9.0 "066_Group66" 3 5 3 13 7
CH262 D9.0 "067_Group67" 3 0 5 2 1
CH264 E9.0 "068_Group68" 0 2 8 10 5
CH266 F9.0 "069_Group69" 0 0 0 1 0
CH268 G9.0 "070_Group70" 5 7 7 11 10
CH270 H9.0 "071_Group71" 10 8 10 7 7
CH288 A10.0 "072_Group72" 9 20 10 9 11
CH290 B10.0 "073_Group73" 9 5 4 11 3
CH292 C10.0 "074_Group74" 2 4 4 6 1
CH294 D10.0 "075_Group75" 31 16 18 17 15
CH296 E10.0 "076_Group76" 15 2 1 0 6
CH298 F10.0 "077_Group77" 14 11 7 10 8
CH300 G10.0 "078_Group78" 11 5 2 0 1
CH302 H10.0 "079_Group79" 5 12 7 8 8
CH320 A11.0 "080_Group80" 10 16 8 9 0
CH322 B11.0 "081_Group81" 7 1 1 0 0
CH324 C11.0 "082_Group82" 10 3 6 12 11
CH326 D11.0 "083_Group83" 12 0 4 1 0
CH328 E11.0 "084_Group84" 0 0 0 7 0
CH330 F11.0 "085_Group85" 15 5 13 6 2
CH332 G11.0 "086_Group86" 23 12 4 5 10
CH334 H11.0 "087_Group87" 7 1 2 8 1
CH352 A12.0 "088_Group88" 0 11 0 2 0
CH354 B12.0 "089_Group89" 10 11 9 14 15
CH356 C12.0 "090_Group90" 4 0 0 6 8
CH358 D12.0 "091_Group91" 9 4 10 5 0
CH360 E12.0 "092_Group92" 4 4 3 16 5
CH362 F12.0 "093_Group93" 9 2 4 0 1
CH364 G12.0 "094_Group94" 2 6 7 10 11
CH366 H12.0 "095_Group95" 7 2 7 8 5
