"DATE:" "2/21/2015 9:40:36 AM"
"FILE:" "C:\Users\AndersenLab\Desktop\wmicrotracker\p00011\20150221_0929"
"SUBPROJECT:" "20150221_Longevity_5_daf3"

"<<<<<< Group Activity: Average Activity Counts per Data Interval>>>>>>"
Group/Time[m] 2 4 6 8 10
"000_Group0" 7 16 15 12 10
"001_Group1" 22 24 18 16 23
"002_Group2" 19 5 10 12 7
"003_Group3" 13 7 28 11 12
"004_Group4" 24 19 12 25 30
"005_Group5" 24 21 24 10 16
"006_Group6" 38 23 11 23 16
"007_Group7" 22 16 17 15 16
"008_Group8" 28 18 23 26 31
"009_Group9" 28 25 27 26 16
"010_Group10" 12 20 28 22 18
"011_Group11" 30 34 29 22 26
"012_Group12" 20 14 28 24 26
"013_Group13" 20 17 14 17 36
"014_Group14" 25 37 28 31 28
"015_Group15" 34 24 23 25 30
"016_Group16" 13 31 14 27 29
"017_Group17" 35 10 40 22 20
"018_Group18" 26 27 31 28 26
"019_Group19" 18 21 27 28 18
"020_Group20" 23 30 30 24 38
"021_Group21" 30 35 20 35 29
"022_Group22" 22 25 23 21 22
"023_Group23" 50 56 27 32 25
"024_Group24" 34 34 30 33 38
"025_Group25" 39 33 35 26 23
"026_Group26" 26 27 14 33 24
"027_Group27" 34 50 31 28 34
"028_Group28" 13 23 48 39 39
"029_Group29" 26 34 42 26 32
"030_Group30" 32 31 29 34 49
"031_Group31" 43 37 37 40 40
"032_Group32" 50 71 36 40 28
"033_Group33" 17 16 26 31 19
"034_Group34" 13 13 12 14 12
"035_Group35" 30 19 19 19 29
"036_Group36" 17 14 11 17 11
"037_Group37" 17 13 8 10 22
"038_Group38" 32 11 4 14 4
"039_Group39" 39 33 39 41 47
"040_Group40" 35 30 23 22 28
"041_Group41" 23 28 25 18 22
"042_Group42" 24 28 28 25 25
"043_Group43" 24 13 23 20 34
"044_Group44" 21 29 33 30 17
"045_Group45" 17 29 14 24 17
"046_Group46" 23 20 24 29 34
"047_Group47" 22 20 20 12 36
"048_Group48" 15 33 30 29 22
"049_Group49" 27 12 29 30 28
"050_Group50" 33 23 28 26 33
"051_Group51" 19 36 38 36 39
"052_Group52" 42 16 27 32 32
"053_Group53" 30 26 33 21 17
"054_Group54" 28 16 37 24 36
"055_Group55" 43 45 24 29 32
"056_Group56" 23 32 38 54 34
"057_Group57" 30 26 27 33 29
"058_Group58" 24 25 32 32 31
"059_Group59" 27 40 30 26 40
"060_Group60" 36 35 40 29 37
"061_Group61" 28 37 40 21 26
"062_Group62" 22 10 14 25 27
"063_Group63" 36 29 32 22 26
"064_Group64" 12 16 12 16 8
"065_Group65" 21 17 10 11 10
"066_Group66" 69 49 35 26 16
"067_Group67" 14 7 8 24 31
"068_Group68" 14 18 13 8 4
"069_Group69" 28 29 33 17 21
"070_Group70" 27 28 12 17 18
"071_Group71" 48 40 38 34 39
"072_Group72" 34 18 20 22 16
"073_Group73" 31 36 40 38 18
"074_Group74" 28 24 35 38 26
"075_Group75" 46 60 41 40 53
"076_Group76" 33 44 22 45 25
"077_Group77" 29 37 24 21 39
"078_Group78" 39 27 18 30 40
"079_Group79" 16 1 17 24 38
"080_Group80" 21 25 17 30 25
"081_Group81" 43 47 19 23 25
"082_Group82" 31 28 25 25 25
"083_Group83" 23 20 33 24 16
"084_Group84" 13 21 11 23 32
"085_Group85" 33 33 21 30 30
"086_Group86" 28 28 29 39 30
"087_Group87" 36 27 30 18 28
"088_Group88" 13 7 13 11 11
"089_Group89" 17 10 7 4 10
"090_Group90" 30 30 24 17 17
"091_Group91" 23 19 34 18 15
"092_Group92" 8 10 10 9 7
"093_Group93" 23 19 20 12 9
"094_Group94" 29 23 29 23 10
"095_Group95" 37 37 41 18 21

"<<<<<< Group Activity: Number of wells/group >>>>>>"
Group/Time[m] 2 4 6 8 10
"000_Group0" 1 1 1 1 1
"001_Group1" 1 1 1 1 1
"002_Group2" 1 1 1 1 1
"003_Group3" 1 1 1 1 1
"004_Group4" 1 1 1 1 1
"005_Group5" 1 1 1 1 1
"006_Group6" 1 1 1 1 1
"007_Group7" 1 1 1 1 1
"008_Group8" 1 1 1 1 1
"009_Group9" 1 1 1 1 1
"010_Group10" 1 1 1 1 1
"011_Group11" 1 1 1 1 1
"012_Group12" 1 1 1 1 1
"013_Group13" 1 1 1 1 1
"014_Group14" 1 1 1 1 1
"015_Group15" 1 1 1 1 1
"016_Group16" 1 1 1 1 1
"017_Group17" 1 1 1 1 1
"018_Group18" 1 1 1 1 1
"019_Group19" 1 1 1 1 1
"020_Group20" 1 1 1 1 1
"021_Group21" 1 1 1 1 1
"022_Group22" 1 1 1 1 1
"023_Group23" 1 1 1 1 1
"024_Group24" 1 1 1 1 1
"025_Group25" 1 1 1 1 1
"026_Group26" 1 1 1 1 1
"027_Group27" 1 1 1 1 1
"028_Group28" 1 1 1 1 1
"029_Group29" 1 1 1 1 1
"030_Group30" 1 1 1 1 1
"031_Group31" 1 1 1 1 1
"032_Group32" 1 1 1 1 1
"033_Group33" 1 1 1 1 1
"034_Group34" 1 1 1 1 1
"035_Group35" 1 1 1 1 1
"036_Group36" 1 1 1 1 1
"037_Group37" 1 1 1 1 1
"038_Group38" 1 1 1 1 1
"039_Group39" 1 1 1 1 1
"040_Group40" 1 1 1 1 1
"041_Group41" 1 1 1 1 1
"042_Group42" 1 1 1 1 1
"043_Group43" 1 1 1 1 1
"044_Group44" 1 1 1 1 1
"045_Group45" 1 1 1 1 1
"046_Group46" 1 1 1 1 1
"047_Group47" 1 1 1 1 1
"048_Group48" 1 1 1 1 1
"049_Group49" 1 1 1 1 1
"050_Group50" 1 1 1 1 1
"051_Group51" 1 1 1 1 1
"052_Group52" 1 1 1 1 1
"053_Group53" 1 1 1 1 1
"054_Group54" 1 1 1 1 1
"055_Group55" 1 1 1 1 1
"056_Group56" 1 1 1 1 1
"057_Group57" 1 1 1 1 1
"058_Group58" 1 1 1 1 1
"059_Group59" 1 1 1 1 1
"060_Group60" 1 1 1 1 1
"061_Group61" 1 1 1 1 1
"062_Group62" 1 1 1 1 1
"063_Group63" 1 1 1 1 1
"064_Group64" 1 1 1 1 1
"065_Group65" 1 1 1 1 1
"066_Group66" 1 1 1 1 1
"067_Group67" 1 1 1 1 1
"068_Group68" 1 1 1 1 1
"069_Group69" 1 1 1 1 1
"070_Group70" 1 1 1 1 1
"071_Group71" 1 1 1 1 1
"072_Group72" 1 1 1 1 1
"073_Group73" 1 1 1 1 1
"074_Group74" 1 1 1 1 1
"075_Group75" 1 1 1 1 1
"076_Group76" 1 1 1 1 1
"077_Group77" 1 1 1 1 1
"078_Group78" 1 1 1 1 1
"079_Group79" 1 1 1 1 1
"080_Group80" 1 1 1 1 1
"081_Group81" 1 1 1 1 1
"082_Group82" 1 1 1 1 1
"083_Group83" 1 1 1 1 1
"084_Group84" 1 1 1 1 1
"085_Group85" 1 1 1 1 1
"086_Group86" 1 1 1 1 1
"087_Group87" 1 1 1 1 1
"088_Group88" 1 1 1 1 1
"089_Group89" 1 1 1 1 1
"090_Group90" 1 1 1 1 1
"091_Group91" 1 1 1 1 1
"092_Group92" 1 1 1 1 1
"093_Group93" 1 1 1 1 1
"094_Group94" 1 1 1 1 1
"095_Group95" 1 1 1 1 1

"<<<<<< Number of Samples per Acquisition Interval [1unit=500values] >>>>>>"
Time[m] 2 4 6 8 10 
#Samples 2 2 2 2 2 

"<<<<<< Average Temperature [°C] >>>>>>"
Time[m] 2 4 6 8 10 
Temp[°C] 21.6 21.8 21.7 21.8 21.8 

"<<<<<< Well Activity >>>>>>"
Well Group/Time[m] 2 4 6 8 10
A1 "000_Group0" 7 16 15 12 10
B1 "001_Group1" 22 24 18 16 23
C1 "002_Group2" 19 5 10 12 7
D1 "003_Group3" 13 7 28 11 12
E1 "004_Group4" 24 19 12 25 30
F1 "005_Group5" 24 21 24 10 16
G1 "006_Group6" 38 23 11 23 16
H1 "007_Group7" 22 16 17 15 16
A2 "008_Group8" 28 18 23 26 31
B2 "009_Group9" 28 25 27 26 16
C2 "010_Group10" 12 20 28 22 18
D2 "011_Group11" 30 34 29 22 26
E2 "012_Group12" 20 14 28 24 26
F2 "013_Group13" 20 17 14 17 36
G2 "014_Group14" 25 37 28 31 28
H2 "015_Group15" 34 24 23 25 30
A3 "016_Group16" 13 31 14 27 29
B3 "017_Group17" 35 10 40 22 20
C3 "018_Group18" 26 27 31 28 26
D3 "019_Group19" 18 21 27 28 18
E3 "020_Group20" 23 30 30 24 38
F3 "021_Group21" 30 35 20 35 29
G3 "022_Group22" 22 25 23 21 22
H3 "023_Group23" 50 56 27 32 25
A4 "024_Group24" 34 34 30 33 38
B4 "025_Group25" 39 33 35 26 23
C4 "026_Group26" 26 27 14 33 24
D4 "027_Group27" 34 50 31 28 34
E4 "028_Group28" 13 23 48 39 39
F4 "029_Group29" 26 34 42 26 32
G4 "030_Group30" 32 31 29 34 49
H4 "031_Group31" 43 37 37 40 40
A5 "032_Group32" 50 71 36 40 28
B5 "033_Group33" 17 16 26 31 19
C5 "034_Group34" 13 13 12 14 12
D5 "035_Group35" 30 19 19 19 29
E5 "036_Group36" 17 14 11 17 11
F5 "037_Group37" 17 13 8 10 22
G5 "038_Group38" 32 11 4 14 4
H5 "039_Group39" 39 33 39 41 47
A6 "040_Group40" 35 30 23 22 28
B6 "041_Group41" 23 28 25 18 22
C6 "042_Group42" 24 28 28 25 25
D6 "043_Group43" 24 13 23 20 34
E6 "044_Group44" 21 29 33 30 17
F6 "045_Group45" 17 29 14 24 17
G6 "046_Group46" 23 20 24 29 34
H6 "047_Group47" 22 20 20 12 36
A7 "048_Group48" 15 33 30 29 22
B7 "049_Group49" 27 12 29 30 28
C7 "050_Group50" 33 23 28 26 33
D7 "051_Group51" 19 36 38 36 39
E7 "052_Group52" 42 16 27 32 32
F7 "053_Group53" 30 26 33 21 17
G7 "054_Group54" 28 16 37 24 36
H7 "055_Group55" 43 45 24 29 32
A8 "056_Group56" 23 32 38 54 34
B8 "057_Group57" 30 26 27 33 29
C8 "058_Group58" 24 25 32 32 31
D8 "059_Group59" 27 40 30 26 40
E8 "060_Group60" 36 35 40 29 37
F8 "061_Group61" 28 37 40 21 26
G8 "062_Group62" 22 10 14 25 27
H8 "063_Group63" 36 29 32 22 26
A9 "064_Group64" 12 16 12 16 8
B9 "065_Group65" 21 17 10 11 10
C9 "066_Group66" 69 49 35 26 16
D9 "067_Group67" 14 7 8 24 31
E9 "068_Group68" 14 18 13 8 4
F9 "069_Group69" 28 29 33 17 21
G9 "070_Group70" 27 28 12 17 18
H9 "071_Group71" 48 40 38 34 39
A10 "072_Group72" 34 18 20 22 16
B10 "073_Group73" 31 36 40 38 18
C10 "074_Group74" 28 24 35 38 26
D10 "075_Group75" 46 60 41 40 53
E10 "076_Group76" 33 44 22 45 25
F10 "077_Group77" 29 37 24 21 39
G10 "078_Group78" 39 27 18 30 40
H10 "079_Group79" 16 1 17 24 38
A11 "080_Group80" 21 25 17 30 25
B11 "081_Group81" 43 47 19 23 25
C11 "082_Group82" 31 28 25 25 25
D11 "083_Group83" 23 20 33 24 16
E11 "084_Group84" 13 21 11 23 32
F11 "085_Group85" 33 33 21 30 30
G11 "086_Group86" 28 28 29 39 30
H11 "087_Group87" 36 27 30 18 28
A12 "088_Group88" 13 7 13 11 11
B12 "089_Group89" 17 10 7 4 10
C12 "090_Group90" 30 30 24 17 17
D12 "091_Group91" 23 19 34 18 15
E12 "092_Group92" 8 10 10 9 7
F12 "093_Group93" 23 19 20 12 9
G12 "094_Group94" 29 23 29 23 10
H12 "095_Group95" 37 37 41 18 21

"<<<<<< Channel Activity >>>>>>"
Channel Well Group/Time[m] 2 4 6 8 10
CH0 A1.0 "000_Group0" 7 16 15 12 10
CH2 B1.0 "001_Group1" 22 24 18 16 23
CH4 C1.0 "002_Group2" 19 5 10 12 7
CH6 D1.0 "003_Group3" 13 7 28 11 12
CH8 E1.0 "004_Group4" 24 19 12 25 30
CH10 F1.0 "005_Group5" 24 21 24 10 16
CH12 G1.0 "006_Group6" 38 23 11 23 16
CH14 H1.0 "007_Group7" 22 16 17 15 16
CH32 A2.0 "008_Group8" 28 18 23 26 31
CH34 B2.0 "009_Group9" 28 25 27 26 16
CH36 C2.0 "010_Group10" 12 20 28 22 18
CH38 D2.0 "011_Group11" 30 34 29 22 26
CH40 E2.0 "012_Group12" 20 14 28 24 26
CH42 F2.0 "013_Group13" 20 17 14 17 36
CH44 G2.0 "014_Group14" 25 37 28 31 28
CH46 H2.0 "015_Group15" 34 24 23 25 30
CH64 A3.0 "016_Group16" 13 31 14 27 29
CH66 B3.0 "017_Group17" 35 10 40 22 20
CH68 C3.0 "018_Group18" 26 27 31 28 26
CH70 D3.0 "019_Group19" 18 21 27 28 18
CH72 E3.0 "020_Group20" 23 30 30 24 38
CH74 F3.0 "021_Group21" 30 35 20 35 29
CH76 G3.0 "022_Group22" 22 25 23 21 22
CH78 H3.0 "023_Group23" 50 56 27 32 25
CH96 A4.0 "024_Group24" 34 34 30 33 38
CH98 B4.0 "025_Group25" 39 33 35 26 23
CH100 C4.0 "026_Group26" 26 27 14 33 24
CH102 D4.0 "027_Group27" 34 50 31 28 34
CH104 E4.0 "028_Group28" 13 23 48 39 39
CH106 F4.0 "029_Group29" 26 34 42 26 32
CH108 G4.0 "030_Group30" 32 31 29 34 49
CH110 H4.0 "031_Group31" 43 37 37 40 40
CH128 A5.0 "032_Group32" 50 71 36 40 28
CH130 B5.0 "033_Group33" 17 16 26 31 19
CH132 C5.0 "034_Group34" 13 13 12 14 12
CH134 D5.0 "035_Group35" 30 19 19 19 29
CH136 E5.0 "036_Group36" 17 14 11 17 11
CH138 F5.0 "037_Group37" 17 13 8 10 22
CH140 G5.0 "038_Group38" 32 11 4 14 4
CH142 H5.0 "039_Group39" 39 33 39 41 47
CH160 A6.0 "040_Group40" 35 30 23 22 28
CH162 B6.0 "041_Group41" 23 28 25 18 22
CH164 C6.0 "042_Group42" 24 28 28 25 25
CH166 D6.0 "043_Group43" 24 13 23 20 34
CH168 E6.0 "044_Group44" 21 29 33 30 17
CH170 F6.0 "045_Group45" 17 29 14 24 17
CH172 G6.0 "046_Group46" 23 20 24 29 34
CH174 H6.0 "047_Group47" 22 20 20 12 36
CH192 A7.0 "048_Group48" 15 33 30 29 22
CH194 B7.0 "049_Group49" 27 12 29 30 28
CH196 C7.0 "050_Group50" 33 23 28 26 33
CH198 D7.0 "051_Group51" 19 36 38 36 39
CH200 E7.0 "052_Group52" 42 16 27 32 32
CH202 F7.0 "053_Group53" 30 26 33 21 17
CH204 G7.0 "054_Group54" 28 16 37 24 36
CH206 H7.0 "055_Group55" 43 45 24 29 32
CH224 A8.0 "056_Group56" 23 32 38 54 34
CH226 B8.0 "057_Group57" 30 26 27 33 29
CH228 C8.0 "058_Group58" 24 25 32 32 31
CH230 D8.0 "059_Group59" 27 40 30 26 40
CH232 E8.0 "060_Group60" 36 35 40 29 37
CH234 F8.0 "061_Group61" 28 37 40 21 26
CH236 G8.0 "062_Group62" 22 10 14 25 27
CH238 H8.0 "063_Group63" 36 29 32 22 26
CH256 A9.0 "064_Group64" 12 16 12 16 8
CH258 B9.0 "065_Group65" 21 17 10 11 10
CH260 C9.0 "066_Group66" 69 49 35 26 16
CH262 D9.0 "067_Group67" 14 7 8 24 31
CH264 E9.0 "068_Group68" 14 18 13 8 4
CH266 F9.0 "069_Group69" 28 29 33 17 21
CH268 G9.0 "070_Group70" 27 28 12 17 18
CH270 H9.0 "071_Group71" 48 40 38 34 39
CH288 A10.0 "072_Group72" 34 18 20 22 16
CH290 B10.0 "073_Group73" 31 36 40 38 18
CH292 C10.0 "074_Group74" 28 24 35 38 26
CH294 D10.0 "075_Group75" 46 60 41 40 53
CH296 E10.0 "076_Group76" 33 44 22 45 25
CH298 F10.0 "077_Group77" 29 37 24 21 39
CH300 G10.0 "078_Group78" 39 27 18 30 40
CH302 H10.0 "079_Group79" 16 1 17 24 38
CH320 A11.0 "080_Group80" 21 25 17 30 25
CH322 B11.0 "081_Group81" 43 47 19 23 25
CH324 C11.0 "082_Group82" 31 28 25 25 25
CH326 D11.0 "083_Group83" 23 20 33 24 16
CH328 E11.0 "084_Group84" 13 21 11 23 32
CH330 F11.0 "085_Group85" 33 33 21 30 30
CH332 G11.0 "086_Group86" 28 28 29 39 30
CH334 H11.0 "087_Group87" 36 27 30 18 28
CH352 A12.0 "088_Group88" 13 7 13 11 11
CH354 B12.0 "089_Group89" 17 10 7 4 10
CH356 C12.0 "090_Group90" 30 30 24 17 17
CH358 D12.0 "091_Group91" 23 19 34 18 15
CH360 E12.0 "092_Group92" 8 10 10 9 7
CH362 F12.0 "093_Group93" 23 19 20 12 9
CH364 G12.0 "094_Group94" 29 23 29 23 10
CH366 H12.0 "095_Group95" 37 37 41 18 21
