"DATE:" "2/26/2015 9:32:05 AM"
"FILE:" "C:\Users\AndersenLab\Desktop\wmicrotracker\p00011\20150226_0918"
"SUBPROJECT:" "20150226_Longevity_5_daf3"

"<<<<<< Group Activity: Average Activity Counts per Data Interval>>>>>>"
Group/Time[m] 2 4 6 8 10
"000_Group0" 0 0 7 5 1
"001_Group1" 0 2 17 7 4
"002_Group2" 0 12 6 12 0
"003_Group3" 5 0 4 13 8
"004_Group4" 4 0 6 5 5
"005_Group5" 0 2 2 17 3
"006_Group6" 0 0 4 4 10
"007_Group7" 0 17 5 9 2
"008_Group8" 14 15 5 3 10
"009_Group9" 10 2 13 3 11
"010_Group10" 32 12 10 8 5
"011_Group11" 21 19 6 10 10
"012_Group12" 10 16 8 7 8
"013_Group13" 19 19 7 7 4
"014_Group14" 12 19 9 7 10
"015_Group15" 14 11 5 9 8
"016_Group16" 13 8 12 9 7
"017_Group17" 14 8 1 7 2
"018_Group18" 8 12 10 11 11
"019_Group19" 13 16 9 11 6
"020_Group20" 8 8 4 12 13
"021_Group21" 11 16 10 7 2
"022_Group22" 18 22 9 13 4
"023_Group23" 14 6 12 5 13
"024_Group24" 33 17 18 15 11
"025_Group25" 1 5 11 7 7
"026_Group26" 11 15 4 6 4
"027_Group27" 3 11 17 11 10
"028_Group28" 6 13 9 9 9
"029_Group29" 20 22 15 12 8
"030_Group30" 10 6 5 12 7
"031_Group31" 10 6 0 8 6
"032_Group32" 3 12 15 21 13
"033_Group33" 0 6 4 3 0
"034_Group34" 5 6 22 7 16
"035_Group35" 5 14 10 13 12
"036_Group36" 9 8 14 5 14
"037_Group37" 0 0 1 3 1
"038_Group38" 0 0 2 18 6
"039_Group39" 14 14 14 14 10
"040_Group40" 20 15 15 17 14
"041_Group41" 30 16 12 1 7
"042_Group42" 9 13 12 11 6
"043_Group43" 16 9 9 8 11
"044_Group44" 6 14 7 16 10
"045_Group45" 12 12 5 7 6
"046_Group46" 13 8 10 6 7
"047_Group47" 10 5 9 7 4
"048_Group48" 23 28 19 20 21
"049_Group49" 23 20 16 20 13
"050_Group50" 20 24 14 14 7
"051_Group51" 19 20 11 13 11
"052_Group52" 16 13 7 11 7
"053_Group53" 19 9 9 13 5
"054_Group54" 7 13 17 9 12
"055_Group55" 10 15 16 6 15
"056_Group56" 35 13 12 6 12
"057_Group57" 17 14 9 10 9
"058_Group58" 18 9 7 6 9
"059_Group59" 16 19 21 17 5
"060_Group60" 7 8 7 11 12
"061_Group61" 8 15 12 14 10
"062_Group62" 10 9 9 10 6
"063_Group63" 4 10 9 6 9
"064_Group64" 0 6 0 1 2
"065_Group65" 0 3 2 18 17
"066_Group66" 0 3 6 5 10
"067_Group67" 0 6 2 14 7
"068_Group68" 5 4 5 2 5
"069_Group69" 0 2 1 3 12
"070_Group70" 11 10 20 6 15
"071_Group71" 0 5 2 18 18
"072_Group72" 17 5 7 9 14
"073_Group73" 16 9 9 12 7
"074_Group74" 12 19 10 8 8
"075_Group75" 30 11 15 25 13
"076_Group76" 9 5 19 13 9
"077_Group77" 8 6 16 9 9
"078_Group78" 12 20 15 14 16
"079_Group79" 12 14 8 12 8
"080_Group80" 14 12 9 12 9
"081_Group81" 8 10 5 6 20
"082_Group82" 12 20 5 12 14
"083_Group83" 6 12 16 9 11
"084_Group84" 16 8 6 15 8
"085_Group85" 10 24 10 4 8
"086_Group86" 11 7 7 21 10
"087_Group87" 24 7 10 9 4
"088_Group88" 11 8 0 5 8
"089_Group89" 0 9 3 15 1
"090_Group90" 0 15 5 9 10
"091_Group91" 1 5 2 11 6
"092_Group92" 0 9 3 9 5
"093_Group93" 2 2 9 9 4
"094_Group94" 2 0 10 1 4
"095_Group95" 5 7 11 13 12

"<<<<<< Group Activity: Number of wells/group >>>>>>"
Group/Time[m] 2 4 6 8 10
"000_Group0" 1 1 1 1 1
"001_Group1" 1 1 1 1 1
"002_Group2" 1 1 1 1 1
"003_Group3" 1 1 1 1 1
"004_Group4" 1 1 1 1 1
"005_Group5" 1 1 1 1 1
"006_Group6" 1 1 1 1 1
"007_Group7" 1 1 1 1 1
"008_Group8" 1 1 1 1 1
"009_Group9" 1 1 1 1 1
"010_Group10" 1 1 1 1 1
"011_Group11" 1 1 1 1 1
"012_Group12" 1 1 1 1 1
"013_Group13" 1 1 1 1 1
"014_Group14" 1 1 1 1 1
"015_Group15" 1 1 1 1 1
"016_Group16" 1 1 1 1 1
"017_Group17" 1 1 1 1 1
"018_Group18" 1 1 1 1 1
"019_Group19" 1 1 1 1 1
"020_Group20" 1 1 1 1 1
"021_Group21" 1 1 1 1 1
"022_Group22" 1 1 1 1 1
"023_Group23" 1 1 1 1 1
"024_Group24" 1 1 1 1 1
"025_Group25" 1 1 1 1 1
"026_Group26" 1 1 1 1 1
"027_Group27" 1 1 1 1 1
"028_Group28" 1 1 1 1 1
"029_Group29" 1 1 1 1 1
"030_Group30" 1 1 1 1 1
"031_Group31" 1 1 1 1 1
"032_Group32" 1 1 1 1 1
"033_Group33" 1 1 1 1 1
"034_Group34" 1 1 1 1 1
"035_Group35" 1 1 1 1 1
"036_Group36" 1 1 1 1 1
"037_Group37" 1 1 1 1 1
"038_Group38" 1 1 1 1 1
"039_Group39" 1 1 1 1 1
"040_Group40" 1 1 1 1 1
"041_Group41" 1 1 1 1 1
"042_Group42" 1 1 1 1 1
"043_Group43" 1 1 1 1 1
"044_Group44" 1 1 1 1 1
"045_Group45" 1 1 1 1 1
"046_Group46" 1 1 1 1 1
"047_Group47" 1 1 1 1 1
"048_Group48" 1 1 1 1 1
"049_Group49" 1 1 1 1 1
"050_Group50" 1 1 1 1 1
"051_Group51" 1 1 1 1 1
"052_Group52" 1 1 1 1 1
"053_Group53" 1 1 1 1 1
"054_Group54" 1 1 1 1 1
"055_Group55" 1 1 1 1 1
"056_Group56" 1 1 1 1 1
"057_Group57" 1 1 1 1 1
"058_Group58" 1 1 1 1 1
"059_Group59" 1 1 1 1 1
"060_Group60" 1 1 1 1 1
"061_Group61" 1 1 1 1 1
"062_Group62" 1 1 1 1 1
"063_Group63" 1 1 1 1 1
"064_Group64" 1 1 1 1 1
"065_Group65" 1 1 1 1 1
"066_Group66" 1 1 1 1 1
"067_Group67" 1 1 1 1 1
"068_Group68" 1 1 1 1 1
"069_Group69" 1 1 1 1 1
"070_Group70" 1 1 1 1 1
"071_Group71" 1 1 1 1 1
"072_Group72" 1 1 1 1 1
"073_Group73" 1 1 1 1 1
"074_Group74" 1 1 1 1 1
"075_Group75" 1 1 1 1 1
"076_Group76" 1 1 1 1 1
"077_Group77" 1 1 1 1 1
"078_Group78" 1 1 1 1 1
"079_Group79" 1 1 1 1 1
"080_Group80" 1 1 1 1 1
"081_Group81" 1 1 1 1 1
"082_Group82" 1 1 1 1 1
"083_Group83" 1 1 1 1 1
"084_Group84" 1 1 1 1 1
"085_Group85" 1 1 1 1 1
"086_Group86" 1 1 1 1 1
"087_Group87" 1 1 1 1 1
"088_Group88" 1 1 1 1 1
"089_Group89" 1 1 1 1 1
"090_Group90" 1 1 1 1 1
"091_Group91" 1 1 1 1 1
"092_Group92" 1 1 1 1 1
"093_Group93" 1 1 1 1 1
"094_Group94" 1 1 1 1 1
"095_Group95" 1 1 1 1 1

"<<<<<< Number of Samples per Acquisition Interval [1unit=500values] >>>>>>"
Time[m] 2 4 6 8 10 
#Samples 2 2 2 2 2 

"<<<<<< Average Temperature [°C] >>>>>>"
Time[m] 2 4 6 8 10 
Temp[°C] 21.4 21.4 21.4 21.4 21.4 

"<<<<<< Well Activity >>>>>>"
Well Group/Time[m] 2 4 6 8 10
A1 "000_Group0" 0 0 7 5 1
B1 "001_Group1" 0 2 17 7 4
C1 "002_Group2" 0 12 6 12 0
D1 "003_Group3" 5 0 4 13 8
E1 "004_Group4" 4 0 6 5 5
F1 "005_Group5" 0 2 2 17 3
G1 "006_Group6" 0 0 4 4 10
H1 "007_Group7" 0 17 5 9 2
A2 "008_Group8" 14 15 5 3 10
B2 "009_Group9" 10 2 13 3 11
C2 "010_Group10" 32 12 10 8 5
D2 "011_Group11" 21 19 6 10 10
E2 "012_Group12" 10 16 8 7 8
F2 "013_Group13" 19 19 7 7 4
G2 "014_Group14" 12 19 9 7 10
H2 "015_Group15" 14 11 5 9 8
A3 "016_Group16" 13 8 12 9 7
B3 "017_Group17" 14 8 1 7 2
C3 "018_Group18" 8 12 10 11 11
D3 "019_Group19" 13 16 9 11 6
E3 "020_Group20" 8 8 4 12 13
F3 "021_Group21" 11 16 10 7 2
G3 "022_Group22" 18 22 9 13 4
H3 "023_Group23" 14 6 12 5 13
A4 "024_Group24" 33 17 18 15 11
B4 "025_Group25" 1 5 11 7 7
C4 "026_Group26" 11 15 4 6 4
D4 "027_Group27" 3 11 17 11 10
E4 "028_Group28" 6 13 9 9 9
F4 "029_Group29" 20 22 15 12 8
G4 "030_Group30" 10 6 5 12 7
H4 "031_Group31" 10 6 0 8 6
A5 "032_Group32" 3 12 15 21 13
B5 "033_Group33" 0 6 4 3 0
C5 "034_Group34" 5 6 22 7 16
D5 "035_Group35" 5 14 10 13 12
E5 "036_Group36" 9 8 14 5 14
F5 "037_Group37" 0 0 1 3 1
G5 "038_Group38" 0 0 2 18 6
H5 "039_Group39" 14 14 14 14 10
A6 "040_Group40" 20 15 15 17 14
B6 "041_Group41" 30 16 12 1 7
C6 "042_Group42" 9 13 12 11 6
D6 "043_Group43" 16 9 9 8 11
E6 "044_Group44" 6 14 7 16 10
F6 "045_Group45" 12 12 5 7 6
G6 "046_Group46" 13 8 10 6 7
H6 "047_Group47" 10 5 9 7 4
A7 "048_Group48" 23 28 19 20 21
B7 "049_Group49" 23 20 16 20 13
C7 "050_Group50" 20 24 14 14 7
D7 "051_Group51" 19 20 11 13 11
E7 "052_Group52" 16 13 7 11 7
F7 "053_Group53" 19 9 9 13 5
G7 "054_Group54" 7 13 17 9 12
H7 "055_Group55" 10 15 16 6 15
A8 "056_Group56" 35 13 12 6 12
B8 "057_Group57" 17 14 9 10 9
C8 "058_Group58" 18 9 7 6 9
D8 "059_Group59" 16 19 21 17 5
E8 "060_Group60" 7 8 7 11 12
F8 "061_Group61" 8 15 12 14 10
G8 "062_Group62" 10 9 9 10 6
H8 "063_Group63" 4 10 9 6 9
A9 "064_Group64" 0 6 0 1 2
B9 "065_Group65" 0 3 2 18 17
C9 "066_Group66" 0 3 6 5 10
D9 "067_Group67" 0 6 2 14 7
E9 "068_Group68" 5 4 5 2 5
F9 "069_Group69" 0 2 1 3 12
G9 "070_Group70" 11 10 20 6 15
H9 "071_Group71" 0 5 2 18 18
A10 "072_Group72" 17 5 7 9 14
B10 "073_Group73" 16 9 9 12 7
C10 "074_Group74" 12 19 10 8 8
D10 "075_Group75" 30 11 15 25 13
E10 "076_Group76" 9 5 19 13 9
F10 "077_Group77" 8 6 16 9 9
G10 "078_Group78" 12 20 15 14 16
H10 "079_Group79" 12 14 8 12 8
A11 "080_Group80" 14 12 9 12 9
B11 "081_Group81" 8 10 5 6 20
C11 "082_Group82" 12 20 5 12 14
D11 "083_Group83" 6 12 16 9 11
E11 "084_Group84" 16 8 6 15 8
F11 "085_Group85" 10 24 10 4 8
G11 "086_Group86" 11 7 7 21 10
H11 "087_Group87" 24 7 10 9 4
A12 "088_Group88" 11 8 0 5 8
B12 "089_Group89" 0 9 3 15 1
C12 "090_Group90" 0 15 5 9 10
D12 "091_Group91" 1 5 2 11 6
E12 "092_Group92" 0 9 3 9 5
F12 "093_Group93" 2 2 9 9 4
G12 "094_Group94" 2 0 10 1 4
H12 "095_Group95" 5 7 11 13 12

"<<<<<< Channel Activity >>>>>>"
Channel Well Group/Time[m] 2 4 6 8 10
CH0 A1.0 "000_Group0" 0 0 7 5 1
CH2 B1.0 "001_Group1" 0 2 17 7 4
CH4 C1.0 "002_Group2" 0 12 6 12 0
CH6 D1.0 "003_Group3" 5 0 4 13 8
CH8 E1.0 "004_Group4" 4 0 6 5 5
CH10 F1.0 "005_Group5" 0 2 2 17 3
CH12 G1.0 "006_Group6" 0 0 4 4 10
CH14 H1.0 "007_Group7" 0 17 5 9 2
CH32 A2.0 "008_Group8" 14 15 5 3 10
CH34 B2.0 "009_Group9" 10 2 13 3 11
CH36 C2.0 "010_Group10" 32 12 10 8 5
CH38 D2.0 "011_Group11" 21 19 6 10 10
CH40 E2.0 "012_Group12" 10 16 8 7 8
CH42 F2.0 "013_Group13" 19 19 7 7 4
CH44 G2.0 "014_Group14" 12 19 9 7 10
CH46 H2.0 "015_Group15" 14 11 5 9 8
CH64 A3.0 "016_Group16" 13 8 12 9 7
CH66 B3.0 "017_Group17" 14 8 1 7 2
CH68 C3.0 "018_Group18" 8 12 10 11 11
CH70 D3.0 "019_Group19" 13 16 9 11 6
CH72 E3.0 "020_Group20" 8 8 4 12 13
CH74 F3.0 "021_Group21" 11 16 10 7 2
CH76 G3.0 "022_Group22" 18 22 9 13 4
CH78 H3.0 "023_Group23" 14 6 12 5 13
CH96 A4.0 "024_Group24" 33 17 18 15 11
CH98 B4.0 "025_Group25" 1 5 11 7 7
CH100 C4.0 "026_Group26" 11 15 4 6 4
CH102 D4.0 "027_Group27" 3 11 17 11 10
CH104 E4.0 "028_Group28" 6 13 9 9 9
CH106 F4.0 "029_Group29" 20 22 15 12 8
CH108 G4.0 "030_Group30" 10 6 5 12 7
CH110 H4.0 "031_Group31" 10 6 0 8 6
CH128 A5.0 "032_Group32" 3 12 15 21 13
CH130 B5.0 "033_Group33" 0 6 4 3 0
CH132 C5.0 "034_Group34" 5 6 22 7 16
CH134 D5.0 "035_Group35" 5 14 10 13 12
CH136 E5.0 "036_Group36" 9 8 14 5 14
CH138 F5.0 "037_Group37" 0 0 1 3 1
CH140 G5.0 "038_Group38" 0 0 2 18 6
CH142 H5.0 "039_Group39" 14 14 14 14 10
CH160 A6.0 "040_Group40" 20 15 15 17 14
CH162 B6.0 "041_Group41" 30 16 12 1 7
CH164 C6.0 "042_Group42" 9 13 12 11 6
CH166 D6.0 "043_Group43" 16 9 9 8 11
CH168 E6.0 "044_Group44" 6 14 7 16 10
CH170 F6.0 "045_Group45" 12 12 5 7 6
CH172 G6.0 "046_Group46" 13 8 10 6 7
CH174 H6.0 "047_Group47" 10 5 9 7 4
CH192 A7.0 "048_Group48" 23 28 19 20 21
CH194 B7.0 "049_Group49" 23 20 16 20 13
CH196 C7.0 "050_Group50" 20 24 14 14 7
CH198 D7.0 "051_Group51" 19 20 11 13 11
CH200 E7.0 "052_Group52" 16 13 7 11 7
CH202 F7.0 "053_Group53" 19 9 9 13 5
CH204 G7.0 "054_Group54" 7 13 17 9 12
CH206 H7.0 "055_Group55" 10 15 16 6 15
CH224 A8.0 "056_Group56" 35 13 12 6 12
CH226 B8.0 "057_Group57" 17 14 9 10 9
CH228 C8.0 "058_Group58" 18 9 7 6 9
CH230 D8.0 "059_Group59" 16 19 21 17 5
CH232 E8.0 "060_Group60" 7 8 7 11 12
CH234 F8.0 "061_Group61" 8 15 12 14 10
CH236 G8.0 "062_Group62" 10 9 9 10 6
CH238 H8.0 "063_Group63" 4 10 9 6 9
CH256 A9.0 "064_Group64" 0 6 0 1 2
CH258 B9.0 "065_Group65" 0 3 2 18 17
CH260 C9.0 "066_Group66" 0 3 6 5 10
CH262 D9.0 "067_Group67" 0 6 2 14 7
CH264 E9.0 "068_Group68" 5 4 5 2 5
CH266 F9.0 "069_Group69" 0 2 1 3 12
CH268 G9.0 "070_Group70" 11 10 20 6 15
CH270 H9.0 "071_Group71" 0 5 2 18 18
CH288 A10.0 "072_Group72" 17 5 7 9 14
CH290 B10.0 "073_Group73" 16 9 9 12 7
CH292 C10.0 "074_Group74" 12 19 10 8 8
CH294 D10.0 "075_Group75" 30 11 15 25 13
CH296 E10.0 "076_Group76" 9 5 19 13 9
CH298 F10.0 "077_Group77" 8 6 16 9 9
CH300 G10.0 "078_Group78" 12 20 15 14 16
CH302 H10.0 "079_Group79" 12 14 8 12 8
CH320 A11.0 "080_Group80" 14 12 9 12 9
CH322 B11.0 "081_Group81" 8 10 5 6 20
CH324 C11.0 "082_Group82" 12 20 5 12 14
CH326 D11.0 "083_Group83" 6 12 16 9 11
CH328 E11.0 "084_Group84" 16 8 6 15 8
CH330 F11.0 "085_Group85" 10 24 10 4 8
CH332 G11.0 "086_Group86" 11 7 7 21 10
CH334 H11.0 "087_Group87" 24 7 10 9 4
CH352 A12.0 "088_Group88" 11 8 0 5 8
CH354 B12.0 "089_Group89" 0 9 3 15 1
CH356 C12.0 "090_Group90" 0 15 5 9 10
CH358 D12.0 "091_Group91" 1 5 2 11 6
CH360 E12.0 "092_Group92" 0 9 3 9 5
CH362 F12.0 "093_Group93" 2 2 9 9 4
CH364 G12.0 "094_Group94" 2 0 10 1 4
CH366 H12.0 "095_Group95" 5 7 11 13 12
