"DATE:" "2/23/2015 8:41:16 AM"
"FILE:" "C:\Users\AndersenLab\Desktop\wmicrotracker\p00011\20150223_0828"
"SUBPROJECT:" "20150223_Longevity_5_daf3"

"<<<<<< Group Activity: Average Activity Counts per Data Interval>>>>>>"
Group/Time[m] 2 4 6 8 10
"000_Group0" 11 2 1 0 1
"001_Group1" 5 11 5 15 10
"002_Group2" 4 16 6 7 0
"003_Group3" 0 5 4 2 1
"004_Group4" 0 0 12 2 7
"005_Group5" 8 11 4 4 2
"006_Group6" 3 6 1 2 0
"007_Group7" 13 19 18 15 17
"008_Group8" 19 23 21 17 12
"009_Group9" 25 17 12 14 19
"010_Group10" 16 11 17 14 13
"011_Group11" 29 21 11 8 11
"012_Group12" 12 14 16 14 15
"013_Group13" 38 31 14 12 18
"014_Group14" 27 15 24 9 10
"015_Group15" 25 21 17 10 3
"016_Group16" 18 20 20 14 15
"017_Group17" 8 8 13 9 8
"018_Group18" 16 16 14 13 21
"019_Group19" 21 13 12 14 15
"020_Group20" 4 19 12 16 5
"021_Group21" 37 16 18 19 10
"022_Group22" 27 16 12 14 13
"023_Group23" 14 22 24 14 11
"024_Group24" 20 28 16 12 18
"025_Group25" 7 9 13 17 6
"026_Group26" 26 22 7 14 11
"027_Group27" 16 14 13 19 13
"028_Group28" 12 14 19 6 10
"029_Group29" 18 11 7 12 8
"030_Group30" 19 13 14 9 9
"031_Group31" 51 16 9 18 9
"032_Group32" 12 16 10 7 6
"033_Group33" 8 10 3 12 26
"034_Group34" 8 5 1 11 3
"035_Group35" 5 0 1 6 4
"036_Group36" 19 7 7 2 5
"037_Group37" 3 11 3 0 1
"038_Group38" 6 12 0 3 2
"039_Group39" 7 18 8 8 12
"040_Group40" 18 13 17 11 23
"041_Group41" 15 18 6 17 20
"042_Group42" 20 14 16 11 9
"043_Group43" 17 19 14 14 19
"044_Group44" 24 28 23 14 24
"045_Group45" 24 17 10 13 10
"046_Group46" 13 19 14 9 10
"047_Group47" 36 35 16 16 26
"048_Group48" 27 47 35 21 10
"049_Group49" 10 17 16 10 15
"050_Group50" 41 30 34 9 15
"051_Group51" 9 15 17 16 17
"052_Group52" 18 16 14 9 13
"053_Group53" 13 7 9 12 11
"054_Group54" 14 16 5 14 17
"055_Group55" 22 32 24 24 17
"056_Group56" 26 7 16 7 12
"057_Group57" 18 23 24 12 16
"058_Group58" 16 15 14 19 8
"059_Group59" 23 22 31 16 14
"060_Group60" 12 11 5 7 3
"061_Group61" 16 20 15 21 8
"062_Group62" 10 21 8 13 9
"063_Group63" 43 18 12 10 13
"064_Group64" 8 6 7 3 11
"065_Group65" 11 22 5 1 27
"066_Group66" 3 19 18 3 0
"067_Group67" 5 9 25 9 7
"068_Group68" 3 3 0 4 0
"069_Group69" 5 11 13 7 17
"070_Group70" 0 9 3 5 7
"071_Group71" 16 0 12 2 4
"072_Group72" 19 19 11 7 7
"073_Group73" 19 25 34 16 13
"074_Group74" 17 12 17 13 5
"075_Group75" 23 27 21 27 15
"076_Group76" 30 20 20 9 12
"077_Group77" 15 20 19 29 23
"078_Group78" 20 9 11 10 6
"079_Group79" 21 32 21 8 9
"080_Group80" 18 7 11 10 20
"081_Group81" 25 24 17 26 10
"082_Group82" 20 13 14 8 9
"083_Group83" 10 14 16 21 15
"084_Group84" 15 24 10 13 13
"085_Group85" 18 25 19 13 15
"086_Group86" 23 39 13 12 20
"087_Group87" 32 24 13 16 11
"088_Group88" 16 5 17 13 3
"089_Group89" 4 0 0 0 0
"090_Group90" 7 7 9 1 5
"091_Group91" 12 12 22 12 14
"092_Group92" 14 11 5 6 7
"093_Group93" 15 6 6 8 6
"094_Group94" 7 2 0 7 2
"095_Group95" 5 21 13 16 16

"<<<<<< Group Activity: Number of wells/group >>>>>>"
Group/Time[m] 2 4 6 8 10
"000_Group0" 1 1 1 1 1
"001_Group1" 1 1 1 1 1
"002_Group2" 1 1 1 1 1
"003_Group3" 1 1 1 1 1
"004_Group4" 1 1 1 1 1
"005_Group5" 1 1 1 1 1
"006_Group6" 1 1 1 1 1
"007_Group7" 1 1 1 1 1
"008_Group8" 1 1 1 1 1
"009_Group9" 1 1 1 1 1
"010_Group10" 1 1 1 1 1
"011_Group11" 1 1 1 1 1
"012_Group12" 1 1 1 1 1
"013_Group13" 1 1 1 1 1
"014_Group14" 1 1 1 1 1
"015_Group15" 1 1 1 1 1
"016_Group16" 1 1 1 1 1
"017_Group17" 1 1 1 1 1
"018_Group18" 1 1 1 1 1
"019_Group19" 1 1 1 1 1
"020_Group20" 1 1 1 1 1
"021_Group21" 1 1 1 1 1
"022_Group22" 1 1 1 1 1
"023_Group23" 1 1 1 1 1
"024_Group24" 1 1 1 1 1
"025_Group25" 1 1 1 1 1
"026_Group26" 1 1 1 1 1
"027_Group27" 1 1 1 1 1
"028_Group28" 1 1 1 1 1
"029_Group29" 1 1 1 1 1
"030_Group30" 1 1 1 1 1
"031_Group31" 1 1 1 1 1
"032_Group32" 1 1 1 1 1
"033_Group33" 1 1 1 1 1
"034_Group34" 1 1 1 1 1
"035_Group35" 1 1 1 1 1
"036_Group36" 1 1 1 1 1
"037_Group37" 1 1 1 1 1
"038_Group38" 1 1 1 1 1
"039_Group39" 1 1 1 1 1
"040_Group40" 1 1 1 1 1
"041_Group41" 1 1 1 1 1
"042_Group42" 1 1 1 1 1
"043_Group43" 1 1 1 1 1
"044_Group44" 1 1 1 1 1
"045_Group45" 1 1 1 1 1
"046_Group46" 1 1 1 1 1
"047_Group47" 1 1 1 1 1
"048_Group48" 1 1 1 1 1
"049_Group49" 1 1 1 1 1
"050_Group50" 1 1 1 1 1
"051_Group51" 1 1 1 1 1
"052_Group52" 1 1 1 1 1
"053_Group53" 1 1 1 1 1
"054_Group54" 1 1 1 1 1
"055_Group55" 1 1 1 1 1
"056_Group56" 1 1 1 1 1
"057_Group57" 1 1 1 1 1
"058_Group58" 1 1 1 1 1
"059_Group59" 1 1 1 1 1
"060_Group60" 1 1 1 1 1
"061_Group61" 1 1 1 1 1
"062_Group62" 1 1 1 1 1
"063_Group63" 1 1 1 1 1
"064_Group64" 1 1 1 1 1
"065_Group65" 1 1 1 1 1
"066_Group66" 1 1 1 1 1
"067_Group67" 1 1 1 1 1
"068_Group68" 1 1 1 1 1
"069_Group69" 1 1 1 1 1
"070_Group70" 1 1 1 1 1
"071_Group71" 1 1 1 1 1
"072_Group72" 1 1 1 1 1
"073_Group73" 1 1 1 1 1
"074_Group74" 1 1 1 1 1
"075_Group75" 1 1 1 1 1
"076_Group76" 1 1 1 1 1
"077_Group77" 1 1 1 1 1
"078_Group78" 1 1 1 1 1
"079_Group79" 1 1 1 1 1
"080_Group80" 1 1 1 1 1
"081_Group81" 1 1 1 1 1
"082_Group82" 1 1 1 1 1
"083_Group83" 1 1 1 1 1
"084_Group84" 1 1 1 1 1
"085_Group85" 1 1 1 1 1
"086_Group86" 1 1 1 1 1
"087_Group87" 1 1 1 1 1
"088_Group88" 1 1 1 1 1
"089_Group89" 1 1 1 1 1
"090_Group90" 1 1 1 1 1
"091_Group91" 1 1 1 1 1
"092_Group92" 1 1 1 1 1
"093_Group93" 1 1 1 1 1
"094_Group94" 1 1 1 1 1
"095_Group95" 1 1 1 1 1

"<<<<<< Number of Samples per Acquisition Interval [1unit=500values] >>>>>>"
Time[m] 2 4 6 8 10 
#Samples 2 2 2 2 2 

"<<<<<< Average Temperature [°C] >>>>>>"
Time[m] 2 4 6 8 10 
Temp[°C] 20.3 20.3 20.3 20.3 20.3 

"<<<<<< Well Activity >>>>>>"
Well Group/Time[m] 2 4 6 8 10
A1 "000_Group0" 11 2 1 0 1
B1 "001_Group1" 5 11 5 15 10
C1 "002_Group2" 4 16 6 7 0
D1 "003_Group3" 0 5 4 2 1
E1 "004_Group4" 0 0 12 2 7
F1 "005_Group5" 8 11 4 4 2
G1 "006_Group6" 3 6 1 2 0
H1 "007_Group7" 13 19 18 15 17
A2 "008_Group8" 19 23 21 17 12
B2 "009_Group9" 25 17 12 14 19
C2 "010_Group10" 16 11 17 14 13
D2 "011_Group11" 29 21 11 8 11
E2 "012_Group12" 12 14 16 14 15
F2 "013_Group13" 38 31 14 12 18
G2 "014_Group14" 27 15 24 9 10
H2 "015_Group15" 25 21 17 10 3
A3 "016_Group16" 18 20 20 14 15
B3 "017_Group17" 8 8 13 9 8
C3 "018_Group18" 16 16 14 13 21
D3 "019_Group19" 21 13 12 14 15
E3 "020_Group20" 4 19 12 16 5
F3 "021_Group21" 37 16 18 19 10
G3 "022_Group22" 27 16 12 14 13
H3 "023_Group23" 14 22 24 14 11
A4 "024_Group24" 20 28 16 12 18
B4 "025_Group25" 7 9 13 17 6
C4 "026_Group26" 26 22 7 14 11
D4 "027_Group27" 16 14 13 19 13
E4 "028_Group28" 12 14 19 6 10
F4 "029_Group29" 18 11 7 12 8
G4 "030_Group30" 19 13 14 9 9
H4 "031_Group31" 51 16 9 18 9
A5 "032_Group32" 12 16 10 7 6
B5 "033_Group33" 8 10 3 12 26
C5 "034_Group34" 8 5 1 11 3
D5 "035_Group35" 5 0 1 6 4
E5 "036_Group36" 19 7 7 2 5
F5 "037_Group37" 3 11 3 0 1
G5 "038_Group38" 6 12 0 3 2
H5 "039_Group39" 7 18 8 8 12
A6 "040_Group40" 18 13 17 11 23
B6 "041_Group41" 15 18 6 17 20
C6 "042_Group42" 20 14 16 11 9
D6 "043_Group43" 17 19 14 14 19
E6 "044_Group44" 24 28 23 14 24
F6 "045_Group45" 24 17 10 13 10
G6 "046_Group46" 13 19 14 9 10
H6 "047_Group47" 36 35 16 16 26
A7 "048_Group48" 27 47 35 21 10
B7 "049_Group49" 10 17 16 10 15
C7 "050_Group50" 41 30 34 9 15
D7 "051_Group51" 9 15 17 16 17
E7 "052_Group52" 18 16 14 9 13
F7 "053_Group53" 13 7 9 12 11
G7 "054_Group54" 14 16 5 14 17
H7 "055_Group55" 22 32 24 24 17
A8 "056_Group56" 26 7 16 7 12
B8 "057_Group57" 18 23 24 12 16
C8 "058_Group58" 16 15 14 19 8
D8 "059_Group59" 23 22 31 16 14
E8 "060_Group60" 12 11 5 7 3
F8 "061_Group61" 16 20 15 21 8
G8 "062_Group62" 10 21 8 13 9
H8 "063_Group63" 43 18 12 10 13
A9 "064_Group64" 8 6 7 3 11
B9 "065_Group65" 11 22 5 1 27
C9 "066_Group66" 3 19 18 3 0
D9 "067_Group67" 5 9 25 9 7
E9 "068_Group68" 3 3 0 4 0
F9 "069_Group69" 5 11 13 7 17
G9 "070_Group70" 0 9 3 5 7
H9 "071_Group71" 16 0 12 2 4
A10 "072_Group72" 19 19 11 7 7
B10 "073_Group73" 19 25 34 16 13
C10 "074_Group74" 17 12 17 13 5
D10 "075_Group75" 23 27 21 27 15
E10 "076_Group76" 30 20 20 9 12
F10 "077_Group77" 15 20 19 29 23
G10 "078_Group78" 20 9 11 10 6
H10 "079_Group79" 21 32 21 8 9
A11 "080_Group80" 18 7 11 10 20
B11 "081_Group81" 25 24 17 26 10
C11 "082_Group82" 20 13 14 8 9
D11 "083_Group83" 10 14 16 21 15
E11 "084_Group84" 15 24 10 13 13
F11 "085_Group85" 18 25 19 13 15
G11 "086_Group86" 23 39 13 12 20
H11 "087_Group87" 32 24 13 16 11
A12 "088_Group88" 16 5 17 13 3
B12 "089_Group89" 4 0 0 0 0
C12 "090_Group90" 7 7 9 1 5
D12 "091_Group91" 12 12 22 12 14
E12 "092_Group92" 14 11 5 6 7
F12 "093_Group93" 15 6 6 8 6
G12 "094_Group94" 7 2 0 7 2
H12 "095_Group95" 5 21 13 16 16

"<<<<<< Channel Activity >>>>>>"
Channel Well Group/Time[m] 2 4 6 8 10
CH0 A1.0 "000_Group0" 11 2 1 0 1
CH2 B1.0 "001_Group1" 5 11 5 15 10
CH4 C1.0 "002_Group2" 4 16 6 7 0
CH6 D1.0 "003_Group3" 0 5 4 2 1
CH8 E1.0 "004_Group4" 0 0 12 2 7
CH10 F1.0 "005_Group5" 8 11 4 4 2
CH12 G1.0 "006_Group6" 3 6 1 2 0
CH14 H1.0 "007_Group7" 13 19 18 15 17
CH32 A2.0 "008_Group8" 19 23 21 17 12
CH34 B2.0 "009_Group9" 25 17 12 14 19
CH36 C2.0 "010_Group10" 16 11 17 14 13
CH38 D2.0 "011_Group11" 29 21 11 8 11
CH40 E2.0 "012_Group12" 12 14 16 14 15
CH42 F2.0 "013_Group13" 38 31 14 12 18
CH44 G2.0 "014_Group14" 27 15 24 9 10
CH46 H2.0 "015_Group15" 25 21 17 10 3
CH64 A3.0 "016_Group16" 18 20 20 14 15
CH66 B3.0 "017_Group17" 8 8 13 9 8
CH68 C3.0 "018_Group18" 16 16 14 13 21
CH70 D3.0 "019_Group19" 21 13 12 14 15
CH72 E3.0 "020_Group20" 4 19 12 16 5
CH74 F3.0 "021_Group21" 37 16 18 19 10
CH76 G3.0 "022_Group22" 27 16 12 14 13
CH78 H3.0 "023_Group23" 14 22 24 14 11
CH96 A4.0 "024_Group24" 20 28 16 12 18
CH98 B4.0 "025_Group25" 7 9 13 17 6
CH100 C4.0 "026_Group26" 26 22 7 14 11
CH102 D4.0 "027_Group27" 16 14 13 19 13
CH104 E4.0 "028_Group28" 12 14 19 6 10
CH106 F4.0 "029_Group29" 18 11 7 12 8
CH108 G4.0 "030_Group30" 19 13 14 9 9
CH110 H4.0 "031_Group31" 51 16 9 18 9
CH128 A5.0 "032_Group32" 12 16 10 7 6
CH130 B5.0 "033_Group33" 8 10 3 12 26
CH132 C5.0 "034_Group34" 8 5 1 11 3
CH134 D5.0 "035_Group35" 5 0 1 6 4
CH136 E5.0 "036_Group36" 19 7 7 2 5
CH138 F5.0 "037_Group37" 3 11 3 0 1
CH140 G5.0 "038_Group38" 6 12 0 3 2
CH142 H5.0 "039_Group39" 7 18 8 8 12
CH160 A6.0 "040_Group40" 18 13 17 11 23
CH162 B6.0 "041_Group41" 15 18 6 17 20
CH164 C6.0 "042_Group42" 20 14 16 11 9
CH166 D6.0 "043_Group43" 17 19 14 14 19
CH168 E6.0 "044_Group44" 24 28 23 14 24
CH170 F6.0 "045_Group45" 24 17 10 13 10
CH172 G6.0 "046_Group46" 13 19 14 9 10
CH174 H6.0 "047_Group47" 36 35 16 16 26
CH192 A7.0 "048_Group48" 27 47 35 21 10
CH194 B7.0 "049_Group49" 10 17 16 10 15
CH196 C7.0 "050_Group50" 41 30 34 9 15
CH198 D7.0 "051_Group51" 9 15 17 16 17
CH200 E7.0 "052_Group52" 18 16 14 9 13
CH202 F7.0 "053_Group53" 13 7 9 12 11
CH204 G7.0 "054_Group54" 14 16 5 14 17
CH206 H7.0 "055_Group55" 22 32 24 24 17
CH224 A8.0 "056_Group56" 26 7 16 7 12
CH226 B8.0 "057_Group57" 18 23 24 12 16
CH228 C8.0 "058_Group58" 16 15 14 19 8
CH230 D8.0 "059_Group59" 23 22 31 16 14
CH232 E8.0 "060_Group60" 12 11 5 7 3
CH234 F8.0 "061_Group61" 16 20 15 21 8
CH236 G8.0 "062_Group62" 10 21 8 13 9
CH238 H8.0 "063_Group63" 43 18 12 10 13
CH256 A9.0 "064_Group64" 8 6 7 3 11
CH258 B9.0 "065_Group65" 11 22 5 1 27
CH260 C9.0 "066_Group66" 3 19 18 3 0
CH262 D9.0 "067_Group67" 5 9 25 9 7
CH264 E9.0 "068_Group68" 3 3 0 4 0
CH266 F9.0 "069_Group69" 5 11 13 7 17
CH268 G9.0 "070_Group70" 0 9 3 5 7
CH270 H9.0 "071_Group71" 16 0 12 2 4
CH288 A10.0 "072_Group72" 19 19 11 7 7
CH290 B10.0 "073_Group73" 19 25 34 16 13
CH292 C10.0 "074_Group74" 17 12 17 13 5
CH294 D10.0 "075_Group75" 23 27 21 27 15
CH296 E10.0 "076_Group76" 30 20 20 9 12
CH298 F10.0 "077_Group77" 15 20 19 29 23
CH300 G10.0 "078_Group78" 20 9 11 10 6
CH302 H10.0 "079_Group79" 21 32 21 8 9
CH320 A11.0 "080_Group80" 18 7 11 10 20
CH322 B11.0 "081_Group81" 25 24 17 26 10
CH324 C11.0 "082_Group82" 20 13 14 8 9
CH326 D11.0 "083_Group83" 10 14 16 21 15
CH328 E11.0 "084_Group84" 15 24 10 13 13
CH330 F11.0 "085_Group85" 18 25 19 13 15
CH332 G11.0 "086_Group86" 23 39 13 12 20
CH334 H11.0 "087_Group87" 32 24 13 16 11
CH352 A12.0 "088_Group88" 16 5 17 13 3
CH354 B12.0 "089_Group89" 4 0 0 0 0
CH356 C12.0 "090_Group90" 7 7 9 1 5
CH358 D12.0 "091_Group91" 12 12 22 12 14
CH360 E12.0 "092_Group92" 14 11 5 6 7
CH362 F12.0 "093_Group93" 15 6 6 8 6
CH364 G12.0 "094_Group94" 7 2 0 7 2
CH366 H12.0 "095_Group95" 5 21 13 16 16
