"DATE:" "1/30/2015 9:29:07 AM"
"FILE:" "C:\Users\AndersenLab\Desktop\wmicrotracker\p00011\20150130_0916"
"SUBPROJECT:" "20150130_Longevity_3_4mgmL"

"<<<<<< Group Activity: Average Activity Counts per Data Interval>>>>>>"
Group/Time[m] 2 4 6 8 10
"000_Group0" 0 0 0 0 0
"001_Group1" 0 0 0 0 0
"002_Group2" 0 0 0 0 0
"003_Group3" 4 0 7 2 3
"004_Group4" 0 0 0 1 5
"005_Group5" 0 0 0 0 0
"006_Group6" 0 0 0 0 0
"007_Group7" 3 6 0 0 0
"008_Group8" 37 48 36 45 30
"009_Group9" 34 35 42 36 18
"010_Group10" 15 34 34 35 18
"011_Group11" 28 32 46 36 42
"012_Group12" 24 35 41 37 18
"013_Group13" 14 38 22 40 20
"014_Group14" 18 43 32 27 30
"015_Group15" 16 29 28 30 22
"016_Group16" 1 0 0 0 0
"017_Group17" 0 0 0 0 0
"018_Group18" 9 4 13 3 0
"019_Group19" 0 0 0 0 0
"020_Group20" 0 0 0 0 0
"021_Group21" 0 0 0 0 0
"022_Group22" 0 1 0 0 0
"023_Group23" 0 0 0 0 0
"024_Group24" 27 35 16 10 15
"025_Group25" 32 15 19 25 15
"026_Group26" 8 6 9 9 9
"027_Group27" 14 18 27 18 20
"028_Group28" 41 23 29 33 24
"029_Group29" 15 11 7 10 11
"030_Group30" 15 5 9 15 16
"031_Group31" 12 30 26 12 12
"032_Group32" 5 3 6 2 5
"033_Group33" 0 0 0 0 0
"034_Group34" 12 8 9 5 17
"035_Group35" 7 14 6 7 10
"036_Group36" 0 0 0 2 0
"037_Group37" 0 0 0 0 0
"038_Group38" 0 0 0 0 1
"039_Group39" 5 0 0 0 2
"040_Group40" 0 0 0 0 0
"041_Group41" 0 0 0 0 0
"042_Group42" 0 0 0 0 0
"043_Group43" 0 0 0 0 0
"044_Group44" 2 4 1 0 8
"045_Group45" 0 0 0 0 0
"046_Group46" 1 2 1 0 4
"047_Group47" 0 0 0 0 0
"048_Group48" 10 14 27 18 23
"049_Group49" 26 35 17 19 25
"050_Group50" 4 12 10 6 7
"051_Group51" 13 2 18 20 18
"052_Group52" 36 31 16 17 17
"053_Group53" 14 18 26 22 20
"054_Group54" 23 14 8 15 20
"055_Group55" 21 11 13 12 10
"056_Group56" 20 20 10 28 12
"057_Group57" 25 13 7 20 12
"058_Group58" 11 21 9 12 14
"059_Group59" 21 15 18 15 11
"060_Group60" 23 34 16 12 17
"061_Group61" 21 21 14 19 7
"062_Group62" 8 11 12 19 10
"063_Group63" 13 6 16 14 17
"064_Group64" 25 10 29 41 33
"065_Group65" 25 25 30 21 23
"066_Group66" 18 34 35 24 36
"067_Group67" 29 51 38 50 46
"068_Group68" 29 36 25 36 39
"069_Group69" 25 13 26 4 12
"070_Group70" 29 44 24 20 15
"071_Group71" 32 34 47 40 40
"072_Group72" 0 0 0 0 0
"073_Group73" 0 0 1 0 0
"074_Group74" 40 43 23 26 26
"075_Group75" 27 28 8 22 12
"076_Group76" 0 0 0 0 0
"077_Group77" 0 0 0 0 0
"078_Group78" 0 1 0 0 0
"079_Group79" 0 0 0 0 0
"080_Group80" 14 3 7 13 19
"081_Group81" 10 12 8 13 5
"082_Group82" 17 7 11 11 8
"083_Group83" 13 11 20 13 13
"084_Group84" 9 18 10 10 14
"085_Group85" 15 16 12 14 9
"086_Group86" 12 18 10 12 10
"087_Group87" 24 11 17 16 11
"088_Group88" 0 0 0 0 0
"089_Group89" 1 5 0 0 0
"090_Group90" 0 0 0 0 0
"091_Group91" 0 0 0 0 0
"092_Group92" 0 0 0 0 0
"093_Group93" 0 0 0 0 0
"094_Group94" 0 0 0 0 0
"095_Group95" 0 0 0 0 0

"<<<<<< Group Activity: Number of wells/group >>>>>>"
Group/Time[m] 2 4 6 8 10
"000_Group0" 1 1 1 1 1
"001_Group1" 1 1 1 1 1
"002_Group2" 1 1 1 1 1
"003_Group3" 1 1 1 1 1
"004_Group4" 1 1 1 1 1
"005_Group5" 1 1 1 1 1
"006_Group6" 1 1 1 1 1
"007_Group7" 1 1 1 1 1
"008_Group8" 1 1 1 1 1
"009_Group9" 1 1 1 1 1
"010_Group10" 1 1 1 1 1
"011_Group11" 1 1 1 1 1
"012_Group12" 1 1 1 1 1
"013_Group13" 1 1 1 1 1
"014_Group14" 1 1 1 1 1
"015_Group15" 1 1 1 1 1
"016_Group16" 1 1 1 1 1
"017_Group17" 1 1 1 1 1
"018_Group18" 1 1 1 1 1
"019_Group19" 1 1 1 1 1
"020_Group20" 1 1 1 1 1
"021_Group21" 1 1 1 1 1
"022_Group22" 1 1 1 1 1
"023_Group23" 1 1 1 1 1
"024_Group24" 1 1 1 1 1
"025_Group25" 1 1 1 1 1
"026_Group26" 1 1 1 1 1
"027_Group27" 1 1 1 1 1
"028_Group28" 1 1 1 1 1
"029_Group29" 1 1 1 1 1
"030_Group30" 1 1 1 1 1
"031_Group31" 1 1 1 1 1
"032_Group32" 1 1 1 1 1
"033_Group33" 1 1 1 1 1
"034_Group34" 1 1 1 1 1
"035_Group35" 1 1 1 1 1
"036_Group36" 1 1 1 1 1
"037_Group37" 1 1 1 1 1
"038_Group38" 1 1 1 1 1
"039_Group39" 1 1 1 1 1
"040_Group40" 1 1 1 1 1
"041_Group41" 1 1 1 1 1
"042_Group42" 1 1 1 1 1
"043_Group43" 1 1 1 1 1
"044_Group44" 1 1 1 1 1
"045_Group45" 1 1 1 1 1
"046_Group46" 1 1 1 1 1
"047_Group47" 1 1 1 1 1
"048_Group48" 1 1 1 1 1
"049_Group49" 1 1 1 1 1
"050_Group50" 1 1 1 1 1
"051_Group51" 1 1 1 1 1
"052_Group52" 1 1 1 1 1
"053_Group53" 1 1 1 1 1
"054_Group54" 1 1 1 1 1
"055_Group55" 1 1 1 1 1
"056_Group56" 1 1 1 1 1
"057_Group57" 1 1 1 1 1
"058_Group58" 1 1 1 1 1
"059_Group59" 1 1 1 1 1
"060_Group60" 1 1 1 1 1
"061_Group61" 1 1 1 1 1
"062_Group62" 1 1 1 1 1
"063_Group63" 1 1 1 1 1
"064_Group64" 1 1 1 1 1
"065_Group65" 1 1 1 1 1
"066_Group66" 1 1 1 1 1
"067_Group67" 1 1 1 1 1
"068_Group68" 1 1 1 1 1
"069_Group69" 1 1 1 1 1
"070_Group70" 1 1 1 1 1
"071_Group71" 1 1 1 1 1
"072_Group72" 1 1 1 1 1
"073_Group73" 1 1 1 1 1
"074_Group74" 1 1 1 1 1
"075_Group75" 1 1 1 1 1
"076_Group76" 1 1 1 1 1
"077_Group77" 1 1 1 1 1
"078_Group78" 1 1 1 1 1
"079_Group79" 1 1 1 1 1
"080_Group80" 1 1 1 1 1
"081_Group81" 1 1 1 1 1
"082_Group82" 1 1 1 1 1
"083_Group83" 1 1 1 1 1
"084_Group84" 1 1 1 1 1
"085_Group85" 1 1 1 1 1
"086_Group86" 1 1 1 1 1
"087_Group87" 1 1 1 1 1
"088_Group88" 1 1 1 1 1
"089_Group89" 1 1 1 1 1
"090_Group90" 1 1 1 1 1
"091_Group91" 1 1 1 1 1
"092_Group92" 1 1 1 1 1
"093_Group93" 1 1 1 1 1
"094_Group94" 1 1 1 1 1
"095_Group95" 1 1 1 1 1

"<<<<<< Number of Samples per Acquisition Interval [1unit=500values] >>>>>>"
Time[m] 2 4 6 8 10 
#Samples 2 2 2 2 2 

"<<<<<< Average Temperature [°C] >>>>>>"
Time[m] 2 4 6 8 10 
Temp[°C] 21.6 21.6 21.6 21.6 21.7 

"<<<<<< Well Activity >>>>>>"
Well Group/Time[m] 2 4 6 8 10
A1 "000_Group0" 0 0 0 0 0
B1 "001_Group1" 0 0 0 0 0
C1 "002_Group2" 0 0 0 0 0
D1 "003_Group3" 4 0 7 2 3
E1 "004_Group4" 0 0 0 1 5
F1 "005_Group5" 0 0 0 0 0
G1 "006_Group6" 0 0 0 0 0
H1 "007_Group7" 3 6 0 0 0
A2 "008_Group8" 37 48 36 45 30
B2 "009_Group9" 34 35 42 36 18
C2 "010_Group10" 15 34 34 35 18
D2 "011_Group11" 28 32 46 36 42
E2 "012_Group12" 24 35 41 37 18
F2 "013_Group13" 14 38 22 40 20
G2 "014_Group14" 18 43 32 27 30
H2 "015_Group15" 16 29 28 30 22
A3 "016_Group16" 1 0 0 0 0
B3 "017_Group17" 0 0 0 0 0
C3 "018_Group18" 9 4 13 3 0
D3 "019_Group19" 0 0 0 0 0
E3 "020_Group20" 0 0 0 0 0
F3 "021_Group21" 0 0 0 0 0
G3 "022_Group22" 0 1 0 0 0
H3 "023_Group23" 0 0 0 0 0
A4 "024_Group24" 27 35 16 10 15
B4 "025_Group25" 32 15 19 25 15
C4 "026_Group26" 8 6 9 9 9
D4 "027_Group27" 14 18 27 18 20
E4 "028_Group28" 41 23 29 33 24
F4 "029_Group29" 15 11 7 10 11
G4 "030_Group30" 15 5 9 15 16
H4 "031_Group31" 12 30 26 12 12
A5 "032_Group32" 5 3 6 2 5
B5 "033_Group33" 0 0 0 0 0
C5 "034_Group34" 12 8 9 5 17
D5 "035_Group35" 7 14 6 7 10
E5 "036_Group36" 0 0 0 2 0
F5 "037_Group37" 0 0 0 0 0
G5 "038_Group38" 0 0 0 0 1
H5 "039_Group39" 5 0 0 0 2
A6 "040_Group40" 0 0 0 0 0
B6 "041_Group41" 0 0 0 0 0
C6 "042_Group42" 0 0 0 0 0
D6 "043_Group43" 0 0 0 0 0
E6 "044_Group44" 2 4 1 0 8
F6 "045_Group45" 0 0 0 0 0
G6 "046_Group46" 1 2 1 0 4
H6 "047_Group47" 0 0 0 0 0
A7 "048_Group48" 10 14 27 18 23
B7 "049_Group49" 26 35 17 19 25
C7 "050_Group50" 4 12 10 6 7
D7 "051_Group51" 13 2 18 20 18
E7 "052_Group52" 36 31 16 17 17
F7 "053_Group53" 14 18 26 22 20
G7 "054_Group54" 23 14 8 15 20
H7 "055_Group55" 21 11 13 12 10
A8 "056_Group56" 20 20 10 28 12
B8 "057_Group57" 25 13 7 20 12
C8 "058_Group58" 11 21 9 12 14
D8 "059_Group59" 21 15 18 15 11
E8 "060_Group60" 23 34 16 12 17
F8 "061_Group61" 21 21 14 19 7
G8 "062_Group62" 8 11 12 19 10
H8 "063_Group63" 13 6 16 14 17
A9 "064_Group64" 25 10 29 41 33
B9 "065_Group65" 25 25 30 21 23
C9 "066_Group66" 18 34 35 24 36
D9 "067_Group67" 29 51 38 50 46
E9 "068_Group68" 29 36 25 36 39
F9 "069_Group69" 25 13 26 4 12
G9 "070_Group70" 29 44 24 20 15
H9 "071_Group71" 32 34 47 40 40
A10 "072_Group72" 0 0 0 0 0
B10 "073_Group73" 0 0 1 0 0
C10 "074_Group74" 40 43 23 26 26
D10 "075_Group75" 27 28 8 22 12
E10 "076_Group76" 0 0 0 0 0
F10 "077_Group77" 0 0 0 0 0
G10 "078_Group78" 0 1 0 0 0
H10 "079_Group79" 0 0 0 0 0
A11 "080_Group80" 14 3 7 13 19
B11 "081_Group81" 10 12 8 13 5
C11 "082_Group82" 17 7 11 11 8
D11 "083_Group83" 13 11 20 13 13
E11 "084_Group84" 9 18 10 10 14
F11 "085_Group85" 15 16 12 14 9
G11 "086_Group86" 12 18 10 12 10
H11 "087_Group87" 24 11 17 16 11
A12 "088_Group88" 0 0 0 0 0
B12 "089_Group89" 1 5 0 0 0
C12 "090_Group90" 0 0 0 0 0
D12 "091_Group91" 0 0 0 0 0
E12 "092_Group92" 0 0 0 0 0
F12 "093_Group93" 0 0 0 0 0
G12 "094_Group94" 0 0 0 0 0
H12 "095_Group95" 0 0 0 0 0

"<<<<<< Channel Activity >>>>>>"
Channel Well Group/Time[m] 2 4 6 8 10
CH0 A1.0 "000_Group0" 0 0 0 0 0
CH2 B1.0 "001_Group1" 0 0 0 0 0
CH4 C1.0 "002_Group2" 0 0 0 0 0
CH6 D1.0 "003_Group3" 4 0 7 2 3
CH8 E1.0 "004_Group4" 0 0 0 1 5
CH10 F1.0 "005_Group5" 0 0 0 0 0
CH12 G1.0 "006_Group6" 0 0 0 0 0
CH14 H1.0 "007_Group7" 3 6 0 0 0
CH32 A2.0 "008_Group8" 37 48 36 45 30
CH34 B2.0 "009_Group9" 34 35 42 36 18
CH36 C2.0 "010_Group10" 15 34 34 35 18
CH38 D2.0 "011_Group11" 28 32 46 36 42
CH40 E2.0 "012_Group12" 24 35 41 37 18
CH42 F2.0 "013_Group13" 14 38 22 40 20
CH44 G2.0 "014_Group14" 18 43 32 27 30
CH46 H2.0 "015_Group15" 16 29 28 30 22
CH64 A3.0 "016_Group16" 1 0 0 0 0
CH66 B3.0 "017_Group17" 0 0 0 0 0
CH68 C3.0 "018_Group18" 9 4 13 3 0
CH70 D3.0 "019_Group19" 0 0 0 0 0
CH72 E3.0 "020_Group20" 0 0 0 0 0
CH74 F3.0 "021_Group21" 0 0 0 0 0
CH76 G3.0 "022_Group22" 0 1 0 0 0
CH78 H3.0 "023_Group23" 0 0 0 0 0
CH96 A4.0 "024_Group24" 27 35 16 10 15
CH98 B4.0 "025_Group25" 32 15 19 25 15
CH100 C4.0 "026_Group26" 8 6 9 9 9
CH102 D4.0 "027_Group27" 14 18 27 18 20
CH104 E4.0 "028_Group28" 41 23 29 33 24
CH106 F4.0 "029_Group29" 15 11 7 10 11
CH108 G4.0 "030_Group30" 15 5 9 15 16
CH110 H4.0 "031_Group31" 12 30 26 12 12
CH128 A5.0 "032_Group32" 5 3 6 2 5
CH130 B5.0 "033_Group33" 0 0 0 0 0
CH132 C5.0 "034_Group34" 12 8 9 5 17
CH134 D5.0 "035_Group35" 7 14 6 7 10
CH136 E5.0 "036_Group36" 0 0 0 2 0
CH138 F5.0 "037_Group37" 0 0 0 0 0
CH140 G5.0 "038_Group38" 0 0 0 0 1
CH142 H5.0 "039_Group39" 5 0 0 0 2
CH160 A6.0 "040_Group40" 0 0 0 0 0
CH162 B6.0 "041_Group41" 0 0 0 0 0
CH164 C6.0 "042_Group42" 0 0 0 0 0
CH166 D6.0 "043_Group43" 0 0 0 0 0
CH168 E6.0 "044_Group44" 2 4 1 0 8
CH170 F6.0 "045_Group45" 0 0 0 0 0
CH172 G6.0 "046_Group46" 1 2 1 0 4
CH174 H6.0 "047_Group47" 0 0 0 0 0
CH192 A7.0 "048_Group48" 10 14 27 18 23
CH194 B7.0 "049_Group49" 26 35 17 19 25
CH196 C7.0 "050_Group50" 4 12 10 6 7
CH198 D7.0 "051_Group51" 13 2 18 20 18
CH200 E7.0 "052_Group52" 36 31 16 17 17
CH202 F7.0 "053_Group53" 14 18 26 22 20
CH204 G7.0 "054_Group54" 23 14 8 15 20
CH206 H7.0 "055_Group55" 21 11 13 12 10
CH224 A8.0 "056_Group56" 20 20 10 28 12
CH226 B8.0 "057_Group57" 25 13 7 20 12
CH228 C8.0 "058_Group58" 11 21 9 12 14
CH230 D8.0 "059_Group59" 21 15 18 15 11
CH232 E8.0 "060_Group60" 23 34 16 12 17
CH234 F8.0 "061_Group61" 21 21 14 19 7
CH236 G8.0 "062_Group62" 8 11 12 19 10
CH238 H8.0 "063_Group63" 13 6 16 14 17
CH256 A9.0 "064_Group64" 25 10 29 41 33
CH258 B9.0 "065_Group65" 25 25 30 21 23
CH260 C9.0 "066_Group66" 18 34 35 24 36
CH262 D9.0 "067_Group67" 29 51 38 50 46
CH264 E9.0 "068_Group68" 29 36 25 36 39
CH266 F9.0 "069_Group69" 25 13 26 4 12
CH268 G9.0 "070_Group70" 29 44 24 20 15
CH270 H9.0 "071_Group71" 32 34 47 40 40
CH288 A10.0 "072_Group72" 0 0 0 0 0
CH290 B10.0 "073_Group73" 0 0 1 0 0
CH292 C10.0 "074_Group74" 40 43 23 26 26
CH294 D10.0 "075_Group75" 27 28 8 22 12
CH296 E10.0 "076_Group76" 0 0 0 0 0
CH298 F10.0 "077_Group77" 0 0 0 0 0
CH300 G10.0 "078_Group78" 0 1 0 0 0
CH302 H10.0 "079_Group79" 0 0 0 0 0
CH320 A11.0 "080_Group80" 14 3 7 13 19
CH322 B11.0 "081_Group81" 10 12 8 13 5
CH324 C11.0 "082_Group82" 17 7 11 11 8
CH326 D11.0 "083_Group83" 13 11 20 13 13
CH328 E11.0 "084_Group84" 9 18 10 10 14
CH330 F11.0 "085_Group85" 15 16 12 14 9
CH332 G11.0 "086_Group86" 12 18 10 12 10
CH334 H11.0 "087_Group87" 24 11 17 16 11
CH352 A12.0 "088_Group88" 0 0 0 0 0
CH354 B12.0 "089_Group89" 1 5 0 0 0
CH356 C12.0 "090_Group90" 0 0 0 0 0
CH358 D12.0 "091_Group91" 0 0 0 0 0
CH360 E12.0 "092_Group92" 0 0 0 0 0
CH362 F12.0 "093_Group93" 0 0 0 0 0
CH364 G12.0 "094_Group94" 0 0 0 0 0
CH366 H12.0 "095_Group95" 0 0 0 0 0
