"DATE:" "2/5/2015 9:21:04 AM"
"FILE:" "C:\Users\AndersenLab\Desktop\wmicrotracker\p00011\20150205_0909"
"SUBPROJECT:" "20150205_Longevity_3_4mgmL"

"<<<<<< Group Activity: Average Activity Counts per Data Interval>>>>>>"
Group/Time[m] 2 4 6 8 10
"000_Group0" 20 26 22 19 2
"001_Group1" 1 18 7 8 3
"002_Group2" 23 26 13 10 12
"003_Group3" 9 9 1 1 6
"004_Group4" 0 8 11 8 10
"005_Group5" 23 16 16 20 7
"006_Group6" 29 20 10 15 15
"007_Group7" 20 20 27 8 13
"008_Group8" 23 25 14 10 6
"009_Group9" 24 23 28 21 10
"010_Group10" 15 33 24 22 18
"011_Group11" 32 28 36 4 3
"012_Group12" 18 23 30 25 11
"013_Group13" 29 25 27 27 13
"014_Group14" 34 30 17 5 10
"015_Group15" 22 26 21 6 0
"016_Group16" 15 16 15 12 6
"017_Group17" 3 1 2 1 1
"018_Group18" 13 15 11 2 6
"019_Group19" 13 13 12 10 7
"020_Group20" 8 6 10 8 6
"021_Group21" 15 22 12 12 26
"022_Group22" 6 7 3 2 0
"023_Group23" 14 18 17 7 3
"024_Group24" 22 31 18 26 14
"025_Group25" 25 29 38 28 10
"026_Group26" 0 2 7 0 0
"027_Group27" 36 29 16 24 7
"028_Group28" 22 12 6 3 3
"029_Group29" 31 25 12 12 12
"030_Group30" 27 23 22 8 14
"031_Group31" 37 28 24 9 6
"032_Group32" 10 7 6 0 0
"033_Group33" 21 16 14 5 0
"034_Group34" 18 11 5 8 11
"035_Group35" 28 16 6 19 12
"036_Group36" 16 20 13 14 7
"037_Group37" 23 20 26 15 16
"038_Group38" 15 15 3 4 1
"039_Group39" 20 19 24 11 10
"040_Group40" 6 1 0 0 0
"041_Group41" 2 2 10 3 1
"042_Group42" 0 1 0 1 0
"043_Group43" 0 0 0 0 0
"044_Group44" 0 0 0 0 0
"045_Group45" 0 0 2 0 0
"046_Group46" 13 3 2 3 18
"047_Group47" 0 0 1 3 0
"048_Group48" 18 10 9 4 10
"049_Group49" 12 2 12 7 7
"050_Group50" 34 19 33 15 6
"051_Group51" 23 11 8 14 15
"052_Group52" 14 6 7 7 8
"053_Group53" 16 17 4 16 8
"054_Group54" 36 21 11 7 5
"055_Group55" 21 39 14 4 7
"056_Group56" 31 34 13 5 15
"057_Group57" 26 24 24 22 21
"058_Group58" 25 30 14 4 11
"059_Group59" 24 17 14 15 9
"060_Group60" 33 22 10 12 11
"061_Group61" 32 21 18 10 9
"062_Group62" 27 16 18 6 13
"063_Group63" 32 16 28 13 9
"064_Group64" 19 30 43 20 19
"065_Group65" 11 29 43 35 26
"066_Group66" 13 35 25 30 17
"067_Group67" 35 18 22 32 18
"068_Group68" 24 13 18 17 10
"069_Group69" 23 32 28 25 12
"070_Group70" 13 10 27 11 18
"071_Group71" 32 30 41 32 32
"072_Group72" 10 15 17 14 7
"073_Group73" 3 4 0 0 3
"074_Group74" 6 2 0 0 0
"075_Group75" 4 1 0 0 3
"076_Group76" 1 2 4 2 0
"077_Group77" 22 16 13 4 16
"078_Group78" 6 6 8 2 5
"079_Group79" 6 5 10 20 11
"080_Group80" 27 29 13 12 8
"081_Group81" 1 0 0 1 2
"082_Group82" 10 20 9 8 15
"083_Group83" 9 11 12 14 14
"084_Group84" 13 12 4 7 6
"085_Group85" 13 6 11 15 8
"086_Group86" 10 12 9 4 23
"087_Group87" 8 16 9 7 8
"088_Group88" 13 18 8 6 0
"089_Group89" 17 16 21 18 9
"090_Group90" 3 8 6 0 0
"091_Group91" 12 6 8 3 0
"092_Group92" 4 0 0 0 0
"093_Group93" 17 5 2 3 4
"094_Group94" 11 9 12 6 6
"095_Group95" 13 12 14 10 13

"<<<<<< Group Activity: Number of wells/group >>>>>>"
Group/Time[m] 2 4 6 8 10
"000_Group0" 1 1 1 1 1
"001_Group1" 1 1 1 1 1
"002_Group2" 1 1 1 1 1
"003_Group3" 1 1 1 1 1
"004_Group4" 1 1 1 1 1
"005_Group5" 1 1 1 1 1
"006_Group6" 1 1 1 1 1
"007_Group7" 1 1 1 1 1
"008_Group8" 1 1 1 1 1
"009_Group9" 1 1 1 1 1
"010_Group10" 1 1 1 1 1
"011_Group11" 1 1 1 1 1
"012_Group12" 1 1 1 1 1
"013_Group13" 1 1 1 1 1
"014_Group14" 1 1 1 1 1
"015_Group15" 1 1 1 1 1
"016_Group16" 1 1 1 1 1
"017_Group17" 1 1 1 1 1
"018_Group18" 1 1 1 1 1
"019_Group19" 1 1 1 1 1
"020_Group20" 1 1 1 1 1
"021_Group21" 1 1 1 1 1
"022_Group22" 1 1 1 1 1
"023_Group23" 1 1 1 1 1
"024_Group24" 1 1 1 1 1
"025_Group25" 1 1 1 1 1
"026_Group26" 1 1 1 1 1
"027_Group27" 1 1 1 1 1
"028_Group28" 1 1 1 1 1
"029_Group29" 1 1 1 1 1
"030_Group30" 1 1 1 1 1
"031_Group31" 1 1 1 1 1
"032_Group32" 1 1 1 1 1
"033_Group33" 1 1 1 1 1
"034_Group34" 1 1 1 1 1
"035_Group35" 1 1 1 1 1
"036_Group36" 1 1 1 1 1
"037_Group37" 1 1 1 1 1
"038_Group38" 1 1 1 1 1
"039_Group39" 1 1 1 1 1
"040_Group40" 1 1 1 1 1
"041_Group41" 1 1 1 1 1
"042_Group42" 1 1 1 1 1
"043_Group43" 1 1 1 1 1
"044_Group44" 1 1 1 1 1
"045_Group45" 1 1 1 1 1
"046_Group46" 1 1 1 1 1
"047_Group47" 1 1 1 1 1
"048_Group48" 1 1 1 1 1
"049_Group49" 1 1 1 1 1
"050_Group50" 1 1 1 1 1
"051_Group51" 1 1 1 1 1
"052_Group52" 1 1 1 1 1
"053_Group53" 1 1 1 1 1
"054_Group54" 1 1 1 1 1
"055_Group55" 1 1 1 1 1
"056_Group56" 1 1 1 1 1
"057_Group57" 1 1 1 1 1
"058_Group58" 1 1 1 1 1
"059_Group59" 1 1 1 1 1
"060_Group60" 1 1 1 1 1
"061_Group61" 1 1 1 1 1
"062_Group62" 1 1 1 1 1
"063_Group63" 1 1 1 1 1
"064_Group64" 1 1 1 1 1
"065_Group65" 1 1 1 1 1
"066_Group66" 1 1 1 1 1
"067_Group67" 1 1 1 1 1
"068_Group68" 1 1 1 1 1
"069_Group69" 1 1 1 1 1
"070_Group70" 1 1 1 1 1
"071_Group71" 1 1 1 1 1
"072_Group72" 1 1 1 1 1
"073_Group73" 1 1 1 1 1
"074_Group74" 1 1 1 1 1
"075_Group75" 1 1 1 1 1
"076_Group76" 1 1 1 1 1
"077_Group77" 1 1 1 1 1
"078_Group78" 1 1 1 1 1
"079_Group79" 1 1 1 1 1
"080_Group80" 1 1 1 1 1
"081_Group81" 1 1 1 1 1
"082_Group82" 1 1 1 1 1
"083_Group83" 1 1 1 1 1
"084_Group84" 1 1 1 1 1
"085_Group85" 1 1 1 1 1
"086_Group86" 1 1 1 1 1
"087_Group87" 1 1 1 1 1
"088_Group88" 1 1 1 1 1
"089_Group89" 1 1 1 1 1
"090_Group90" 1 1 1 1 1
"091_Group91" 1 1 1 1 1
"092_Group92" 1 1 1 1 1
"093_Group93" 1 1 1 1 1
"094_Group94" 1 1 1 1 1
"095_Group95" 1 1 1 1 1

"<<<<<< Number of Samples per Acquisition Interval [1unit=500values] >>>>>>"
Time[m] 2 4 6 8 10 
#Samples 2 2 2 2 2 

"<<<<<< Average Temperature [°C] >>>>>>"
Time[m] 2 4 6 8 10 
Temp[°C] 20.9 20.9 20.9 20.9 20.9 

"<<<<<< Well Activity >>>>>>"
Well Group/Time[m] 2 4 6 8 10
A1 "000_Group0" 20 26 22 19 2
B1 "001_Group1" 1 18 7 8 3
C1 "002_Group2" 23 26 13 10 12
D1 "003_Group3" 9 9 1 1 6
E1 "004_Group4" 0 8 11 8 10
F1 "005_Group5" 23 16 16 20 7
G1 "006_Group6" 29 20 10 15 15
H1 "007_Group7" 20 20 27 8 13
A2 "008_Group8" 23 25 14 10 6
B2 "009_Group9" 24 23 28 21 10
C2 "010_Group10" 15 33 24 22 18
D2 "011_Group11" 32 28 36 4 3
E2 "012_Group12" 18 23 30 25 11
F2 "013_Group13" 29 25 27 27 13
G2 "014_Group14" 34 30 17 5 10
H2 "015_Group15" 22 26 21 6 0
A3 "016_Group16" 15 16 15 12 6
B3 "017_Group17" 3 1 2 1 1
C3 "018_Group18" 13 15 11 2 6
D3 "019_Group19" 13 13 12 10 7
E3 "020_Group20" 8 6 10 8 6
F3 "021_Group21" 15 22 12 12 26
G3 "022_Group22" 6 7 3 2 0
H3 "023_Group23" 14 18 17 7 3
A4 "024_Group24" 22 31 18 26 14
B4 "025_Group25" 25 29 38 28 10
C4 "026_Group26" 0 2 7 0 0
D4 "027_Group27" 36 29 16 24 7
E4 "028_Group28" 22 12 6 3 3
F4 "029_Group29" 31 25 12 12 12
G4 "030_Group30" 27 23 22 8 14
H4 "031_Group31" 37 28 24 9 6
A5 "032_Group32" 10 7 6 0 0
B5 "033_Group33" 21 16 14 5 0
C5 "034_Group34" 18 11 5 8 11
D5 "035_Group35" 28 16 6 19 12
E5 "036_Group36" 16 20 13 14 7
F5 "037_Group37" 23 20 26 15 16
G5 "038_Group38" 15 15 3 4 1
H5 "039_Group39" 20 19 24 11 10
A6 "040_Group40" 6 1 0 0 0
B6 "041_Group41" 2 2 10 3 1
C6 "042_Group42" 0 1 0 1 0
D6 "043_Group43" 0 0 0 0 0
E6 "044_Group44" 0 0 0 0 0
F6 "045_Group45" 0 0 2 0 0
G6 "046_Group46" 13 3 2 3 18
H6 "047_Group47" 0 0 1 3 0
A7 "048_Group48" 18 10 9 4 10
B7 "049_Group49" 12 2 12 7 7
C7 "050_Group50" 34 19 33 15 6
D7 "051_Group51" 23 11 8 14 15
E7 "052_Group52" 14 6 7 7 8
F7 "053_Group53" 16 17 4 16 8
G7 "054_Group54" 36 21 11 7 5
H7 "055_Group55" 21 39 14 4 7
A8 "056_Group56" 31 34 13 5 15
B8 "057_Group57" 26 24 24 22 21
C8 "058_Group58" 25 30 14 4 11
D8 "059_Group59" 24 17 14 15 9
E8 "060_Group60" 33 22 10 12 11
F8 "061_Group61" 32 21 18 10 9
G8 "062_Group62" 27 16 18 6 13
H8 "063_Group63" 32 16 28 13 9
A9 "064_Group64" 19 30 43 20 19
B9 "065_Group65" 11 29 43 35 26
C9 "066_Group66" 13 35 25 30 17
D9 "067_Group67" 35 18 22 32 18
E9 "068_Group68" 24 13 18 17 10
F9 "069_Group69" 23 32 28 25 12
G9 "070_Group70" 13 10 27 11 18
H9 "071_Group71" 32 30 41 32 32
A10 "072_Group72" 10 15 17 14 7
B10 "073_Group73" 3 4 0 0 3
C10 "074_Group74" 6 2 0 0 0
D10 "075_Group75" 4 1 0 0 3
E10 "076_Group76" 1 2 4 2 0
F10 "077_Group77" 22 16 13 4 16
G10 "078_Group78" 6 6 8 2 5
H10 "079_Group79" 6 5 10 20 11
A11 "080_Group80" 27 29 13 12 8
B11 "081_Group81" 1 0 0 1 2
C11 "082_Group82" 10 20 9 8 15
D11 "083_Group83" 9 11 12 14 14
E11 "084_Group84" 13 12 4 7 6
F11 "085_Group85" 13 6 11 15 8
G11 "086_Group86" 10 12 9 4 23
H11 "087_Group87" 8 16 9 7 8
A12 "088_Group88" 13 18 8 6 0
B12 "089_Group89" 17 16 21 18 9
C12 "090_Group90" 3 8 6 0 0
D12 "091_Group91" 12 6 8 3 0
E12 "092_Group92" 4 0 0 0 0
F12 "093_Group93" 17 5 2 3 4
G12 "094_Group94" 11 9 12 6 6
H12 "095_Group95" 13 12 14 10 13

"<<<<<< Channel Activity >>>>>>"
Channel Well Group/Time[m] 2 4 6 8 10
CH0 A1.0 "000_Group0" 20 26 22 19 2
CH2 B1.0 "001_Group1" 1 18 7 8 3
CH4 C1.0 "002_Group2" 23 26 13 10 12
CH6 D1.0 "003_Group3" 9 9 1 1 6
CH8 E1.0 "004_Group4" 0 8 11 8 10
CH10 F1.0 "005_Group5" 23 16 16 20 7
CH12 G1.0 "006_Group6" 29 20 10 15 15
CH14 H1.0 "007_Group7" 20 20 27 8 13
CH32 A2.0 "008_Group8" 23 25 14 10 6
CH34 B2.0 "009_Group9" 24 23 28 21 10
CH36 C2.0 "010_Group10" 15 33 24 22 18
CH38 D2.0 "011_Group11" 32 28 36 4 3
CH40 E2.0 "012_Group12" 18 23 30 25 11
CH42 F2.0 "013_Group13" 29 25 27 27 13
CH44 G2.0 "014_Group14" 34 30 17 5 10
CH46 H2.0 "015_Group15" 22 26 21 6 0
CH64 A3.0 "016_Group16" 15 16 15 12 6
CH66 B3.0 "017_Group17" 3 1 2 1 1
CH68 C3.0 "018_Group18" 13 15 11 2 6
CH70 D3.0 "019_Group19" 13 13 12 10 7
CH72 E3.0 "020_Group20" 8 6 10 8 6
CH74 F3.0 "021_Group21" 15 22 12 12 26
CH76 G3.0 "022_Group22" 6 7 3 2 0
CH78 H3.0 "023_Group23" 14 18 17 7 3
CH96 A4.0 "024_Group24" 22 31 18 26 14
CH98 B4.0 "025_Group25" 25 29 38 28 10
CH100 C4.0 "026_Group26" 0 2 7 0 0
CH102 D4.0 "027_Group27" 36 29 16 24 7
CH104 E4.0 "028_Group28" 22 12 6 3 3
CH106 F4.0 "029_Group29" 31 25 12 12 12
CH108 G4.0 "030_Group30" 27 23 22 8 14
CH110 H4.0 "031_Group31" 37 28 24 9 6
CH128 A5.0 "032_Group32" 10 7 6 0 0
CH130 B5.0 "033_Group33" 21 16 14 5 0
CH132 C5.0 "034_Group34" 18 11 5 8 11
CH134 D5.0 "035_Group35" 28 16 6 19 12
CH136 E5.0 "036_Group36" 16 20 13 14 7
CH138 F5.0 "037_Group37" 23 20 26 15 16
CH140 G5.0 "038_Group38" 15 15 3 4 1
CH142 H5.0 "039_Group39" 20 19 24 11 10
CH160 A6.0 "040_Group40" 6 1 0 0 0
CH162 B6.0 "041_Group41" 2 2 10 3 1
CH164 C6.0 "042_Group42" 0 1 0 1 0
CH166 D6.0 "043_Group43" 0 0 0 0 0
CH168 E6.0 "044_Group44" 0 0 0 0 0
CH170 F6.0 "045_Group45" 0 0 2 0 0
CH172 G6.0 "046_Group46" 13 3 2 3 18
CH174 H6.0 "047_Group47" 0 0 1 3 0
CH192 A7.0 "048_Group48" 18 10 9 4 10
CH194 B7.0 "049_Group49" 12 2 12 7 7
CH196 C7.0 "050_Group50" 34 19 33 15 6
CH198 D7.0 "051_Group51" 23 11 8 14 15
CH200 E7.0 "052_Group52" 14 6 7 7 8
CH202 F7.0 "053_Group53" 16 17 4 16 8
CH204 G7.0 "054_Group54" 36 21 11 7 5
CH206 H7.0 "055_Group55" 21 39 14 4 7
CH224 A8.0 "056_Group56" 31 34 13 5 15
CH226 B8.0 "057_Group57" 26 24 24 22 21
CH228 C8.0 "058_Group58" 25 30 14 4 11
CH230 D8.0 "059_Group59" 24 17 14 15 9
CH232 E8.0 "060_Group60" 33 22 10 12 11
CH234 F8.0 "061_Group61" 32 21 18 10 9
CH236 G8.0 "062_Group62" 27 16 18 6 13
CH238 H8.0 "063_Group63" 32 16 28 13 9
CH256 A9.0 "064_Group64" 19 30 43 20 19
CH258 B9.0 "065_Group65" 11 29 43 35 26
CH260 C9.0 "066_Group66" 13 35 25 30 17
CH262 D9.0 "067_Group67" 35 18 22 32 18
CH264 E9.0 "068_Group68" 24 13 18 17 10
CH266 F9.0 "069_Group69" 23 32 28 25 12
CH268 G9.0 "070_Group70" 13 10 27 11 18
CH270 H9.0 "071_Group71" 32 30 41 32 32
CH288 A10.0 "072_Group72" 10 15 17 14 7
CH290 B10.0 "073_Group73" 3 4 0 0 3
CH292 C10.0 "074_Group74" 6 2 0 0 0
CH294 D10.0 "075_Group75" 4 1 0 0 3
CH296 E10.0 "076_Group76" 1 2 4 2 0
CH298 F10.0 "077_Group77" 22 16 13 4 16
CH300 G10.0 "078_Group78" 6 6 8 2 5
CH302 H10.0 "079_Group79" 6 5 10 20 11
CH320 A11.0 "080_Group80" 27 29 13 12 8
CH322 B11.0 "081_Group81" 1 0 0 1 2
CH324 C11.0 "082_Group82" 10 20 9 8 15
CH326 D11.0 "083_Group83" 9 11 12 14 14
CH328 E11.0 "084_Group84" 13 12 4 7 6
CH330 F11.0 "085_Group85" 13 6 11 15 8
CH332 G11.0 "086_Group86" 10 12 9 4 23
CH334 H11.0 "087_Group87" 8 16 9 7 8
CH352 A12.0 "088_Group88" 13 18 8 6 0
CH354 B12.0 "089_Group89" 17 16 21 18 9
CH356 C12.0 "090_Group90" 3 8 6 0 0
CH358 D12.0 "091_Group91" 12 6 8 3 0
CH360 E12.0 "092_Group92" 4 0 0 0 0
CH362 F12.0 "093_Group93" 17 5 2 3 4
CH364 G12.0 "094_Group94" 11 9 12 6 6
CH366 H12.0 "095_Group95" 13 12 14 10 13
