"DATE:" "2/9/2015 9:13:56 AM"
"FILE:" "C:\Users\AndersenLab\Desktop\wmicrotracker\p00011\20150209_0902"
"SUBPROJECT:" "20150209_Longevity_3_4mgmL"

"<<<<<< Group Activity: Average Activity Counts per Data Interval>>>>>>"
Group/Time[m] 2 4 6 8 10
"000_Group0" 13 5 0 5 3
"001_Group1" 9 5 3 11 0
"002_Group2" 4 1 2 6 0
"003_Group3" 0 5 0 2 0
"004_Group4" 0 0 2 0 0
"005_Group5" 0 0 0 1 3
"006_Group6" 4 8 10 9 5
"007_Group7" 16 9 4 10 4
"008_Group8" 18 14 17 3 0
"009_Group9" 23 16 16 12 0
"010_Group10" 21 19 16 9 1
"011_Group11" 24 5 5 5 0
"012_Group12" 26 8 18 13 1
"013_Group13" 28 20 17 8 5
"014_Group14" 36 24 17 10 1
"015_Group15" 14 15 4 0 7
"016_Group16" 1 1 0 0 0
"017_Group17" 4 0 2 0 0
"018_Group18" 1 1 12 11 0
"019_Group19" 0 6 2 1 1
"020_Group20" 0 0 2 2 0
"021_Group21" 9 3 8 11 3
"022_Group22" 5 2 0 2 2
"023_Group23" 4 0 0 0 1
"024_Group24" 12 27 7 16 9
"025_Group25" 8 0 1 0 0
"026_Group26" 5 0 0 0 0
"027_Group27" 24 23 18 2 3
"028_Group28" 9 24 14 13 16
"029_Group29" 13 3 6 6 2
"030_Group30" 21 12 7 18 1
"031_Group31" 19 18 19 12 5
"032_Group32" 0 8 3 3 0
"033_Group33" 3 2 4 5 0
"034_Group34" 4 10 5 1 10
"035_Group35" 7 5 13 7 6
"036_Group36" 17 10 1 0 1
"037_Group37" 3 14 8 0 0
"038_Group38" 9 16 17 6 0
"039_Group39" 12 7 20 4 0
"040_Group40" 3 0 0 0 0
"041_Group41" 0 0 0 0 0
"042_Group42" 0 0 0 0 0
"043_Group43" 0 0 0 0 0
"044_Group44" 0 0 0 0 0
"045_Group45" 0 0 0 0 0
"046_Group46" 0 0 0 0 0
"047_Group47" 0 0 0 0 0
"048_Group48" 18 6 19 3 13
"049_Group49" 8 2 3 2 2
"050_Group50" 4 6 4 8 1
"051_Group51" 6 4 4 3 5
"052_Group52" 0 0 6 0 0
"053_Group53" 14 8 6 11 16
"054_Group54" 13 12 10 4 4
"055_Group55" 16 15 20 5 10
"056_Group56" 18 12 18 5 5
"057_Group57" 25 12 10 15 19
"058_Group58" 19 15 17 19 7
"059_Group59" 11 16 11 14 15
"060_Group60" 0 0 0 0 0
"061_Group61" 10 16 11 14 5
"062_Group62" 11 8 4 5 12
"063_Group63" 12 10 11 4 8
"064_Group64" 23 31 14 23 11
"065_Group65" 8 12 7 2 6
"066_Group66" 19 22 27 13 14
"067_Group67" 20 18 21 37 25
"068_Group68" 2 6 3 5 0
"069_Group69" 3 14 7 4 2
"070_Group70" 9 20 2 12 8
"071_Group71" 26 29 29 42 25
"072_Group72" 1 1 1 0 0
"073_Group73" 26 14 5 0 0
"074_Group74" 0 2 0 6 0
"075_Group75" 0 1 4 2 1
"076_Group76" 4 11 0 0 0
"077_Group77" 7 10 5 0 0
"078_Group78" 7 0 0 0 0
"079_Group79" 4 11 6 2 1
"080_Group80" 6 8 14 8 7
"081_Group81" 0 1 1 0 0
"082_Group82" 16 5 11 5 2
"083_Group83" 12 11 5 5 7
"084_Group84" 5 1 8 1 0
"085_Group85" 8 6 4 2 10
"086_Group86" 15 8 5 19 5
"087_Group87" 12 8 10 8 11
"088_Group88" 0 0 1 0 0
"089_Group89" 0 0 0 0 0
"090_Group90" 0 3 0 0 0
"091_Group91" 1 3 10 1 1
"092_Group92" 0 0 0 0 0
"093_Group93" 13 7 2 0 0
"094_Group94" 8 1 0 0 0
"095_Group95" 1 0 3 4 4

"<<<<<< Group Activity: Number of wells/group >>>>>>"
Group/Time[m] 2 4 6 8 10
"000_Group0" 1 1 1 1 1
"001_Group1" 1 1 1 1 1
"002_Group2" 1 1 1 1 1
"003_Group3" 1 1 1 1 1
"004_Group4" 1 1 1 1 1
"005_Group5" 1 1 1 1 1
"006_Group6" 1 1 1 1 1
"007_Group7" 1 1 1 1 1
"008_Group8" 1 1 1 1 1
"009_Group9" 1 1 1 1 1
"010_Group10" 1 1 1 1 1
"011_Group11" 1 1 1 1 1
"012_Group12" 1 1 1 1 1
"013_Group13" 1 1 1 1 1
"014_Group14" 1 1 1 1 1
"015_Group15" 1 1 1 1 1
"016_Group16" 1 1 1 1 1
"017_Group17" 1 1 1 1 1
"018_Group18" 1 1 1 1 1
"019_Group19" 1 1 1 1 1
"020_Group20" 1 1 1 1 1
"021_Group21" 1 1 1 1 1
"022_Group22" 1 1 1 1 1
"023_Group23" 1 1 1 1 1
"024_Group24" 1 1 1 1 1
"025_Group25" 1 1 1 1 1
"026_Group26" 1 1 1 1 1
"027_Group27" 1 1 1 1 1
"028_Group28" 1 1 1 1 1
"029_Group29" 1 1 1 1 1
"030_Group30" 1 1 1 1 1
"031_Group31" 1 1 1 1 1
"032_Group32" 1 1 1 1 1
"033_Group33" 1 1 1 1 1
"034_Group34" 1 1 1 1 1
"035_Group35" 1 1 1 1 1
"036_Group36" 1 1 1 1 1
"037_Group37" 1 1 1 1 1
"038_Group38" 1 1 1 1 1
"039_Group39" 1 1 1 1 1
"040_Group40" 1 1 1 1 1
"041_Group41" 1 1 1 1 1
"042_Group42" 1 1 1 1 1
"043_Group43" 1 1 1 1 1
"044_Group44" 1 1 1 1 1
"045_Group45" 1 1 1 1 1
"046_Group46" 1 1 1 1 1
"047_Group47" 1 1 1 1 1
"048_Group48" 1 1 1 1 1
"049_Group49" 1 1 1 1 1
"050_Group50" 1 1 1 1 1
"051_Group51" 1 1 1 1 1
"052_Group52" 1 1 1 1 1
"053_Group53" 1 1 1 1 1
"054_Group54" 1 1 1 1 1
"055_Group55" 1 1 1 1 1
"056_Group56" 1 1 1 1 1
"057_Group57" 1 1 1 1 1
"058_Group58" 1 1 1 1 1
"059_Group59" 1 1 1 1 1
"060_Group60" 1 1 1 1 1
"061_Group61" 1 1 1 1 1
"062_Group62" 1 1 1 1 1
"063_Group63" 1 1 1 1 1
"064_Group64" 1 1 1 1 1
"065_Group65" 1 1 1 1 1
"066_Group66" 1 1 1 1 1
"067_Group67" 1 1 1 1 1
"068_Group68" 1 1 1 1 1
"069_Group69" 1 1 1 1 1
"070_Group70" 1 1 1 1 1
"071_Group71" 1 1 1 1 1
"072_Group72" 1 1 1 1 1
"073_Group73" 1 1 1 1 1
"074_Group74" 1 1 1 1 1
"075_Group75" 1 1 1 1 1
"076_Group76" 1 1 1 1 1
"077_Group77" 1 1 1 1 1
"078_Group78" 1 1 1 1 1
"079_Group79" 1 1 1 1 1
"080_Group80" 1 1 1 1 1
"081_Group81" 1 1 1 1 1
"082_Group82" 1 1 1 1 1
"083_Group83" 1 1 1 1 1
"084_Group84" 1 1 1 1 1
"085_Group85" 1 1 1 1 1
"086_Group86" 1 1 1 1 1
"087_Group87" 1 1 1 1 1
"088_Group88" 1 1 1 1 1
"089_Group89" 1 1 1 1 1
"090_Group90" 1 1 1 1 1
"091_Group91" 1 1 1 1 1
"092_Group92" 1 1 1 1 1
"093_Group93" 1 1 1 1 1
"094_Group94" 1 1 1 1 1
"095_Group95" 1 1 1 1 1

"<<<<<< Number of Samples per Acquisition Interval [1unit=500values] >>>>>>"
Time[m] 2 4 6 8 10 
#Samples 2 2 2 2 2 

"<<<<<< Average Temperature [°C] >>>>>>"
Time[m] 2 4 6 8 10 
Temp[°C] 21.2 21.1 21.1 21.1 21.4 

"<<<<<< Well Activity >>>>>>"
Well Group/Time[m] 2 4 6 8 10
A1 "000_Group0" 13 5 0 5 3
B1 "001_Group1" 9 5 3 11 0
C1 "002_Group2" 4 1 2 6 0
D1 "003_Group3" 0 5 0 2 0
E1 "004_Group4" 0 0 2 0 0
F1 "005_Group5" 0 0 0 1 3
G1 "006_Group6" 4 8 10 9 5
H1 "007_Group7" 16 9 4 10 4
A2 "008_Group8" 18 14 17 3 0
B2 "009_Group9" 23 16 16 12 0
C2 "010_Group10" 21 19 16 9 1
D2 "011_Group11" 24 5 5 5 0
E2 "012_Group12" 26 8 18 13 1
F2 "013_Group13" 28 20 17 8 5
G2 "014_Group14" 36 24 17 10 1
H2 "015_Group15" 14 15 4 0 7
A3 "016_Group16" 1 1 0 0 0
B3 "017_Group17" 4 0 2 0 0
C3 "018_Group18" 1 1 12 11 0
D3 "019_Group19" 0 6 2 1 1
E3 "020_Group20" 0 0 2 2 0
F3 "021_Group21" 9 3 8 11 3
G3 "022_Group22" 5 2 0 2 2
H3 "023_Group23" 4 0 0 0 1
A4 "024_Group24" 12 27 7 16 9
B4 "025_Group25" 8 0 1 0 0
C4 "026_Group26" 5 0 0 0 0
D4 "027_Group27" 24 23 18 2 3
E4 "028_Group28" 9 24 14 13 16
F4 "029_Group29" 13 3 6 6 2
G4 "030_Group30" 21 12 7 18 1
H4 "031_Group31" 19 18 19 12 5
A5 "032_Group32" 0 8 3 3 0
B5 "033_Group33" 3 2 4 5 0
C5 "034_Group34" 4 10 5 1 10
D5 "035_Group35" 7 5 13 7 6
E5 "036_Group36" 17 10 1 0 1
F5 "037_Group37" 3 14 8 0 0
G5 "038_Group38" 9 16 17 6 0
H5 "039_Group39" 12 7 20 4 0
A6 "040_Group40" 3 0 0 0 0
B6 "041_Group41" 0 0 0 0 0
C6 "042_Group42" 0 0 0 0 0
D6 "043_Group43" 0 0 0 0 0
E6 "044_Group44" 0 0 0 0 0
F6 "045_Group45" 0 0 0 0 0
G6 "046_Group46" 0 0 0 0 0
H6 "047_Group47" 0 0 0 0 0
A7 "048_Group48" 18 6 19 3 13
B7 "049_Group49" 8 2 3 2 2
C7 "050_Group50" 4 6 4 8 1
D7 "051_Group51" 6 4 4 3 5
E7 "052_Group52" 0 0 6 0 0
F7 "053_Group53" 14 8 6 11 16
G7 "054_Group54" 13 12 10 4 4
H7 "055_Group55" 16 15 20 5 10
A8 "056_Group56" 18 12 18 5 5
B8 "057_Group57" 25 12 10 15 19
C8 "058_Group58" 19 15 17 19 7
D8 "059_Group59" 11 16 11 14 15
E8 "060_Group60" 0 0 0 0 0
F8 "061_Group61" 10 16 11 14 5
G8 "062_Group62" 11 8 4 5 12
H8 "063_Group63" 12 10 11 4 8
A9 "064_Group64" 23 31 14 23 11
B9 "065_Group65" 8 12 7 2 6
C9 "066_Group66" 19 22 27 13 14
D9 "067_Group67" 20 18 21 37 25
E9 "068_Group68" 2 6 3 5 0
F9 "069_Group69" 3 14 7 4 2
G9 "070_Group70" 9 20 2 12 8
H9 "071_Group71" 26 29 29 42 25
A10 "072_Group72" 1 1 1 0 0
B10 "073_Group73" 26 14 5 0 0
C10 "074_Group74" 0 2 0 6 0
D10 "075_Group75" 0 1 4 2 1
E10 "076_Group76" 4 11 0 0 0
F10 "077_Group77" 7 10 5 0 0
G10 "078_Group78" 7 0 0 0 0
H10 "079_Group79" 4 11 6 2 1
A11 "080_Group80" 6 8 14 8 7
B11 "081_Group81" 0 1 1 0 0
C11 "082_Group82" 16 5 11 5 2
D11 "083_Group83" 12 11 5 5 7
E11 "084_Group84" 5 1 8 1 0
F11 "085_Group85" 8 6 4 2 10
G11 "086_Group86" 15 8 5 19 5
H11 "087_Group87" 12 8 10 8 11
A12 "088_Group88" 0 0 1 0 0
B12 "089_Group89" 0 0 0 0 0
C12 "090_Group90" 0 3 0 0 0
D12 "091_Group91" 1 3 10 1 1
E12 "092_Group92" 0 0 0 0 0
F12 "093_Group93" 13 7 2 0 0
G12 "094_Group94" 8 1 0 0 0
H12 "095_Group95" 1 0 3 4 4

"<<<<<< Channel Activity >>>>>>"
Channel Well Group/Time[m] 2 4 6 8 10
CH0 A1.0 "000_Group0" 13 5 0 5 3
CH2 B1.0 "001_Group1" 9 5 3 11 0
CH4 C1.0 "002_Group2" 4 1 2 6 0
CH6 D1.0 "003_Group3" 0 5 0 2 0
CH8 E1.0 "004_Group4" 0 0 2 0 0
CH10 F1.0 "005_Group5" 0 0 0 1 3
CH12 G1.0 "006_Group6" 4 8 10 9 5
CH14 H1.0 "007_Group7" 16 9 4 10 4
CH32 A2.0 "008_Group8" 18 14 17 3 0
CH34 B2.0 "009_Group9" 23 16 16 12 0
CH36 C2.0 "010_Group10" 21 19 16 9 1
CH38 D2.0 "011_Group11" 24 5 5 5 0
CH40 E2.0 "012_Group12" 26 8 18 13 1
CH42 F2.0 "013_Group13" 28 20 17 8 5
CH44 G2.0 "014_Group14" 36 24 17 10 1
CH46 H2.0 "015_Group15" 14 15 4 0 7
CH64 A3.0 "016_Group16" 1 1 0 0 0
CH66 B3.0 "017_Group17" 4 0 2 0 0
CH68 C3.0 "018_Group18" 1 1 12 11 0
CH70 D3.0 "019_Group19" 0 6 2 1 1
CH72 E3.0 "020_Group20" 0 0 2 2 0
CH74 F3.0 "021_Group21" 9 3 8 11 3
CH76 G3.0 "022_Group22" 5 2 0 2 2
CH78 H3.0 "023_Group23" 4 0 0 0 1
CH96 A4.0 "024_Group24" 12 27 7 16 9
CH98 B4.0 "025_Group25" 8 0 1 0 0
CH100 C4.0 "026_Group26" 5 0 0 0 0
CH102 D4.0 "027_Group27" 24 23 18 2 3
CH104 E4.0 "028_Group28" 9 24 14 13 16
CH106 F4.0 "029_Group29" 13 3 6 6 2
CH108 G4.0 "030_Group30" 21 12 7 18 1
CH110 H4.0 "031_Group31" 19 18 19 12 5
CH128 A5.0 "032_Group32" 0 8 3 3 0
CH130 B5.0 "033_Group33" 3 2 4 5 0
CH132 C5.0 "034_Group34" 4 10 5 1 10
CH134 D5.0 "035_Group35" 7 5 13 7 6
CH136 E5.0 "036_Group36" 17 10 1 0 1
CH138 F5.0 "037_Group37" 3 14 8 0 0
CH140 G5.0 "038_Group38" 9 16 17 6 0
CH142 H5.0 "039_Group39" 12 7 20 4 0
CH160 A6.0 "040_Group40" 3 0 0 0 0
CH162 B6.0 "041_Group41" 0 0 0 0 0
CH164 C6.0 "042_Group42" 0 0 0 0 0
CH166 D6.0 "043_Group43" 0 0 0 0 0
CH168 E6.0 "044_Group44" 0 0 0 0 0
CH170 F6.0 "045_Group45" 0 0 0 0 0
CH172 G6.0 "046_Group46" 0 0 0 0 0
CH174 H6.0 "047_Group47" 0 0 0 0 0
CH192 A7.0 "048_Group48" 18 6 19 3 13
CH194 B7.0 "049_Group49" 8 2 3 2 2
CH196 C7.0 "050_Group50" 4 6 4 8 1
CH198 D7.0 "051_Group51" 6 4 4 3 5
CH200 E7.0 "052_Group52" 0 0 6 0 0
CH202 F7.0 "053_Group53" 14 8 6 11 16
CH204 G7.0 "054_Group54" 13 12 10 4 4
CH206 H7.0 "055_Group55" 16 15 20 5 10
CH224 A8.0 "056_Group56" 18 12 18 5 5
CH226 B8.0 "057_Group57" 25 12 10 15 19
CH228 C8.0 "058_Group58" 19 15 17 19 7
CH230 D8.0 "059_Group59" 11 16 11 14 15
CH232 E8.0 "060_Group60" 0 0 0 0 0
CH234 F8.0 "061_Group61" 10 16 11 14 5
CH236 G8.0 "062_Group62" 11 8 4 5 12
CH238 H8.0 "063_Group63" 12 10 11 4 8
CH256 A9.0 "064_Group64" 23 31 14 23 11
CH258 B9.0 "065_Group65" 8 12 7 2 6
CH260 C9.0 "066_Group66" 19 22 27 13 14
CH262 D9.0 "067_Group67" 20 18 21 37 25
CH264 E9.0 "068_Group68" 2 6 3 5 0
CH266 F9.0 "069_Group69" 3 14 7 4 2
CH268 G9.0 "070_Group70" 9 20 2 12 8
CH270 H9.0 "071_Group71" 26 29 29 42 25
CH288 A10.0 "072_Group72" 1 1 1 0 0
CH290 B10.0 "073_Group73" 26 14 5 0 0
CH292 C10.0 "074_Group74" 0 2 0 6 0
CH294 D10.0 "075_Group75" 0 1 4 2 1
CH296 E10.0 "076_Group76" 4 11 0 0 0
CH298 F10.0 "077_Group77" 7 10 5 0 0
CH300 G10.0 "078_Group78" 7 0 0 0 0
CH302 H10.0 "079_Group79" 4 11 6 2 1
CH320 A11.0 "080_Group80" 6 8 14 8 7
CH322 B11.0 "081_Group81" 0 1 1 0 0
CH324 C11.0 "082_Group82" 16 5 11 5 2
CH326 D11.0 "083_Group83" 12 11 5 5 7
CH328 E11.0 "084_Group84" 5 1 8 1 0
CH330 F11.0 "085_Group85" 8 6 4 2 10
CH332 G11.0 "086_Group86" 15 8 5 19 5
CH334 H11.0 "087_Group87" 12 8 10 8 11
CH352 A12.0 "088_Group88" 0 0 1 0 0
CH354 B12.0 "089_Group89" 0 0 0 0 0
CH356 C12.0 "090_Group90" 0 3 0 0 0
CH358 D12.0 "091_Group91" 1 3 10 1 1
CH360 E12.0 "092_Group92" 0 0 0 0 0
CH362 F12.0 "093_Group93" 13 7 2 0 0
CH364 G12.0 "094_Group94" 8 1 0 0 0
CH366 H12.0 "095_Group95" 1 0 3 4 4
