"DATE:" "2/4/2015 9:16:16 AM"
"FILE:" "C:\Users\AndersenLab\Desktop\wmicrotracker\p00011\20150204_0904"
"SUBPROJECT:" "20150204_Longevity_3_4mgmL"

"<<<<<< Group Activity: Average Activity Counts per Data Interval>>>>>>"
Group/Time[m] 2 4 6 8 10
"000_Group0" 11 15 0 7 11
"001_Group1" 14 0 0 1 1
"002_Group2" 7 9 0 4 3
"003_Group3" 2 3 1 3 4
"004_Group4" 5 2 1 0 0
"005_Group5" 8 9 17 23 6
"006_Group6" 7 10 3 5 0
"007_Group7" 7 7 2 0 5
"008_Group8" 13 16 9 15 10
"009_Group9" 13 11 9 13 7
"010_Group10" 13 14 10 7 9
"011_Group11" 18 14 12 9 5
"012_Group12" 29 33 25 18 8
"013_Group13" 21 24 17 10 19
"014_Group14" 24 14 14 7 6
"015_Group15" 20 19 18 8 11
"016_Group16" 2 9 5 0 5
"017_Group17" 0 0 0 0 0
"018_Group18" 0 0 0 2 1
"019_Group19" 0 8 3 1 7
"020_Group20" 0 0 0 0 0
"021_Group21" 0 0 0 0 0
"022_Group22" 0 0 0 3 3
"023_Group23" 1 1 2 2 0
"024_Group24" 12 11 10 9 8
"025_Group25" 10 16 11 19 9
"026_Group26" 4 0 3 0 0
"027_Group27" 13 8 12 10 3
"028_Group28" 15 35 24 15 7
"029_Group29" 14 11 10 8 8
"030_Group30" 7 9 5 6 14
"031_Group31" 18 30 27 24 24
"032_Group32" 6 2 2 5 6
"033_Group33" 6 5 4 3 0
"034_Group34" 0 2 12 0 0
"035_Group35" 0 0 0 5 1
"036_Group36" 1 5 3 5 1
"037_Group37" 14 13 23 8 16
"038_Group38" 1 2 3 1 2
"039_Group39" 2 1 2 1 0
"040_Group40" 0 1 0 0 0
"041_Group41" 0 0 0 0 0
"042_Group42" 0 0 0 0 0
"043_Group43" 4 0 2 0 0
"044_Group44" 0 0 0 0 0
"045_Group45" 0 0 0 0 0
"046_Group46" 0 0 0 0 0
"047_Group47" 0 0 0 0 0
"048_Group48" 23 19 13 16 17
"049_Group49" 31 15 11 13 5
"050_Group50" 16 10 10 10 8
"051_Group51" 9 9 17 10 18
"052_Group52" 12 12 7 8 9
"053_Group53" 13 13 8 9 10
"054_Group54" 16 11 13 8 9
"055_Group55" 24 32 23 11 16
"056_Group56" 8 22 11 9 23
"057_Group57" 17 10 16 12 12
"058_Group58" 27 24 26 8 12
"059_Group59" 15 15 13 26 11
"060_Group60" 26 19 12 8 5
"061_Group61" 27 18 9 7 6
"062_Group62" 17 9 6 9 6
"063_Group63" 20 14 5 17 7
"064_Group64" 22 27 32 20 18
"065_Group65" 23 17 18 18 20
"066_Group66" 14 17 8 20 8
"067_Group67" 33 31 29 31 19
"068_Group68" 17 25 29 25 20
"069_Group69" 21 35 17 21 24
"070_Group70" 12 24 12 43 8
"071_Group71" 17 12 13 9 12
"072_Group72" 6 15 1 7 8
"073_Group73" 5 5 7 5 0
"074_Group74" 6 5 12 1 0
"075_Group75" 7 1 3 0 2
"076_Group76" 0 5 2 1 0
"077_Group77" 4 6 1 0 6
"078_Group78" 0 1 0 0 7
"079_Group79" 0 1 1 0 1
"080_Group80" 14 14 7 6 6
"081_Group81" 0 0 0 0 0
"082_Group82" 9 11 13 15 10
"083_Group83" 10 20 12 15 16
"084_Group84" 12 10 7 12 10
"085_Group85" 13 15 6 11 6
"086_Group86" 7 10 10 15 10
"087_Group87" 14 8 13 18 14
"088_Group88" 0 0 0 2 2
"089_Group89" 1 0 0 0 0
"090_Group90" 0 0 0 0 0
"091_Group91" 2 2 0 0 1
"092_Group92" 0 0 0 0 0
"093_Group93" 0 0 0 0 1
"094_Group94" 3 5 5 3 1
"095_Group95" 0 4 0 0 0

"<<<<<< Group Activity: Number of wells/group >>>>>>"
Group/Time[m] 2 4 6 8 10
"000_Group0" 1 1 1 1 1
"001_Group1" 1 1 1 1 1
"002_Group2" 1 1 1 1 1
"003_Group3" 1 1 1 1 1
"004_Group4" 1 1 1 1 1
"005_Group5" 1 1 1 1 1
"006_Group6" 1 1 1 1 1
"007_Group7" 1 1 1 1 1
"008_Group8" 1 1 1 1 1
"009_Group9" 1 1 1 1 1
"010_Group10" 1 1 1 1 1
"011_Group11" 1 1 1 1 1
"012_Group12" 1 1 1 1 1
"013_Group13" 1 1 1 1 1
"014_Group14" 1 1 1 1 1
"015_Group15" 1 1 1 1 1
"016_Group16" 1 1 1 1 1
"017_Group17" 1 1 1 1 1
"018_Group18" 1 1 1 1 1
"019_Group19" 1 1 1 1 1
"020_Group20" 1 1 1 1 1
"021_Group21" 1 1 1 1 1
"022_Group22" 1 1 1 1 1
"023_Group23" 1 1 1 1 1
"024_Group24" 1 1 1 1 1
"025_Group25" 1 1 1 1 1
"026_Group26" 1 1 1 1 1
"027_Group27" 1 1 1 1 1
"028_Group28" 1 1 1 1 1
"029_Group29" 1 1 1 1 1
"030_Group30" 1 1 1 1 1
"031_Group31" 1 1 1 1 1
"032_Group32" 1 1 1 1 1
"033_Group33" 1 1 1 1 1
"034_Group34" 1 1 1 1 1
"035_Group35" 1 1 1 1 1
"036_Group36" 1 1 1 1 1
"037_Group37" 1 1 1 1 1
"038_Group38" 1 1 1 1 1
"039_Group39" 1 1 1 1 1
"040_Group40" 1 1 1 1 1
"041_Group41" 1 1 1 1 1
"042_Group42" 1 1 1 1 1
"043_Group43" 1 1 1 1 1
"044_Group44" 1 1 1 1 1
"045_Group45" 1 1 1 1 1
"046_Group46" 1 1 1 1 1
"047_Group47" 1 1 1 1 1
"048_Group48" 1 1 1 1 1
"049_Group49" 1 1 1 1 1
"050_Group50" 1 1 1 1 1
"051_Group51" 1 1 1 1 1
"052_Group52" 1 1 1 1 1
"053_Group53" 1 1 1 1 1
"054_Group54" 1 1 1 1 1
"055_Group55" 1 1 1 1 1
"056_Group56" 1 1 1 1 1
"057_Group57" 1 1 1 1 1
"058_Group58" 1 1 1 1 1
"059_Group59" 1 1 1 1 1
"060_Group60" 1 1 1 1 1
"061_Group61" 1 1 1 1 1
"062_Group62" 1 1 1 1 1
"063_Group63" 1 1 1 1 1
"064_Group64" 1 1 1 1 1
"065_Group65" 1 1 1 1 1
"066_Group66" 1 1 1 1 1
"067_Group67" 1 1 1 1 1
"068_Group68" 1 1 1 1 1
"069_Group69" 1 1 1 1 1
"070_Group70" 1 1 1 1 1
"071_Group71" 1 1 1 1 1
"072_Group72" 1 1 1 1 1
"073_Group73" 1 1 1 1 1
"074_Group74" 1 1 1 1 1
"075_Group75" 1 1 1 1 1
"076_Group76" 1 1 1 1 1
"077_Group77" 1 1 1 1 1
"078_Group78" 1 1 1 1 1
"079_Group79" 1 1 1 1 1
"080_Group80" 1 1 1 1 1
"081_Group81" 1 1 1 1 1
"082_Group82" 1 1 1 1 1
"083_Group83" 1 1 1 1 1
"084_Group84" 1 1 1 1 1
"085_Group85" 1 1 1 1 1
"086_Group86" 1 1 1 1 1
"087_Group87" 1 1 1 1 1
"088_Group88" 1 1 1 1 1
"089_Group89" 1 1 1 1 1
"090_Group90" 1 1 1 1 1
"091_Group91" 1 1 1 1 1
"092_Group92" 1 1 1 1 1
"093_Group93" 1 1 1 1 1
"094_Group94" 1 1 1 1 1
"095_Group95" 1 1 1 1 1

"<<<<<< Number of Samples per Acquisition Interval [1unit=500values] >>>>>>"
Time[m] 2 4 6 8 10 
#Samples 2 2 2 2 2 

"<<<<<< Average Temperature [°C] >>>>>>"
Time[m] 2 4 6 8 10 
Temp[°C] 22.0 22.0 22.0 22.0 22.0 

"<<<<<< Well Activity >>>>>>"
Well Group/Time[m] 2 4 6 8 10
A1 "000_Group0" 11 15 0 7 11
B1 "001_Group1" 14 0 0 1 1
C1 "002_Group2" 7 9 0 4 3
D1 "003_Group3" 2 3 1 3 4
E1 "004_Group4" 5 2 1 0 0
F1 "005_Group5" 8 9 17 23 6
G1 "006_Group6" 7 10 3 5 0
H1 "007_Group7" 7 7 2 0 5
A2 "008_Group8" 13 16 9 15 10
B2 "009_Group9" 13 11 9 13 7
C2 "010_Group10" 13 14 10 7 9
D2 "011_Group11" 18 14 12 9 5
E2 "012_Group12" 29 33 25 18 8
F2 "013_Group13" 21 24 17 10 19
G2 "014_Group14" 24 14 14 7 6
H2 "015_Group15" 20 19 18 8 11
A3 "016_Group16" 2 9 5 0 5
B3 "017_Group17" 0 0 0 0 0
C3 "018_Group18" 0 0 0 2 1
D3 "019_Group19" 0 8 3 1 7
E3 "020_Group20" 0 0 0 0 0
F3 "021_Group21" 0 0 0 0 0
G3 "022_Group22" 0 0 0 3 3
H3 "023_Group23" 1 1 2 2 0
A4 "024_Group24" 12 11 10 9 8
B4 "025_Group25" 10 16 11 19 9
C4 "026_Group26" 4 0 3 0 0
D4 "027_Group27" 13 8 12 10 3
E4 "028_Group28" 15 35 24 15 7
F4 "029_Group29" 14 11 10 8 8
G4 "030_Group30" 7 9 5 6 14
H4 "031_Group31" 18 30 27 24 24
A5 "032_Group32" 6 2 2 5 6
B5 "033_Group33" 6 5 4 3 0
C5 "034_Group34" 0 2 12 0 0
D5 "035_Group35" 0 0 0 5 1
E5 "036_Group36" 1 5 3 5 1
F5 "037_Group37" 14 13 23 8 16
G5 "038_Group38" 1 2 3 1 2
H5 "039_Group39" 2 1 2 1 0
A6 "040_Group40" 0 1 0 0 0
B6 "041_Group41" 0 0 0 0 0
C6 "042_Group42" 0 0 0 0 0
D6 "043_Group43" 4 0 2 0 0
E6 "044_Group44" 0 0 0 0 0
F6 "045_Group45" 0 0 0 0 0
G6 "046_Group46" 0 0 0 0 0
H6 "047_Group47" 0 0 0 0 0
A7 "048_Group48" 23 19 13 16 17
B7 "049_Group49" 31 15 11 13 5
C7 "050_Group50" 16 10 10 10 8
D7 "051_Group51" 9 9 17 10 18
E7 "052_Group52" 12 12 7 8 9
F7 "053_Group53" 13 13 8 9 10
G7 "054_Group54" 16 11 13 8 9
H7 "055_Group55" 24 32 23 11 16
A8 "056_Group56" 8 22 11 9 23
B8 "057_Group57" 17 10 16 12 12
C8 "058_Group58" 27 24 26 8 12
D8 "059_Group59" 15 15 13 26 11
E8 "060_Group60" 26 19 12 8 5
F8 "061_Group61" 27 18 9 7 6
G8 "062_Group62" 17 9 6 9 6
H8 "063_Group63" 20 14 5 17 7
A9 "064_Group64" 22 27 32 20 18
B9 "065_Group65" 23 17 18 18 20
C9 "066_Group66" 14 17 8 20 8
D9 "067_Group67" 33 31 29 31 19
E9 "068_Group68" 17 25 29 25 20
F9 "069_Group69" 21 35 17 21 24
G9 "070_Group70" 12 24 12 43 8
H9 "071_Group71" 17 12 13 9 12
A10 "072_Group72" 6 15 1 7 8
B10 "073_Group73" 5 5 7 5 0
C10 "074_Group74" 6 5 12 1 0
D10 "075_Group75" 7 1 3 0 2
E10 "076_Group76" 0 5 2 1 0
F10 "077_Group77" 4 6 1 0 6
G10 "078_Group78" 0 1 0 0 7
H10 "079_Group79" 0 1 1 0 1
A11 "080_Group80" 14 14 7 6 6
B11 "081_Group81" 0 0 0 0 0
C11 "082_Group82" 9 11 13 15 10
D11 "083_Group83" 10 20 12 15 16
E11 "084_Group84" 12 10 7 12 10
F11 "085_Group85" 13 15 6 11 6
G11 "086_Group86" 7 10 10 15 10
H11 "087_Group87" 14 8 13 18 14
A12 "088_Group88" 0 0 0 2 2
B12 "089_Group89" 1 0 0 0 0
C12 "090_Group90" 0 0 0 0 0
D12 "091_Group91" 2 2 0 0 1
E12 "092_Group92" 0 0 0 0 0
F12 "093_Group93" 0 0 0 0 1
G12 "094_Group94" 3 5 5 3 1
H12 "095_Group95" 0 4 0 0 0

"<<<<<< Channel Activity >>>>>>"
Channel Well Group/Time[m] 2 4 6 8 10
CH0 A1.0 "000_Group0" 11 15 0 7 11
CH2 B1.0 "001_Group1" 14 0 0 1 1
CH4 C1.0 "002_Group2" 7 9 0 4 3
CH6 D1.0 "003_Group3" 2 3 1 3 4
CH8 E1.0 "004_Group4" 5 2 1 0 0
CH10 F1.0 "005_Group5" 8 9 17 23 6
CH12 G1.0 "006_Group6" 7 10 3 5 0
CH14 H1.0 "007_Group7" 7 7 2 0 5
CH32 A2.0 "008_Group8" 13 16 9 15 10
CH34 B2.0 "009_Group9" 13 11 9 13 7
CH36 C2.0 "010_Group10" 13 14 10 7 9
CH38 D2.0 "011_Group11" 18 14 12 9 5
CH40 E2.0 "012_Group12" 29 33 25 18 8
CH42 F2.0 "013_Group13" 21 24 17 10 19
CH44 G2.0 "014_Group14" 24 14 14 7 6
CH46 H2.0 "015_Group15" 20 19 18 8 11
CH64 A3.0 "016_Group16" 2 9 5 0 5
CH66 B3.0 "017_Group17" 0 0 0 0 0
CH68 C3.0 "018_Group18" 0 0 0 2 1
CH70 D3.0 "019_Group19" 0 8 3 1 7
CH72 E3.0 "020_Group20" 0 0 0 0 0
CH74 F3.0 "021_Group21" 0 0 0 0 0
CH76 G3.0 "022_Group22" 0 0 0 3 3
CH78 H3.0 "023_Group23" 1 1 2 2 0
CH96 A4.0 "024_Group24" 12 11 10 9 8
CH98 B4.0 "025_Group25" 10 16 11 19 9
CH100 C4.0 "026_Group26" 4 0 3 0 0
CH102 D4.0 "027_Group27" 13 8 12 10 3
CH104 E4.0 "028_Group28" 15 35 24 15 7
CH106 F4.0 "029_Group29" 14 11 10 8 8
CH108 G4.0 "030_Group30" 7 9 5 6 14
CH110 H4.0 "031_Group31" 18 30 27 24 24
CH128 A5.0 "032_Group32" 6 2 2 5 6
CH130 B5.0 "033_Group33" 6 5 4 3 0
CH132 C5.0 "034_Group34" 0 2 12 0 0
CH134 D5.0 "035_Group35" 0 0 0 5 1
CH136 E5.0 "036_Group36" 1 5 3 5 1
CH138 F5.0 "037_Group37" 14 13 23 8 16
CH140 G5.0 "038_Group38" 1 2 3 1 2
CH142 H5.0 "039_Group39" 2 1 2 1 0
CH160 A6.0 "040_Group40" 0 1 0 0 0
CH162 B6.0 "041_Group41" 0 0 0 0 0
CH164 C6.0 "042_Group42" 0 0 0 0 0
CH166 D6.0 "043_Group43" 4 0 2 0 0
CH168 E6.0 "044_Group44" 0 0 0 0 0
CH170 F6.0 "045_Group45" 0 0 0 0 0
CH172 G6.0 "046_Group46" 0 0 0 0 0
CH174 H6.0 "047_Group47" 0 0 0 0 0
CH192 A7.0 "048_Group48" 23 19 13 16 17
CH194 B7.0 "049_Group49" 31 15 11 13 5
CH196 C7.0 "050_Group50" 16 10 10 10 8
CH198 D7.0 "051_Group51" 9 9 17 10 18
CH200 E7.0 "052_Group52" 12 12 7 8 9
CH202 F7.0 "053_Group53" 13 13 8 9 10
CH204 G7.0 "054_Group54" 16 11 13 8 9
CH206 H7.0 "055_Group55" 24 32 23 11 16
CH224 A8.0 "056_Group56" 8 22 11 9 23
CH226 B8.0 "057_Group57" 17 10 16 12 12
CH228 C8.0 "058_Group58" 27 24 26 8 12
CH230 D8.0 "059_Group59" 15 15 13 26 11
CH232 E8.0 "060_Group60" 26 19 12 8 5
CH234 F8.0 "061_Group61" 27 18 9 7 6
CH236 G8.0 "062_Group62" 17 9 6 9 6
CH238 H8.0 "063_Group63" 20 14 5 17 7
CH256 A9.0 "064_Group64" 22 27 32 20 18
CH258 B9.0 "065_Group65" 23 17 18 18 20
CH260 C9.0 "066_Group66" 14 17 8 20 8
CH262 D9.0 "067_Group67" 33 31 29 31 19
CH264 E9.0 "068_Group68" 17 25 29 25 20
CH266 F9.0 "069_Group69" 21 35 17 21 24
CH268 G9.0 "070_Group70" 12 24 12 43 8
CH270 H9.0 "071_Group71" 17 12 13 9 12
CH288 A10.0 "072_Group72" 6 15 1 7 8
CH290 B10.0 "073_Group73" 5 5 7 5 0
CH292 C10.0 "074_Group74" 6 5 12 1 0
CH294 D10.0 "075_Group75" 7 1 3 0 2
CH296 E10.0 "076_Group76" 0 5 2 1 0
CH298 F10.0 "077_Group77" 4 6 1 0 6
CH300 G10.0 "078_Group78" 0 1 0 0 7
CH302 H10.0 "079_Group79" 0 1 1 0 1
CH320 A11.0 "080_Group80" 14 14 7 6 6
CH322 B11.0 "081_Group81" 0 0 0 0 0
CH324 C11.0 "082_Group82" 9 11 13 15 10
CH326 D11.0 "083_Group83" 10 20 12 15 16
CH328 E11.0 "084_Group84" 12 10 7 12 10
CH330 F11.0 "085_Group85" 13 15 6 11 6
CH332 G11.0 "086_Group86" 7 10 10 15 10
CH334 H11.0 "087_Group87" 14 8 13 18 14
CH352 A12.0 "088_Group88" 0 0 0 2 2
CH354 B12.0 "089_Group89" 1 0 0 0 0
CH356 C12.0 "090_Group90" 0 0 0 0 0
CH358 D12.0 "091_Group91" 2 2 0 0 1
CH360 E12.0 "092_Group92" 0 0 0 0 0
CH362 F12.0 "093_Group93" 0 0 0 0 1
CH364 G12.0 "094_Group94" 3 5 5 3 1
CH366 H12.0 "095_Group95" 0 4 0 0 0
