"DATE:" "2/8/2015 9:08:07 AM"
"FILE:" "C:\Users\AndersenLab\Desktop\wmicrotracker\p00011\20150208_0856"
"SUBPROJECT:" "20150208_Longevity_3_4mgmL"

"<<<<<< Group Activity: Average Activity Counts per Data Interval>>>>>>"
Group/Time[m] 2 4 6 8 10
"000_Group0" 11 9 0 2 0
"001_Group1" 10 8 0 0 0
"002_Group2" 11 2 0 2 0
"003_Group3" 12 10 4 24 7
"004_Group4" 9 14 9 4 10
"005_Group5" 9 8 6 4 0
"006_Group6" 0 5 10 4 6
"007_Group7" 15 9 7 0 1
"008_Group8" 13 20 24 16 23
"009_Group9" 27 21 15 5 0
"010_Group10" 19 21 18 8 5
"011_Group11" 13 22 14 6 17
"012_Group12" 19 24 21 9 11
"013_Group13" 25 8 13 9 13
"014_Group14" 30 24 7 10 5
"015_Group15" 33 16 5 1 9
"016_Group16" 0 0 0 0 0
"017_Group17" 4 10 0 3 0
"018_Group18" 0 3 0 1 0
"019_Group19" 5 12 0 0 0
"020_Group20" 0 2 0 0 0
"021_Group21" 2 0 3 1 0
"022_Group22" 2 5 8 8 3
"023_Group23" 12 6 12 4 3
"024_Group24" 8 3 21 7 10
"025_Group25" 24 25 25 23 11
"026_Group26" 0 0 0 0 0
"027_Group27" 30 18 32 22 9
"028_Group28" 24 13 15 13 14
"029_Group29" 23 28 19 8 14
"030_Group30" 22 17 16 7 3
"031_Group31" 25 37 34 26 14
"032_Group32" 0 0 2 7 0
"033_Group33" 1 0 0 0 0
"034_Group34" 6 16 8 6 3
"035_Group35" 8 6 2 0 0
"036_Group36" 0 8 12 0 0
"037_Group37" 5 7 1 0 0
"038_Group38" 14 20 4 1 2
"039_Group39" 4 16 6 8 5
"040_Group40" 0 0 0 0 0
"041_Group41" 2 1 3 2 0
"042_Group42" 0 0 0 0 0
"043_Group43" 0 0 0 0 0
"044_Group44" 0 0 0 0 0
"045_Group45" 0 0 0 0 0
"046_Group46" 12 1 0 0 0
"047_Group47" 0 0 0 0 0
"048_Group48" 16 13 13 7 2
"049_Group49" 4 3 2 2 4
"050_Group50" 11 4 9 12 10
"051_Group51" 13 4 1 5 9
"052_Group52" 6 8 2 4 4
"053_Group53" 10 7 4 1 9
"054_Group54" 9 6 6 7 7
"055_Group55" 16 9 9 8 12
"056_Group56" 16 30 9 7 11
"057_Group57" 11 9 11 10 9
"058_Group58" 23 9 5 10 7
"059_Group59" 26 10 9 7 14
"060_Group60" 10 11 4 4 2
"061_Group61" 26 13 15 6 6
"062_Group62" 7 8 13 9 5
"063_Group63" 15 12 7 10 17
"064_Group64" 20 49 32 21 27
"065_Group65" 27 28 27 23 11
"066_Group66" 39 27 22 30 16
"067_Group67" 31 33 25 21 19
"068_Group68" 4 6 4 3 1
"069_Group69" 12 8 7 3 0
"070_Group70" 13 27 25 18 19
"071_Group71" 20 32 23 21 22
"072_Group72" 2 0 0 0 0
"073_Group73" 1 0 5 12 6
"074_Group74" 6 0 0 0 0
"075_Group75" 4 1 1 0 0
"076_Group76" 4 5 3 2 9
"077_Group77" 16 20 20 11 4
"078_Group78" 10 15 5 7 2
"079_Group79" 9 8 12 5 1
"080_Group80" 14 11 7 7 13
"081_Group81" 8 1 6 0 0
"082_Group82" 15 16 13 7 3
"083_Group83" 14 9 11 10 8
"084_Group84" 0 0 0 0 0
"085_Group85" 9 11 5 15 3
"086_Group86" 10 9 6 5 3
"087_Group87" 24 13 8 9 7
"088_Group88" 12 5 2 3 0
"089_Group89" 5 11 11 9 5
"090_Group90" 0 0 1 1 0
"091_Group91" 2 0 2 0 3
"092_Group92" 4 2 0 0 0
"093_Group93" 4 4 2 3 2
"094_Group94" 24 2 6 5 2
"095_Group95" 11 7 13 2 8

"<<<<<< Group Activity: Number of wells/group >>>>>>"
Group/Time[m] 2 4 6 8 10
"000_Group0" 1 1 1 1 1
"001_Group1" 1 1 1 1 1
"002_Group2" 1 1 1 1 1
"003_Group3" 1 1 1 1 1
"004_Group4" 1 1 1 1 1
"005_Group5" 1 1 1 1 1
"006_Group6" 1 1 1 1 1
"007_Group7" 1 1 1 1 1
"008_Group8" 1 1 1 1 1
"009_Group9" 1 1 1 1 1
"010_Group10" 1 1 1 1 1
"011_Group11" 1 1 1 1 1
"012_Group12" 1 1 1 1 1
"013_Group13" 1 1 1 1 1
"014_Group14" 1 1 1 1 1
"015_Group15" 1 1 1 1 1
"016_Group16" 1 1 1 1 1
"017_Group17" 1 1 1 1 1
"018_Group18" 1 1 1 1 1
"019_Group19" 1 1 1 1 1
"020_Group20" 1 1 1 1 1
"021_Group21" 1 1 1 1 1
"022_Group22" 1 1 1 1 1
"023_Group23" 1 1 1 1 1
"024_Group24" 1 1 1 1 1
"025_Group25" 1 1 1 1 1
"026_Group26" 1 1 1 1 1
"027_Group27" 1 1 1 1 1
"028_Group28" 1 1 1 1 1
"029_Group29" 1 1 1 1 1
"030_Group30" 1 1 1 1 1
"031_Group31" 1 1 1 1 1
"032_Group32" 1 1 1 1 1
"033_Group33" 1 1 1 1 1
"034_Group34" 1 1 1 1 1
"035_Group35" 1 1 1 1 1
"036_Group36" 1 1 1 1 1
"037_Group37" 1 1 1 1 1
"038_Group38" 1 1 1 1 1
"039_Group39" 1 1 1 1 1
"040_Group40" 1 1 1 1 1
"041_Group41" 1 1 1 1 1
"042_Group42" 1 1 1 1 1
"043_Group43" 1 1 1 1 1
"044_Group44" 1 1 1 1 1
"045_Group45" 1 1 1 1 1
"046_Group46" 1 1 1 1 1
"047_Group47" 1 1 1 1 1
"048_Group48" 1 1 1 1 1
"049_Group49" 1 1 1 1 1
"050_Group50" 1 1 1 1 1
"051_Group51" 1 1 1 1 1
"052_Group52" 1 1 1 1 1
"053_Group53" 1 1 1 1 1
"054_Group54" 1 1 1 1 1
"055_Group55" 1 1 1 1 1
"056_Group56" 1 1 1 1 1
"057_Group57" 1 1 1 1 1
"058_Group58" 1 1 1 1 1
"059_Group59" 1 1 1 1 1
"060_Group60" 1 1 1 1 1
"061_Group61" 1 1 1 1 1
"062_Group62" 1 1 1 1 1
"063_Group63" 1 1 1 1 1
"064_Group64" 1 1 1 1 1
"065_Group65" 1 1 1 1 1
"066_Group66" 1 1 1 1 1
"067_Group67" 1 1 1 1 1
"068_Group68" 1 1 1 1 1
"069_Group69" 1 1 1 1 1
"070_Group70" 1 1 1 1 1
"071_Group71" 1 1 1 1 1
"072_Group72" 1 1 1 1 1
"073_Group73" 1 1 1 1 1
"074_Group74" 1 1 1 1 1
"075_Group75" 1 1 1 1 1
"076_Group76" 1 1 1 1 1
"077_Group77" 1 1 1 1 1
"078_Group78" 1 1 1 1 1
"079_Group79" 1 1 1 1 1
"080_Group80" 1 1 1 1 1
"081_Group81" 1 1 1 1 1
"082_Group82" 1 1 1 1 1
"083_Group83" 1 1 1 1 1
"084_Group84" 1 1 1 1 1
"085_Group85" 1 1 1 1 1
"086_Group86" 1 1 1 1 1
"087_Group87" 1 1 1 1 1
"088_Group88" 1 1 1 1 1
"089_Group89" 1 1 1 1 1
"090_Group90" 1 1 1 1 1
"091_Group91" 1 1 1 1 1
"092_Group92" 1 1 1 1 1
"093_Group93" 1 1 1 1 1
"094_Group94" 1 1 1 1 1
"095_Group95" 1 1 1 1 1

"<<<<<< Number of Samples per Acquisition Interval [1unit=500values] >>>>>>"
Time[m] 2 4 6 8 10 
#Samples 2 2 2 2 2 

"<<<<<< Average Temperature [°C] >>>>>>"
Time[m] 2 4 6 8 10 
Temp[°C] 22.0 22.0 22.0 22.0 22.0 

"<<<<<< Well Activity >>>>>>"
Well Group/Time[m] 2 4 6 8 10
A1 "000_Group0" 11 9 0 2 0
B1 "001_Group1" 10 8 0 0 0
C1 "002_Group2" 11 2 0 2 0
D1 "003_Group3" 12 10 4 24 7
E1 "004_Group4" 9 14 9 4 10
F1 "005_Group5" 9 8 6 4 0
G1 "006_Group6" 0 5 10 4 6
H1 "007_Group7" 15 9 7 0 1
A2 "008_Group8" 13 20 24 16 23
B2 "009_Group9" 27 21 15 5 0
C2 "010_Group10" 19 21 18 8 5
D2 "011_Group11" 13 22 14 6 17
E2 "012_Group12" 19 24 21 9 11
F2 "013_Group13" 25 8 13 9 13
G2 "014_Group14" 30 24 7 10 5
H2 "015_Group15" 33 16 5 1 9
A3 "016_Group16" 0 0 0 0 0
B3 "017_Group17" 4 10 0 3 0
C3 "018_Group18" 0 3 0 1 0
D3 "019_Group19" 5 12 0 0 0
E3 "020_Group20" 0 2 0 0 0
F3 "021_Group21" 2 0 3 1 0
G3 "022_Group22" 2 5 8 8 3
H3 "023_Group23" 12 6 12 4 3
A4 "024_Group24" 8 3 21 7 10
B4 "025_Group25" 24 25 25 23 11
C4 "026_Group26" 0 0 0 0 0
D4 "027_Group27" 30 18 32 22 9
E4 "028_Group28" 24 13 15 13 14
F4 "029_Group29" 23 28 19 8 14
G4 "030_Group30" 22 17 16 7 3
H4 "031_Group31" 25 37 34 26 14
A5 "032_Group32" 0 0 2 7 0
B5 "033_Group33" 1 0 0 0 0
C5 "034_Group34" 6 16 8 6 3
D5 "035_Group35" 8 6 2 0 0
E5 "036_Group36" 0 8 12 0 0
F5 "037_Group37" 5 7 1 0 0
G5 "038_Group38" 14 20 4 1 2
H5 "039_Group39" 4 16 6 8 5
A6 "040_Group40" 0 0 0 0 0
B6 "041_Group41" 2 1 3 2 0
C6 "042_Group42" 0 0 0 0 0
D6 "043_Group43" 0 0 0 0 0
E6 "044_Group44" 0 0 0 0 0
F6 "045_Group45" 0 0 0 0 0
G6 "046_Group46" 12 1 0 0 0
H6 "047_Group47" 0 0 0 0 0
A7 "048_Group48" 16 13 13 7 2
B7 "049_Group49" 4 3 2 2 4
C7 "050_Group50" 11 4 9 12 10
D7 "051_Group51" 13 4 1 5 9
E7 "052_Group52" 6 8 2 4 4
F7 "053_Group53" 10 7 4 1 9
G7 "054_Group54" 9 6 6 7 7
H7 "055_Group55" 16 9 9 8 12
A8 "056_Group56" 16 30 9 7 11
B8 "057_Group57" 11 9 11 10 9
C8 "058_Group58" 23 9 5 10 7
D8 "059_Group59" 26 10 9 7 14
E8 "060_Group60" 10 11 4 4 2
F8 "061_Group61" 26 13 15 6 6
G8 "062_Group62" 7 8 13 9 5
H8 "063_Group63" 15 12 7 10 17
A9 "064_Group64" 20 49 32 21 27
B9 "065_Group65" 27 28 27 23 11
C9 "066_Group66" 39 27 22 30 16
D9 "067_Group67" 31 33 25 21 19
E9 "068_Group68" 4 6 4 3 1
F9 "069_Group69" 12 8 7 3 0
G9 "070_Group70" 13 27 25 18 19
H9 "071_Group71" 20 32 23 21 22
A10 "072_Group72" 2 0 0 0 0
B10 "073_Group73" 1 0 5 12 6
C10 "074_Group74" 6 0 0 0 0
D10 "075_Group75" 4 1 1 0 0
E10 "076_Group76" 4 5 3 2 9
F10 "077_Group77" 16 20 20 11 4
G10 "078_Group78" 10 15 5 7 2
H10 "079_Group79" 9 8 12 5 1
A11 "080_Group80" 14 11 7 7 13
B11 "081_Group81" 8 1 6 0 0
C11 "082_Group82" 15 16 13 7 3
D11 "083_Group83" 14 9 11 10 8
E11 "084_Group84" 0 0 0 0 0
F11 "085_Group85" 9 11 5 15 3
G11 "086_Group86" 10 9 6 5 3
H11 "087_Group87" 24 13 8 9 7
A12 "088_Group88" 12 5 2 3 0
B12 "089_Group89" 5 11 11 9 5
C12 "090_Group90" 0 0 1 1 0
D12 "091_Group91" 2 0 2 0 3
E12 "092_Group92" 4 2 0 0 0
F12 "093_Group93" 4 4 2 3 2
G12 "094_Group94" 24 2 6 5 2
H12 "095_Group95" 11 7 13 2 8

"<<<<<< Channel Activity >>>>>>"
Channel Well Group/Time[m] 2 4 6 8 10
CH0 A1.0 "000_Group0" 11 9 0 2 0
CH2 B1.0 "001_Group1" 10 8 0 0 0
CH4 C1.0 "002_Group2" 11 2 0 2 0
CH6 D1.0 "003_Group3" 12 10 4 24 7
CH8 E1.0 "004_Group4" 9 14 9 4 10
CH10 F1.0 "005_Group5" 9 8 6 4 0
CH12 G1.0 "006_Group6" 0 5 10 4 6
CH14 H1.0 "007_Group7" 15 9 7 0 1
CH32 A2.0 "008_Group8" 13 20 24 16 23
CH34 B2.0 "009_Group9" 27 21 15 5 0
CH36 C2.0 "010_Group10" 19 21 18 8 5
CH38 D2.0 "011_Group11" 13 22 14 6 17
CH40 E2.0 "012_Group12" 19 24 21 9 11
CH42 F2.0 "013_Group13" 25 8 13 9 13
CH44 G2.0 "014_Group14" 30 24 7 10 5
CH46 H2.0 "015_Group15" 33 16 5 1 9
CH64 A3.0 "016_Group16" 0 0 0 0 0
CH66 B3.0 "017_Group17" 4 10 0 3 0
CH68 C3.0 "018_Group18" 0 3 0 1 0
CH70 D3.0 "019_Group19" 5 12 0 0 0
CH72 E3.0 "020_Group20" 0 2 0 0 0
CH74 F3.0 "021_Group21" 2 0 3 1 0
CH76 G3.0 "022_Group22" 2 5 8 8 3
CH78 H3.0 "023_Group23" 12 6 12 4 3
CH96 A4.0 "024_Group24" 8 3 21 7 10
CH98 B4.0 "025_Group25" 24 25 25 23 11
CH100 C4.0 "026_Group26" 0 0 0 0 0
CH102 D4.0 "027_Group27" 30 18 32 22 9
CH104 E4.0 "028_Group28" 24 13 15 13 14
CH106 F4.0 "029_Group29" 23 28 19 8 14
CH108 G4.0 "030_Group30" 22 17 16 7 3
CH110 H4.0 "031_Group31" 25 37 34 26 14
CH128 A5.0 "032_Group32" 0 0 2 7 0
CH130 B5.0 "033_Group33" 1 0 0 0 0
CH132 C5.0 "034_Group34" 6 16 8 6 3
CH134 D5.0 "035_Group35" 8 6 2 0 0
CH136 E5.0 "036_Group36" 0 8 12 0 0
CH138 F5.0 "037_Group37" 5 7 1 0 0
CH140 G5.0 "038_Group38" 14 20 4 1 2
CH142 H5.0 "039_Group39" 4 16 6 8 5
CH160 A6.0 "040_Group40" 0 0 0 0 0
CH162 B6.0 "041_Group41" 2 1 3 2 0
CH164 C6.0 "042_Group42" 0 0 0 0 0
CH166 D6.0 "043_Group43" 0 0 0 0 0
CH168 E6.0 "044_Group44" 0 0 0 0 0
CH170 F6.0 "045_Group45" 0 0 0 0 0
CH172 G6.0 "046_Group46" 12 1 0 0 0
CH174 H6.0 "047_Group47" 0 0 0 0 0
CH192 A7.0 "048_Group48" 16 13 13 7 2
CH194 B7.0 "049_Group49" 4 3 2 2 4
CH196 C7.0 "050_Group50" 11 4 9 12 10
CH198 D7.0 "051_Group51" 13 4 1 5 9
CH200 E7.0 "052_Group52" 6 8 2 4 4
CH202 F7.0 "053_Group53" 10 7 4 1 9
CH204 G7.0 "054_Group54" 9 6 6 7 7
CH206 H7.0 "055_Group55" 16 9 9 8 12
CH224 A8.0 "056_Group56" 16 30 9 7 11
CH226 B8.0 "057_Group57" 11 9 11 10 9
CH228 C8.0 "058_Group58" 23 9 5 10 7
CH230 D8.0 "059_Group59" 26 10 9 7 14
CH232 E8.0 "060_Group60" 10 11 4 4 2
CH234 F8.0 "061_Group61" 26 13 15 6 6
CH236 G8.0 "062_Group62" 7 8 13 9 5
CH238 H8.0 "063_Group63" 15 12 7 10 17
CH256 A9.0 "064_Group64" 20 49 32 21 27
CH258 B9.0 "065_Group65" 27 28 27 23 11
CH260 C9.0 "066_Group66" 39 27 22 30 16
CH262 D9.0 "067_Group67" 31 33 25 21 19
CH264 E9.0 "068_Group68" 4 6 4 3 1
CH266 F9.0 "069_Group69" 12 8 7 3 0
CH268 G9.0 "070_Group70" 13 27 25 18 19
CH270 H9.0 "071_Group71" 20 32 23 21 22
CH288 A10.0 "072_Group72" 2 0 0 0 0
CH290 B10.0 "073_Group73" 1 0 5 12 6
CH292 C10.0 "074_Group74" 6 0 0 0 0
CH294 D10.0 "075_Group75" 4 1 1 0 0
CH296 E10.0 "076_Group76" 4 5 3 2 9
CH298 F10.0 "077_Group77" 16 20 20 11 4
CH300 G10.0 "078_Group78" 10 15 5 7 2
CH302 H10.0 "079_Group79" 9 8 12 5 1
CH320 A11.0 "080_Group80" 14 11 7 7 13
CH322 B11.0 "081_Group81" 8 1 6 0 0
CH324 C11.0 "082_Group82" 15 16 13 7 3
CH326 D11.0 "083_Group83" 14 9 11 10 8
CH328 E11.0 "084_Group84" 0 0 0 0 0
CH330 F11.0 "085_Group85" 9 11 5 15 3
CH332 G11.0 "086_Group86" 10 9 6 5 3
CH334 H11.0 "087_Group87" 24 13 8 9 7
CH352 A12.0 "088_Group88" 12 5 2 3 0
CH354 B12.0 "089_Group89" 5 11 11 9 5
CH356 C12.0 "090_Group90" 0 0 1 1 0
CH358 D12.0 "091_Group91" 2 0 2 0 3
CH360 E12.0 "092_Group92" 4 2 0 0 0
CH362 F12.0 "093_Group93" 4 4 2 3 2
CH364 G12.0 "094_Group94" 24 2 6 5 2
CH366 H12.0 "095_Group95" 11 7 13 2 8
