"DATE:" "2/1/2015 10:04:28 AM"
"FILE:" "C:\Users\AndersenLab\Desktop\wmicrotracker\p00011\20150201_0948"
"SUBPROJECT:" "20150201_Longevity_3_4mgmL"

"<<<<<< Group Activity: Average Activity Counts per Data Interval>>>>>>"
Group/Time[m] 2 4 6 8 10
"000_Group0" 5 1 0 8 0
"001_Group1" 0 1 0 0 0
"002_Group2" 0 0 0 0 0
"003_Group3" 0 2 0 0 3
"004_Group4" 2 7 3 1 1
"005_Group5" 0 0 0 1 0
"006_Group6" 1 0 2 1 5
"007_Group7" 0 4 4 6 0
"008_Group8" 31 32 28 43 32
"009_Group9" 30 38 37 41 33
"010_Group10" 34 30 31 20 44
"011_Group11" 26 25 30 42 19
"012_Group12" 33 26 28 33 21
"013_Group13" 38 20 46 28 22
"014_Group14" 34 40 42 32 29
"015_Group15" 33 39 24 33 28
"016_Group16" 0 6 1 0 1
"017_Group17" 0 0 0 0 0
"018_Group18" 0 0 0 0 0
"019_Group19" 0 0 0 0 0
"020_Group20" 0 0 0 0 0
"021_Group21" 0 1 0 0 2
"022_Group22" 0 2 0 0 0
"023_Group23" 0 0 0 0 0
"024_Group24" 27 33 36 32 23
"025_Group25" 12 15 13 13 9
"026_Group26" 0 10 9 6 1
"027_Group27" 10 15 17 12 12
"028_Group28" 10 21 24 9 16
"029_Group29" 13 10 14 12 12
"030_Group30" 19 56 32 37 40
"031_Group31" 34 20 29 27 24
"032_Group32" 5 9 6 5 12
"033_Group33" 0 0 0 0 0
"034_Group34" 5 9 0 1 0
"035_Group35" 0 0 0 0 0
"036_Group36" 3 3 0 1 1
"037_Group37" 0 2 8 1 4
"038_Group38" 0 0 0 0 0
"039_Group39" 0 0 0 0 0
"040_Group40" 1 0 0 0 0
"041_Group41" 0 0 0 0 0
"042_Group42" 0 3 0 0 0
"043_Group43" 1 4 2 0 0
"044_Group44" 0 1 0 0 0
"045_Group45" 0 0 0 2 2
"046_Group46" 1 1 0 0 0
"047_Group47" 0 0 0 0 0
"048_Group48" 14 20 23 22 17
"049_Group49" 29 32 9 9 11
"050_Group50" 18 21 10 12 9
"051_Group51" 10 11 13 3 7
"052_Group52" 16 2 9 15 9
"053_Group53" 6 12 10 10 21
"054_Group54" 9 13 9 8 12
"055_Group55" 25 16 22 12 15
"056_Group56" 16 14 14 8 20
"057_Group57" 36 45 37 29 25
"058_Group58" 16 13 16 13 22
"059_Group59" 16 8 10 17 13
"060_Group60" 42 30 17 16 10
"061_Group61" 31 24 28 17 13
"062_Group62" 14 14 9 15 11
"063_Group63" 16 15 13 7 11
"064_Group64" 17 48 28 36 18
"065_Group65" 29 54 44 31 15
"066_Group66" 14 26 32 8 11
"067_Group67" 31 35 32 32 27
"068_Group68" 32 40 36 22 20
"069_Group69" 21 24 17 20 24
"070_Group70" 33 26 18 13 19
"071_Group71" 21 30 26 39 16
"072_Group72" 0 0 0 0 0
"073_Group73" 13 10 1 0 0
"074_Group74" 0 0 0 0 0
"075_Group75" 0 0 0 0 0
"076_Group76" 0 0 0 0 0
"077_Group77" 0 0 0 0 0
"078_Group78" 0 0 0 1 0
"079_Group79" 0 5 1 1 0
"080_Group80" 10 17 11 11 7
"081_Group81" 6 16 16 10 11
"082_Group82" 16 11 17 19 14
"083_Group83" 12 12 13 12 10
"084_Group84" 13 13 16 15 16
"085_Group85" 14 16 7 7 8
"086_Group86" 12 22 11 11 7
"087_Group87" 16 12 15 12 19
"088_Group88" 0 3 0 0 0
"089_Group89" 2 0 3 0 0
"090_Group90" 0 6 4 0 0
"091_Group91" 0 9 2 0 0
"092_Group92" 1 2 1 2 0
"093_Group93" 0 1 4 0 0
"094_Group94" 0 0 0 1 0
"095_Group95" 0 0 1 0 0

"<<<<<< Group Activity: Number of wells/group >>>>>>"
Group/Time[m] 2 4 6 8 10
"000_Group0" 1 1 1 1 1
"001_Group1" 1 1 1 1 1
"002_Group2" 1 1 1 1 1
"003_Group3" 1 1 1 1 1
"004_Group4" 1 1 1 1 1
"005_Group5" 1 1 1 1 1
"006_Group6" 1 1 1 1 1
"007_Group7" 1 1 1 1 1
"008_Group8" 1 1 1 1 1
"009_Group9" 1 1 1 1 1
"010_Group10" 1 1 1 1 1
"011_Group11" 1 1 1 1 1
"012_Group12" 1 1 1 1 1
"013_Group13" 1 1 1 1 1
"014_Group14" 1 1 1 1 1
"015_Group15" 1 1 1 1 1
"016_Group16" 1 1 1 1 1
"017_Group17" 1 1 1 1 1
"018_Group18" 1 1 1 1 1
"019_Group19" 1 1 1 1 1
"020_Group20" 1 1 1 1 1
"021_Group21" 1 1 1 1 1
"022_Group22" 1 1 1 1 1
"023_Group23" 1 1 1 1 1
"024_Group24" 1 1 1 1 1
"025_Group25" 1 1 1 1 1
"026_Group26" 1 1 1 1 1
"027_Group27" 1 1 1 1 1
"028_Group28" 1 1 1 1 1
"029_Group29" 1 1 1 1 1
"030_Group30" 1 1 1 1 1
"031_Group31" 1 1 1 1 1
"032_Group32" 1 1 1 1 1
"033_Group33" 1 1 1 1 1
"034_Group34" 1 1 1 1 1
"035_Group35" 1 1 1 1 1
"036_Group36" 1 1 1 1 1
"037_Group37" 1 1 1 1 1
"038_Group38" 1 1 1 1 1
"039_Group39" 1 1 1 1 1
"040_Group40" 1 1 1 1 1
"041_Group41" 1 1 1 1 1
"042_Group42" 1 1 1 1 1
"043_Group43" 1 1 1 1 1
"044_Group44" 1 1 1 1 1
"045_Group45" 1 1 1 1 1
"046_Group46" 1 1 1 1 1
"047_Group47" 1 1 1 1 1
"048_Group48" 1 1 1 1 1
"049_Group49" 1 1 1 1 1
"050_Group50" 1 1 1 1 1
"051_Group51" 1 1 1 1 1
"052_Group52" 1 1 1 1 1
"053_Group53" 1 1 1 1 1
"054_Group54" 1 1 1 1 1
"055_Group55" 1 1 1 1 1
"056_Group56" 1 1 1 1 1
"057_Group57" 1 1 1 1 1
"058_Group58" 1 1 1 1 1
"059_Group59" 1 1 1 1 1
"060_Group60" 1 1 1 1 1
"061_Group61" 1 1 1 1 1
"062_Group62" 1 1 1 1 1
"063_Group63" 1 1 1 1 1
"064_Group64" 1 1 1 1 1
"065_Group65" 1 1 1 1 1
"066_Group66" 1 1 1 1 1
"067_Group67" 1 1 1 1 1
"068_Group68" 1 1 1 1 1
"069_Group69" 1 1 1 1 1
"070_Group70" 1 1 1 1 1
"071_Group71" 1 1 1 1 1
"072_Group72" 1 1 1 1 1
"073_Group73" 1 1 1 1 1
"074_Group74" 1 1 1 1 1
"075_Group75" 1 1 1 1 1
"076_Group76" 1 1 1 1 1
"077_Group77" 1 1 1 1 1
"078_Group78" 1 1 1 1 1
"079_Group79" 1 1 1 1 1
"080_Group80" 1 1 1 1 1
"081_Group81" 1 1 1 1 1
"082_Group82" 1 1 1 1 1
"083_Group83" 1 1 1 1 1
"084_Group84" 1 1 1 1 1
"085_Group85" 1 1 1 1 1
"086_Group86" 1 1 1 1 1
"087_Group87" 1 1 1 1 1
"088_Group88" 1 1 1 1 1
"089_Group89" 1 1 1 1 1
"090_Group90" 1 1 1 1 1
"091_Group91" 1 1 1 1 1
"092_Group92" 1 1 1 1 1
"093_Group93" 1 1 1 1 1
"094_Group94" 1 1 1 1 1
"095_Group95" 1 1 1 1 1

"<<<<<< Number of Samples per Acquisition Interval [1unit=500values] >>>>>>"
Time[m] 2 4 6 8 10 
#Samples 2 2 2 2 2 

"<<<<<< Average Temperature [°C] >>>>>>"
Time[m] 2 4 6 8 10 
Temp[°C] 21.6 21.6 21.6 21.6 21.6 

"<<<<<< Well Activity >>>>>>"
Well Group/Time[m] 2 4 6 8 10
A1 "000_Group0" 5 1 0 8 0
B1 "001_Group1" 0 1 0 0 0
C1 "002_Group2" 0 0 0 0 0
D1 "003_Group3" 0 2 0 0 3
E1 "004_Group4" 2 7 3 1 1
F1 "005_Group5" 0 0 0 1 0
G1 "006_Group6" 1 0 2 1 5
H1 "007_Group7" 0 4 4 6 0
A2 "008_Group8" 31 32 28 43 32
B2 "009_Group9" 30 38 37 41 33
C2 "010_Group10" 34 30 31 20 44
D2 "011_Group11" 26 25 30 42 19
E2 "012_Group12" 33 26 28 33 21
F2 "013_Group13" 38 20 46 28 22
G2 "014_Group14" 34 40 42 32 29
H2 "015_Group15" 33 39 24 33 28
A3 "016_Group16" 0 6 1 0 1
B3 "017_Group17" 0 0 0 0 0
C3 "018_Group18" 0 0 0 0 0
D3 "019_Group19" 0 0 0 0 0
E3 "020_Group20" 0 0 0 0 0
F3 "021_Group21" 0 1 0 0 2
G3 "022_Group22" 0 2 0 0 0
H3 "023_Group23" 0 0 0 0 0
A4 "024_Group24" 27 33 36 32 23
B4 "025_Group25" 12 15 13 13 9
C4 "026_Group26" 0 10 9 6 1
D4 "027_Group27" 10 15 17 12 12
E4 "028_Group28" 10 21 24 9 16
F4 "029_Group29" 13 10 14 12 12
G4 "030_Group30" 19 56 32 37 40
H4 "031_Group31" 34 20 29 27 24
A5 "032_Group32" 5 9 6 5 12
B5 "033_Group33" 0 0 0 0 0
C5 "034_Group34" 5 9 0 1 0
D5 "035_Group35" 0 0 0 0 0
E5 "036_Group36" 3 3 0 1 1
F5 "037_Group37" 0 2 8 1 4
G5 "038_Group38" 0 0 0 0 0
H5 "039_Group39" 0 0 0 0 0
A6 "040_Group40" 1 0 0 0 0
B6 "041_Group41" 0 0 0 0 0
C6 "042_Group42" 0 3 0 0 0
D6 "043_Group43" 1 4 2 0 0
E6 "044_Group44" 0 1 0 0 0
F6 "045_Group45" 0 0 0 2 2
G6 "046_Group46" 1 1 0 0 0
H6 "047_Group47" 0 0 0 0 0
A7 "048_Group48" 14 20 23 22 17
B7 "049_Group49" 29 32 9 9 11
C7 "050_Group50" 18 21 10 12 9
D7 "051_Group51" 10 11 13 3 7
E7 "052_Group52" 16 2 9 15 9
F7 "053_Group53" 6 12 10 10 21
G7 "054_Group54" 9 13 9 8 12
H7 "055_Group55" 25 16 22 12 15
A8 "056_Group56" 16 14 14 8 20
B8 "057_Group57" 36 45 37 29 25
C8 "058_Group58" 16 13 16 13 22
D8 "059_Group59" 16 8 10 17 13
E8 "060_Group60" 42 30 17 16 10
F8 "061_Group61" 31 24 28 17 13
G8 "062_Group62" 14 14 9 15 11
H8 "063_Group63" 16 15 13 7 11
A9 "064_Group64" 17 48 28 36 18
B9 "065_Group65" 29 54 44 31 15
C9 "066_Group66" 14 26 32 8 11
D9 "067_Group67" 31 35 32 32 27
E9 "068_Group68" 32 40 36 22 20
F9 "069_Group69" 21 24 17 20 24
G9 "070_Group70" 33 26 18 13 19
H9 "071_Group71" 21 30 26 39 16
A10 "072_Group72" 0 0 0 0 0
B10 "073_Group73" 13 10 1 0 0
C10 "074_Group74" 0 0 0 0 0
D10 "075_Group75" 0 0 0 0 0
E10 "076_Group76" 0 0 0 0 0
F10 "077_Group77" 0 0 0 0 0
G10 "078_Group78" 0 0 0 1 0
H10 "079_Group79" 0 5 1 1 0
A11 "080_Group80" 10 17 11 11 7
B11 "081_Group81" 6 16 16 10 11
C11 "082_Group82" 16 11 17 19 14
D11 "083_Group83" 12 12 13 12 10
E11 "084_Group84" 13 13 16 15 16
F11 "085_Group85" 14 16 7 7 8
G11 "086_Group86" 12 22 11 11 7
H11 "087_Group87" 16 12 15 12 19
A12 "088_Group88" 0 3 0 0 0
B12 "089_Group89" 2 0 3 0 0
C12 "090_Group90" 0 6 4 0 0
D12 "091_Group91" 0 9 2 0 0
E12 "092_Group92" 1 2 1 2 0
F12 "093_Group93" 0 1 4 0 0
G12 "094_Group94" 0 0 0 1 0
H12 "095_Group95" 0 0 1 0 0

"<<<<<< Channel Activity >>>>>>"
Channel Well Group/Time[m] 2 4 6 8 10
CH0 A1.0 "000_Group0" 5 1 0 8 0
CH2 B1.0 "001_Group1" 0 1 0 0 0
CH4 C1.0 "002_Group2" 0 0 0 0 0
CH6 D1.0 "003_Group3" 0 2 0 0 3
CH8 E1.0 "004_Group4" 2 7 3 1 1
CH10 F1.0 "005_Group5" 0 0 0 1 0
CH12 G1.0 "006_Group6" 1 0 2 1 5
CH14 H1.0 "007_Group7" 0 4 4 6 0
CH32 A2.0 "008_Group8" 31 32 28 43 32
CH34 B2.0 "009_Group9" 30 38 37 41 33
CH36 C2.0 "010_Group10" 34 30 31 20 44
CH38 D2.0 "011_Group11" 26 25 30 42 19
CH40 E2.0 "012_Group12" 33 26 28 33 21
CH42 F2.0 "013_Group13" 38 20 46 28 22
CH44 G2.0 "014_Group14" 34 40 42 32 29
CH46 H2.0 "015_Group15" 33 39 24 33 28
CH64 A3.0 "016_Group16" 0 6 1 0 1
CH66 B3.0 "017_Group17" 0 0 0 0 0
CH68 C3.0 "018_Group18" 0 0 0 0 0
CH70 D3.0 "019_Group19" 0 0 0 0 0
CH72 E3.0 "020_Group20" 0 0 0 0 0
CH74 F3.0 "021_Group21" 0 1 0 0 2
CH76 G3.0 "022_Group22" 0 2 0 0 0
CH78 H3.0 "023_Group23" 0 0 0 0 0
CH96 A4.0 "024_Group24" 27 33 36 32 23
CH98 B4.0 "025_Group25" 12 15 13 13 9
CH100 C4.0 "026_Group26" 0 10 9 6 1
CH102 D4.0 "027_Group27" 10 15 17 12 12
CH104 E4.0 "028_Group28" 10 21 24 9 16
CH106 F4.0 "029_Group29" 13 10 14 12 12
CH108 G4.0 "030_Group30" 19 56 32 37 40
CH110 H4.0 "031_Group31" 34 20 29 27 24
CH128 A5.0 "032_Group32" 5 9 6 5 12
CH130 B5.0 "033_Group33" 0 0 0 0 0
CH132 C5.0 "034_Group34" 5 9 0 1 0
CH134 D5.0 "035_Group35" 0 0 0 0 0
CH136 E5.0 "036_Group36" 3 3 0 1 1
CH138 F5.0 "037_Group37" 0 2 8 1 4
CH140 G5.0 "038_Group38" 0 0 0 0 0
CH142 H5.0 "039_Group39" 0 0 0 0 0
CH160 A6.0 "040_Group40" 1 0 0 0 0
CH162 B6.0 "041_Group41" 0 0 0 0 0
CH164 C6.0 "042_Group42" 0 3 0 0 0
CH166 D6.0 "043_Group43" 1 4 2 0 0
CH168 E6.0 "044_Group44" 0 1 0 0 0
CH170 F6.0 "045_Group45" 0 0 0 2 2
CH172 G6.0 "046_Group46" 1 1 0 0 0
CH174 H6.0 "047_Group47" 0 0 0 0 0
CH192 A7.0 "048_Group48" 14 20 23 22 17
CH194 B7.0 "049_Group49" 29 32 9 9 11
CH196 C7.0 "050_Group50" 18 21 10 12 9
CH198 D7.0 "051_Group51" 10 11 13 3 7
CH200 E7.0 "052_Group52" 16 2 9 15 9
CH202 F7.0 "053_Group53" 6 12 10 10 21
CH204 G7.0 "054_Group54" 9 13 9 8 12
CH206 H7.0 "055_Group55" 25 16 22 12 15
CH224 A8.0 "056_Group56" 16 14 14 8 20
CH226 B8.0 "057_Group57" 36 45 37 29 25
CH228 C8.0 "058_Group58" 16 13 16 13 22
CH230 D8.0 "059_Group59" 16 8 10 17 13
CH232 E8.0 "060_Group60" 42 30 17 16 10
CH234 F8.0 "061_Group61" 31 24 28 17 13
CH236 G8.0 "062_Group62" 14 14 9 15 11
CH238 H8.0 "063_Group63" 16 15 13 7 11
CH256 A9.0 "064_Group64" 17 48 28 36 18
CH258 B9.0 "065_Group65" 29 54 44 31 15
CH260 C9.0 "066_Group66" 14 26 32 8 11
CH262 D9.0 "067_Group67" 31 35 32 32 27
CH264 E9.0 "068_Group68" 32 40 36 22 20
CH266 F9.0 "069_Group69" 21 24 17 20 24
CH268 G9.0 "070_Group70" 33 26 18 13 19
CH270 H9.0 "071_Group71" 21 30 26 39 16
CH288 A10.0 "072_Group72" 0 0 0 0 0
CH290 B10.0 "073_Group73" 13 10 1 0 0
CH292 C10.0 "074_Group74" 0 0 0 0 0
CH294 D10.0 "075_Group75" 0 0 0 0 0
CH296 E10.0 "076_Group76" 0 0 0 0 0
CH298 F10.0 "077_Group77" 0 0 0 0 0
CH300 G10.0 "078_Group78" 0 0 0 1 0
CH302 H10.0 "079_Group79" 0 5 1 1 0
CH320 A11.0 "080_Group80" 10 17 11 11 7
CH322 B11.0 "081_Group81" 6 16 16 10 11
CH324 C11.0 "082_Group82" 16 11 17 19 14
CH326 D11.0 "083_Group83" 12 12 13 12 10
CH328 E11.0 "084_Group84" 13 13 16 15 16
CH330 F11.0 "085_Group85" 14 16 7 7 8
CH332 G11.0 "086_Group86" 12 22 11 11 7
CH334 H11.0 "087_Group87" 16 12 15 12 19
CH352 A12.0 "088_Group88" 0 3 0 0 0
CH354 B12.0 "089_Group89" 2 0 3 0 0
CH356 C12.0 "090_Group90" 0 6 4 0 0
CH358 D12.0 "091_Group91" 0 9 2 0 0
CH360 E12.0 "092_Group92" 1 2 1 2 0
CH362 F12.0 "093_Group93" 0 1 4 0 0
CH364 G12.0 "094_Group94" 0 0 0 1 0
CH366 H12.0 "095_Group95" 0 0 1 0 0
