"DATE:" "2/6/2015 9:15:45 AM"
"FILE:" "C:\Users\AndersenLab\Desktop\wmicrotracker\p00011\20150206_0904"
"SUBPROJECT:" "20150206_Longevity_3_4mgmL"

"<<<<<< Group Activity: Average Activity Counts per Data Interval>>>>>>"
Group/Time[m] 2 4 6 8 10
"000_Group0" 29 25 17 15 6
"001_Group1" 6 13 11 4 4
"002_Group2" 10 8 4 4 5
"003_Group3" 10 19 14 1 1
"004_Group4" 3 9 2 2 4
"005_Group5" 8 8 13 9 18
"006_Group6" 8 4 17 10 0
"007_Group7" 12 17 16 10 17
"008_Group8" 24 13 12 6 11
"009_Group9" 19 11 6 0 0
"010_Group10" 19 17 26 27 10
"011_Group11" 15 14 18 10 9
"012_Group12" 24 30 24 8 11
"013_Group13" 29 35 22 16 12
"014_Group14" 18 36 23 10 13
"015_Group15" 24 30 10 6 8
"016_Group16" 1 13 3 2 7
"017_Group17" 2 4 4 1 1
"018_Group18" 9 1 8 3 2
"019_Group19" 0 2 5 7 6
"020_Group20" 5 6 7 4 0
"021_Group21" 7 12 7 10 9
"022_Group22" 2 4 0 0 0
"023_Group23" 13 16 8 4 0
"024_Group24" 27 26 21 13 15
"025_Group25" 36 23 11 16 1
"026_Group26" 3 0 0 0 0
"027_Group27" 13 7 11 6 5
"028_Group28" 30 11 15 21 10
"029_Group29" 12 21 31 13 8
"030_Group30" 29 22 20 30 22
"031_Group31" 26 26 11 11 11
"032_Group32" 16 14 5 1 0
"033_Group33" 6 15 8 5 3
"034_Group34" 10 1 2 7 0
"035_Group35" 14 8 2 0 1
"036_Group36" 8 13 0 2 0
"037_Group37" 13 18 9 10 0
"038_Group38" 13 17 7 12 7
"039_Group39" 18 9 3 3 4
"040_Group40" 5 0 0 0 0
"041_Group41" 0 1 3 3 0
"042_Group42" 0 0 0 0 0
"043_Group43" 3 0 0 0 0
"044_Group44" 0 0 0 0 0
"045_Group45" 0 0 0 0 0
"046_Group46" 3 0 0 0 0
"047_Group47" 0 0 0 0 0
"048_Group48" 16 12 14 10 11
"049_Group49" 21 12 5 3 5
"050_Group50" 12 15 8 19 4
"051_Group51" 10 5 2 8 3
"052_Group52" 4 13 9 9 7
"053_Group53" 17 15 8 5 16
"054_Group54" 13 8 8 13 10
"055_Group55" 12 13 6 13 8
"056_Group56" 21 6 10 14 16
"057_Group57" 9 3 5 6 16
"058_Group58" 13 5 7 6 5
"059_Group59" 17 19 7 14 8
"060_Group60" 18 16 7 8 8
"061_Group61" 24 11 16 10 9
"062_Group62" 24 17 14 7 10
"063_Group63" 25 19 17 10 2
"064_Group64" 18 13 24 21 15
"065_Group65" 26 30 27 17 21
"066_Group66" 33 43 23 20 23
"067_Group67" 19 23 18 21 21
"068_Group68" 37 29 22 15 14
"069_Group69" 27 29 23 19 13
"070_Group70" 18 13 21 28 15
"071_Group71" 23 26 47 28 30
"072_Group72" 12 20 19 18 3
"073_Group73" 5 11 12 4 3
"074_Group74" 6 0 1 0 2
"075_Group75" 3 4 11 2 0
"076_Group76" 3 2 4 1 1
"077_Group77" 23 17 19 9 1
"078_Group78" 4 16 3 5 0
"079_Group79" 15 14 16 10 3
"080_Group80" 17 5 7 11 5
"081_Group81" 3 0 2 0 0
"082_Group82" 12 14 4 6 1
"083_Group83" 20 15 7 13 5
"084_Group84" 0 8 0 1 0
"085_Group85" 10 9 11 10 8
"086_Group86" 24 8 8 11 10
"087_Group87" 16 9 12 7 13
"088_Group88" 13 5 5 2 3
"089_Group89" 13 14 6 4 0
"090_Group90" 3 4 8 1 3
"091_Group91" 17 15 3 1 3
"092_Group92" 3 0 0 0 0
"093_Group93" 22 7 7 7 8
"094_Group94" 3 12 18 12 8
"095_Group95" 15 12 15 6 14

"<<<<<< Group Activity: Number of wells/group >>>>>>"
Group/Time[m] 2 4 6 8 10
"000_Group0" 1 1 1 1 1
"001_Group1" 1 1 1 1 1
"002_Group2" 1 1 1 1 1
"003_Group3" 1 1 1 1 1
"004_Group4" 1 1 1 1 1
"005_Group5" 1 1 1 1 1
"006_Group6" 1 1 1 1 1
"007_Group7" 1 1 1 1 1
"008_Group8" 1 1 1 1 1
"009_Group9" 1 1 1 1 1
"010_Group10" 1 1 1 1 1
"011_Group11" 1 1 1 1 1
"012_Group12" 1 1 1 1 1
"013_Group13" 1 1 1 1 1
"014_Group14" 1 1 1 1 1
"015_Group15" 1 1 1 1 1
"016_Group16" 1 1 1 1 1
"017_Group17" 1 1 1 1 1
"018_Group18" 1 1 1 1 1
"019_Group19" 1 1 1 1 1
"020_Group20" 1 1 1 1 1
"021_Group21" 1 1 1 1 1
"022_Group22" 1 1 1 1 1
"023_Group23" 1 1 1 1 1
"024_Group24" 1 1 1 1 1
"025_Group25" 1 1 1 1 1
"026_Group26" 1 1 1 1 1
"027_Group27" 1 1 1 1 1
"028_Group28" 1 1 1 1 1
"029_Group29" 1 1 1 1 1
"030_Group30" 1 1 1 1 1
"031_Group31" 1 1 1 1 1
"032_Group32" 1 1 1 1 1
"033_Group33" 1 1 1 1 1
"034_Group34" 1 1 1 1 1
"035_Group35" 1 1 1 1 1
"036_Group36" 1 1 1 1 1
"037_Group37" 1 1 1 1 1
"038_Group38" 1 1 1 1 1
"039_Group39" 1 1 1 1 1
"040_Group40" 1 1 1 1 1
"041_Group41" 1 1 1 1 1
"042_Group42" 1 1 1 1 1
"043_Group43" 1 1 1 1 1
"044_Group44" 1 1 1 1 1
"045_Group45" 1 1 1 1 1
"046_Group46" 1 1 1 1 1
"047_Group47" 1 1 1 1 1
"048_Group48" 1 1 1 1 1
"049_Group49" 1 1 1 1 1
"050_Group50" 1 1 1 1 1
"051_Group51" 1 1 1 1 1
"052_Group52" 1 1 1 1 1
"053_Group53" 1 1 1 1 1
"054_Group54" 1 1 1 1 1
"055_Group55" 1 1 1 1 1
"056_Group56" 1 1 1 1 1
"057_Group57" 1 1 1 1 1
"058_Group58" 1 1 1 1 1
"059_Group59" 1 1 1 1 1
"060_Group60" 1 1 1 1 1
"061_Group61" 1 1 1 1 1
"062_Group62" 1 1 1 1 1
"063_Group63" 1 1 1 1 1
"064_Group64" 1 1 1 1 1
"065_Group65" 1 1 1 1 1
"066_Group66" 1 1 1 1 1
"067_Group67" 1 1 1 1 1
"068_Group68" 1 1 1 1 1
"069_Group69" 1 1 1 1 1
"070_Group70" 1 1 1 1 1
"071_Group71" 1 1 1 1 1
"072_Group72" 1 1 1 1 1
"073_Group73" 1 1 1 1 1
"074_Group74" 1 1 1 1 1
"075_Group75" 1 1 1 1 1
"076_Group76" 1 1 1 1 1
"077_Group77" 1 1 1 1 1
"078_Group78" 1 1 1 1 1
"079_Group79" 1 1 1 1 1
"080_Group80" 1 1 1 1 1
"081_Group81" 1 1 1 1 1
"082_Group82" 1 1 1 1 1
"083_Group83" 1 1 1 1 1
"084_Group84" 1 1 1 1 1
"085_Group85" 1 1 1 1 1
"086_Group86" 1 1 1 1 1
"087_Group87" 1 1 1 1 1
"088_Group88" 1 1 1 1 1
"089_Group89" 1 1 1 1 1
"090_Group90" 1 1 1 1 1
"091_Group91" 1 1 1 1 1
"092_Group92" 1 1 1 1 1
"093_Group93" 1 1 1 1 1
"094_Group94" 1 1 1 1 1
"095_Group95" 1 1 1 1 1

"<<<<<< Number of Samples per Acquisition Interval [1unit=500values] >>>>>>"
Time[m] 2 4 6 8 10 
#Samples 2 2 2 2 2 

"<<<<<< Average Temperature [°C] >>>>>>"
Time[m] 2 4 6 8 10 
Temp[°C] 21.8 22.0 22.0 22.0 22.0 

"<<<<<< Well Activity >>>>>>"
Well Group/Time[m] 2 4 6 8 10
A1 "000_Group0" 29 25 17 15 6
B1 "001_Group1" 6 13 11 4 4
C1 "002_Group2" 10 8 4 4 5
D1 "003_Group3" 10 19 14 1 1
E1 "004_Group4" 3 9 2 2 4
F1 "005_Group5" 8 8 13 9 18
G1 "006_Group6" 8 4 17 10 0
H1 "007_Group7" 12 17 16 10 17
A2 "008_Group8" 24 13 12 6 11
B2 "009_Group9" 19 11 6 0 0
C2 "010_Group10" 19 17 26 27 10
D2 "011_Group11" 15 14 18 10 9
E2 "012_Group12" 24 30 24 8 11
F2 "013_Group13" 29 35 22 16 12
G2 "014_Group14" 18 36 23 10 13
H2 "015_Group15" 24 30 10 6 8
A3 "016_Group16" 1 13 3 2 7
B3 "017_Group17" 2 4 4 1 1
C3 "018_Group18" 9 1 8 3 2
D3 "019_Group19" 0 2 5 7 6
E3 "020_Group20" 5 6 7 4 0
F3 "021_Group21" 7 12 7 10 9
G3 "022_Group22" 2 4 0 0 0
H3 "023_Group23" 13 16 8 4 0
A4 "024_Group24" 27 26 21 13 15
B4 "025_Group25" 36 23 11 16 1
C4 "026_Group26" 3 0 0 0 0
D4 "027_Group27" 13 7 11 6 5
E4 "028_Group28" 30 11 15 21 10
F4 "029_Group29" 12 21 31 13 8
G4 "030_Group30" 29 22 20 30 22
H4 "031_Group31" 26 26 11 11 11
A5 "032_Group32" 16 14 5 1 0
B5 "033_Group33" 6 15 8 5 3
C5 "034_Group34" 10 1 2 7 0
D5 "035_Group35" 14 8 2 0 1
E5 "036_Group36" 8 13 0 2 0
F5 "037_Group37" 13 18 9 10 0
G5 "038_Group38" 13 17 7 12 7
H5 "039_Group39" 18 9 3 3 4
A6 "040_Group40" 5 0 0 0 0
B6 "041_Group41" 0 1 3 3 0
C6 "042_Group42" 0 0 0 0 0
D6 "043_Group43" 3 0 0 0 0
E6 "044_Group44" 0 0 0 0 0
F6 "045_Group45" 0 0 0 0 0
G6 "046_Group46" 3 0 0 0 0
H6 "047_Group47" 0 0 0 0 0
A7 "048_Group48" 16 12 14 10 11
B7 "049_Group49" 21 12 5 3 5
C7 "050_Group50" 12 15 8 19 4
D7 "051_Group51" 10 5 2 8 3
E7 "052_Group52" 4 13 9 9 7
F7 "053_Group53" 17 15 8 5 16
G7 "054_Group54" 13 8 8 13 10
H7 "055_Group55" 12 13 6 13 8
A8 "056_Group56" 21 6 10 14 16
B8 "057_Group57" 9 3 5 6 16
C8 "058_Group58" 13 5 7 6 5
D8 "059_Group59" 17 19 7 14 8
E8 "060_Group60" 18 16 7 8 8
F8 "061_Group61" 24 11 16 10 9
G8 "062_Group62" 24 17 14 7 10
H8 "063_Group63" 25 19 17 10 2
A9 "064_Group64" 18 13 24 21 15
B9 "065_Group65" 26 30 27 17 21
C9 "066_Group66" 33 43 23 20 23
D9 "067_Group67" 19 23 18 21 21
E9 "068_Group68" 37 29 22 15 14
F9 "069_Group69" 27 29 23 19 13
G9 "070_Group70" 18 13 21 28 15
H9 "071_Group71" 23 26 47 28 30
A10 "072_Group72" 12 20 19 18 3
B10 "073_Group73" 5 11 12 4 3
C10 "074_Group74" 6 0 1 0 2
D10 "075_Group75" 3 4 11 2 0
E10 "076_Group76" 3 2 4 1 1
F10 "077_Group77" 23 17 19 9 1
G10 "078_Group78" 4 16 3 5 0
H10 "079_Group79" 15 14 16 10 3
A11 "080_Group80" 17 5 7 11 5
B11 "081_Group81" 3 0 2 0 0
C11 "082_Group82" 12 14 4 6 1
D11 "083_Group83" 20 15 7 13 5
E11 "084_Group84" 0 8 0 1 0
F11 "085_Group85" 10 9 11 10 8
G11 "086_Group86" 24 8 8 11 10
H11 "087_Group87" 16 9 12 7 13
A12 "088_Group88" 13 5 5 2 3
B12 "089_Group89" 13 14 6 4 0
C12 "090_Group90" 3 4 8 1 3
D12 "091_Group91" 17 15 3 1 3
E12 "092_Group92" 3 0 0 0 0
F12 "093_Group93" 22 7 7 7 8
G12 "094_Group94" 3 12 18 12 8
H12 "095_Group95" 15 12 15 6 14

"<<<<<< Channel Activity >>>>>>"
Channel Well Group/Time[m] 2 4 6 8 10
CH0 A1.0 "000_Group0" 29 25 17 15 6
CH2 B1.0 "001_Group1" 6 13 11 4 4
CH4 C1.0 "002_Group2" 10 8 4 4 5
CH6 D1.0 "003_Group3" 10 19 14 1 1
CH8 E1.0 "004_Group4" 3 9 2 2 4
CH10 F1.0 "005_Group5" 8 8 13 9 18
CH12 G1.0 "006_Group6" 8 4 17 10 0
CH14 H1.0 "007_Group7" 12 17 16 10 17
CH32 A2.0 "008_Group8" 24 13 12 6 11
CH34 B2.0 "009_Group9" 19 11 6 0 0
CH36 C2.0 "010_Group10" 19 17 26 27 10
CH38 D2.0 "011_Group11" 15 14 18 10 9
CH40 E2.0 "012_Group12" 24 30 24 8 11
CH42 F2.0 "013_Group13" 29 35 22 16 12
CH44 G2.0 "014_Group14" 18 36 23 10 13
CH46 H2.0 "015_Group15" 24 30 10 6 8
CH64 A3.0 "016_Group16" 1 13 3 2 7
CH66 B3.0 "017_Group17" 2 4 4 1 1
CH68 C3.0 "018_Group18" 9 1 8 3 2
CH70 D3.0 "019_Group19" 0 2 5 7 6
CH72 E3.0 "020_Group20" 5 6 7 4 0
CH74 F3.0 "021_Group21" 7 12 7 10 9
CH76 G3.0 "022_Group22" 2 4 0 0 0
CH78 H3.0 "023_Group23" 13 16 8 4 0
CH96 A4.0 "024_Group24" 27 26 21 13 15
CH98 B4.0 "025_Group25" 36 23 11 16 1
CH100 C4.0 "026_Group26" 3 0 0 0 0
CH102 D4.0 "027_Group27" 13 7 11 6 5
CH104 E4.0 "028_Group28" 30 11 15 21 10
CH106 F4.0 "029_Group29" 12 21 31 13 8
CH108 G4.0 "030_Group30" 29 22 20 30 22
CH110 H4.0 "031_Group31" 26 26 11 11 11
CH128 A5.0 "032_Group32" 16 14 5 1 0
CH130 B5.0 "033_Group33" 6 15 8 5 3
CH132 C5.0 "034_Group34" 10 1 2 7 0
CH134 D5.0 "035_Group35" 14 8 2 0 1
CH136 E5.0 "036_Group36" 8 13 0 2 0
CH138 F5.0 "037_Group37" 13 18 9 10 0
CH140 G5.0 "038_Group38" 13 17 7 12 7
CH142 H5.0 "039_Group39" 18 9 3 3 4
CH160 A6.0 "040_Group40" 5 0 0 0 0
CH162 B6.0 "041_Group41" 0 1 3 3 0
CH164 C6.0 "042_Group42" 0 0 0 0 0
CH166 D6.0 "043_Group43" 3 0 0 0 0
CH168 E6.0 "044_Group44" 0 0 0 0 0
CH170 F6.0 "045_Group45" 0 0 0 0 0
CH172 G6.0 "046_Group46" 3 0 0 0 0
CH174 H6.0 "047_Group47" 0 0 0 0 0
CH192 A7.0 "048_Group48" 16 12 14 10 11
CH194 B7.0 "049_Group49" 21 12 5 3 5
CH196 C7.0 "050_Group50" 12 15 8 19 4
CH198 D7.0 "051_Group51" 10 5 2 8 3
CH200 E7.0 "052_Group52" 4 13 9 9 7
CH202 F7.0 "053_Group53" 17 15 8 5 16
CH204 G7.0 "054_Group54" 13 8 8 13 10
CH206 H7.0 "055_Group55" 12 13 6 13 8
CH224 A8.0 "056_Group56" 21 6 10 14 16
CH226 B8.0 "057_Group57" 9 3 5 6 16
CH228 C8.0 "058_Group58" 13 5 7 6 5
CH230 D8.0 "059_Group59" 17 19 7 14 8
CH232 E8.0 "060_Group60" 18 16 7 8 8
CH234 F8.0 "061_Group61" 24 11 16 10 9
CH236 G8.0 "062_Group62" 24 17 14 7 10
CH238 H8.0 "063_Group63" 25 19 17 10 2
CH256 A9.0 "064_Group64" 18 13 24 21 15
CH258 B9.0 "065_Group65" 26 30 27 17 21
CH260 C9.0 "066_Group66" 33 43 23 20 23
CH262 D9.0 "067_Group67" 19 23 18 21 21
CH264 E9.0 "068_Group68" 37 29 22 15 14
CH266 F9.0 "069_Group69" 27 29 23 19 13
CH268 G9.0 "070_Group70" 18 13 21 28 15
CH270 H9.0 "071_Group71" 23 26 47 28 30
CH288 A10.0 "072_Group72" 12 20 19 18 3
CH290 B10.0 "073_Group73" 5 11 12 4 3
CH292 C10.0 "074_Group74" 6 0 1 0 2
CH294 D10.0 "075_Group75" 3 4 11 2 0
CH296 E10.0 "076_Group76" 3 2 4 1 1
CH298 F10.0 "077_Group77" 23 17 19 9 1
CH300 G10.0 "078_Group78" 4 16 3 5 0
CH302 H10.0 "079_Group79" 15 14 16 10 3
CH320 A11.0 "080_Group80" 17 5 7 11 5
CH322 B11.0 "081_Group81" 3 0 2 0 0
CH324 C11.0 "082_Group82" 12 14 4 6 1
CH326 D11.0 "083_Group83" 20 15 7 13 5
CH328 E11.0 "084_Group84" 0 8 0 1 0
CH330 F11.0 "085_Group85" 10 9 11 10 8
CH332 G11.0 "086_Group86" 24 8 8 11 10
CH334 H11.0 "087_Group87" 16 9 12 7 13
CH352 A12.0 "088_Group88" 13 5 5 2 3
CH354 B12.0 "089_Group89" 13 14 6 4 0
CH356 C12.0 "090_Group90" 3 4 8 1 3
CH358 D12.0 "091_Group91" 17 15 3 1 3
CH360 E12.0 "092_Group92" 3 0 0 0 0
CH362 F12.0 "093_Group93" 22 7 7 7 8
CH364 G12.0 "094_Group94" 3 12 18 12 8
CH366 H12.0 "095_Group95" 15 12 15 6 14
