"DATE:" "1/31/2015 10:18:00 AM"
"FILE:" "C:\Users\AndersenLab\Desktop\wmicrotracker\p00011\20150131_1001"
"SUBPROJECT:" "20150131_Longevity_3_4mgmL"

"<<<<<< Group Activity: Average Activity Counts per Data Interval>>>>>>"
Group/Time[m] 2 4 6 8 10
"000_Group0" 3 1 1 1 5
"001_Group1" 0 0 1 3 0
"002_Group2" 0 0 0 0 0
"003_Group3" 0 0 2 0 0
"004_Group4" 0 2 2 0 0
"005_Group5" 0 0 0 1 0
"006_Group6" 1 1 0 0 1
"007_Group7" 0 0 3 0 0
"008_Group8" 40 34 30 22 40
"009_Group9" 28 35 31 22 16
"010_Group10" 33 29 25 40 31
"011_Group11" 31 34 40 29 29
"012_Group12" 31 38 25 27 33
"013_Group13" 38 34 26 23 13
"014_Group14" 21 44 43 38 31
"015_Group15" 30 20 33 37 28
"016_Group16" 0 0 0 0 0
"017_Group17" 0 0 0 0 0
"018_Group18" 0 0 0 1 0
"019_Group19" 0 0 0 0 0
"020_Group20" 0 0 0 0 0
"021_Group21" 0 0 1 0 1
"022_Group22" 0 0 0 0 0
"023_Group23" 4 0 0 0 2
"024_Group24" 21 18 26 14 7
"025_Group25" 43 31 39 23 31
"026_Group26" 36 39 22 13 14
"027_Group27" 41 37 44 37 38
"028_Group28" 39 29 25 31 25
"029_Group29" 27 26 18 34 28
"030_Group30" 11 20 23 15 7
"031_Group31" 35 24 25 13 11
"032_Group32" 2 0 1 1 0
"033_Group33" 0 0 0 0 0
"034_Group34" 0 2 2 0 2
"035_Group35" 1 6 1 11 5
"036_Group36" 0 0 0 4 1
"037_Group37" 0 2 1 2 0
"038_Group38" 0 0 1 0 0
"039_Group39" 5 0 0 0 0
"040_Group40" 0 0 0 0 0
"041_Group41" 0 0 0 0 0
"042_Group42" 0 0 0 0 0
"043_Group43" 1 5 0 1 0
"044_Group44" 0 0 0 0 0
"045_Group45" 0 3 0 0 0
"046_Group46" 0 0 0 0 1
"047_Group47" 0 3 0 0 0
"048_Group48" 21 32 15 12 27
"049_Group49" 13 13 6 16 40
"050_Group50" 31 28 28 34 38
"051_Group51" 23 16 19 25 31
"052_Group52" 17 12 8 19 24
"053_Group53" 8 12 23 3 19
"054_Group54" 28 29 16 13 14
"055_Group55" 17 18 18 25 18
"056_Group56" 17 19 22 12 11
"057_Group57" 37 22 21 11 12
"058_Group58" 21 24 22 15 10
"059_Group59" 30 7 21 17 11
"060_Group60" 20 41 26 37 21
"061_Group61" 15 18 14 7 24
"062_Group62" 35 33 18 13 12
"063_Group63" 17 12 12 9 15
"064_Group64" 22 19 13 10 22
"065_Group65" 26 14 17 23 29
"066_Group66" 19 16 19 11 13
"067_Group67" 22 15 25 17 25
"068_Group68" 42 38 42 36 33
"069_Group69" 35 18 23 9 23
"070_Group70" 31 33 32 29 25
"071_Group71" 27 9 13 18 15
"072_Group72" 0 1 1 2 3
"073_Group73" 0 0 0 0 0
"074_Group74" 2 0 0 0 0
"075_Group75" 0 0 1 3 1
"076_Group76" 0 0 0 0 0
"077_Group77" 2 0 0 0 0
"078_Group78" 0 0 0 0 0
"079_Group79" 0 0 0 0 0
"080_Group80" 11 12 9 10 5
"081_Group81" 9 8 15 12 16
"082_Group82" 4 18 13 11 10
"083_Group83" 5 14 10 13 8
"084_Group84" 14 8 15 12 11
"085_Group85" 8 17 11 11 18
"086_Group86" 11 13 11 12 13
"087_Group87" 20 10 10 10 14
"088_Group88" 0 0 2 0 0
"089_Group89" 2 6 3 0 0
"090_Group90" 0 0 0 0 0
"091_Group91" 1 0 0 0 0
"092_Group92" 0 0 0 3 0
"093_Group93" 0 0 0 0 0
"094_Group94" 0 1 0 0 0
"095_Group95" 0 0 0 0 0

"<<<<<< Group Activity: Number of wells/group >>>>>>"
Group/Time[m] 2 4 6 8 10
"000_Group0" 1 1 1 1 1
"001_Group1" 1 1 1 1 1
"002_Group2" 1 1 1 1 1
"003_Group3" 1 1 1 1 1
"004_Group4" 1 1 1 1 1
"005_Group5" 1 1 1 1 1
"006_Group6" 1 1 1 1 1
"007_Group7" 1 1 1 1 1
"008_Group8" 1 1 1 1 1
"009_Group9" 1 1 1 1 1
"010_Group10" 1 1 1 1 1
"011_Group11" 1 1 1 1 1
"012_Group12" 1 1 1 1 1
"013_Group13" 1 1 1 1 1
"014_Group14" 1 1 1 1 1
"015_Group15" 1 1 1 1 1
"016_Group16" 1 1 1 1 1
"017_Group17" 1 1 1 1 1
"018_Group18" 1 1 1 1 1
"019_Group19" 1 1 1 1 1
"020_Group20" 1 1 1 1 1
"021_Group21" 1 1 1 1 1
"022_Group22" 1 1 1 1 1
"023_Group23" 1 1 1 1 1
"024_Group24" 1 1 1 1 1
"025_Group25" 1 1 1 1 1
"026_Group26" 1 1 1 1 1
"027_Group27" 1 1 1 1 1
"028_Group28" 1 1 1 1 1
"029_Group29" 1 1 1 1 1
"030_Group30" 1 1 1 1 1
"031_Group31" 1 1 1 1 1
"032_Group32" 1 1 1 1 1
"033_Group33" 1 1 1 1 1
"034_Group34" 1 1 1 1 1
"035_Group35" 1 1 1 1 1
"036_Group36" 1 1 1 1 1
"037_Group37" 1 1 1 1 1
"038_Group38" 1 1 1 1 1
"039_Group39" 1 1 1 1 1
"040_Group40" 1 1 1 1 1
"041_Group41" 1 1 1 1 1
"042_Group42" 1 1 1 1 1
"043_Group43" 1 1 1 1 1
"044_Group44" 1 1 1 1 1
"045_Group45" 1 1 1 1 1
"046_Group46" 1 1 1 1 1
"047_Group47" 1 1 1 1 1
"048_Group48" 1 1 1 1 1
"049_Group49" 1 1 1 1 1
"050_Group50" 1 1 1 1 1
"051_Group51" 1 1 1 1 1
"052_Group52" 1 1 1 1 1
"053_Group53" 1 1 1 1 1
"054_Group54" 1 1 1 1 1
"055_Group55" 1 1 1 1 1
"056_Group56" 1 1 1 1 1
"057_Group57" 1 1 1 1 1
"058_Group58" 1 1 1 1 1
"059_Group59" 1 1 1 1 1
"060_Group60" 1 1 1 1 1
"061_Group61" 1 1 1 1 1
"062_Group62" 1 1 1 1 1
"063_Group63" 1 1 1 1 1
"064_Group64" 1 1 1 1 1
"065_Group65" 1 1 1 1 1
"066_Group66" 1 1 1 1 1
"067_Group67" 1 1 1 1 1
"068_Group68" 1 1 1 1 1
"069_Group69" 1 1 1 1 1
"070_Group70" 1 1 1 1 1
"071_Group71" 1 1 1 1 1
"072_Group72" 1 1 1 1 1
"073_Group73" 1 1 1 1 1
"074_Group74" 1 1 1 1 1
"075_Group75" 1 1 1 1 1
"076_Group76" 1 1 1 1 1
"077_Group77" 1 1 1 1 1
"078_Group78" 1 1 1 1 1
"079_Group79" 1 1 1 1 1
"080_Group80" 1 1 1 1 1
"081_Group81" 1 1 1 1 1
"082_Group82" 1 1 1 1 1
"083_Group83" 1 1 1 1 1
"084_Group84" 1 1 1 1 1
"085_Group85" 1 1 1 1 1
"086_Group86" 1 1 1 1 1
"087_Group87" 1 1 1 1 1
"088_Group88" 1 1 1 1 1
"089_Group89" 1 1 1 1 1
"090_Group90" 1 1 1 1 1
"091_Group91" 1 1 1 1 1
"092_Group92" 1 1 1 1 1
"093_Group93" 1 1 1 1 1
"094_Group94" 1 1 1 1 1
"095_Group95" 1 1 1 1 1

"<<<<<< Number of Samples per Acquisition Interval [1unit=500values] >>>>>>"
Time[m] 2 4 6 8 10 
#Samples 2 2 2 2 2 

"<<<<<< Average Temperature [°C] >>>>>>"
Time[m] 2 4 6 8 10 
Temp[°C] 22.0 22.0 22.0 22.0 22.0 

"<<<<<< Well Activity >>>>>>"
Well Group/Time[m] 2 4 6 8 10
A1 "000_Group0" 3 1 1 1 5
B1 "001_Group1" 0 0 1 3 0
C1 "002_Group2" 0 0 0 0 0
D1 "003_Group3" 0 0 2 0 0
E1 "004_Group4" 0 2 2 0 0
F1 "005_Group5" 0 0 0 1 0
G1 "006_Group6" 1 1 0 0 1
H1 "007_Group7" 0 0 3 0 0
A2 "008_Group8" 40 34 30 22 40
B2 "009_Group9" 28 35 31 22 16
C2 "010_Group10" 33 29 25 40 31
D2 "011_Group11" 31 34 40 29 29
E2 "012_Group12" 31 38 25 27 33
F2 "013_Group13" 38 34 26 23 13
G2 "014_Group14" 21 44 43 38 31
H2 "015_Group15" 30 20 33 37 28
A3 "016_Group16" 0 0 0 0 0
B3 "017_Group17" 0 0 0 0 0
C3 "018_Group18" 0 0 0 1 0
D3 "019_Group19" 0 0 0 0 0
E3 "020_Group20" 0 0 0 0 0
F3 "021_Group21" 0 0 1 0 1
G3 "022_Group22" 0 0 0 0 0
H3 "023_Group23" 4 0 0 0 2
A4 "024_Group24" 21 18 26 14 7
B4 "025_Group25" 43 31 39 23 31
C4 "026_Group26" 36 39 22 13 14
D4 "027_Group27" 41 37 44 37 38
E4 "028_Group28" 39 29 25 31 25
F4 "029_Group29" 27 26 18 34 28
G4 "030_Group30" 11 20 23 15 7
H4 "031_Group31" 35 24 25 13 11
A5 "032_Group32" 2 0 1 1 0
B5 "033_Group33" 0 0 0 0 0
C5 "034_Group34" 0 2 2 0 2
D5 "035_Group35" 1 6 1 11 5
E5 "036_Group36" 0 0 0 4 1
F5 "037_Group37" 0 2 1 2 0
G5 "038_Group38" 0 0 1 0 0
H5 "039_Group39" 5 0 0 0 0
A6 "040_Group40" 0 0 0 0 0
B6 "041_Group41" 0 0 0 0 0
C6 "042_Group42" 0 0 0 0 0
D6 "043_Group43" 1 5 0 1 0
E6 "044_Group44" 0 0 0 0 0
F6 "045_Group45" 0 3 0 0 0
G6 "046_Group46" 0 0 0 0 1
H6 "047_Group47" 0 3 0 0 0
A7 "048_Group48" 21 32 15 12 27
B7 "049_Group49" 13 13 6 16 40
C7 "050_Group50" 31 28 28 34 38
D7 "051_Group51" 23 16 19 25 31
E7 "052_Group52" 17 12 8 19 24
F7 "053_Group53" 8 12 23 3 19
G7 "054_Group54" 28 29 16 13 14
H7 "055_Group55" 17 18 18 25 18
A8 "056_Group56" 17 19 22 12 11
B8 "057_Group57" 37 22 21 11 12
C8 "058_Group58" 21 24 22 15 10
D8 "059_Group59" 30 7 21 17 11
E8 "060_Group60" 20 41 26 37 21
F8 "061_Group61" 15 18 14 7 24
G8 "062_Group62" 35 33 18 13 12
H8 "063_Group63" 17 12 12 9 15
A9 "064_Group64" 22 19 13 10 22
B9 "065_Group65" 26 14 17 23 29
C9 "066_Group66" 19 16 19 11 13
D9 "067_Group67" 22 15 25 17 25
E9 "068_Group68" 42 38 42 36 33
F9 "069_Group69" 35 18 23 9 23
G9 "070_Group70" 31 33 32 29 25
H9 "071_Group71" 27 9 13 18 15
A10 "072_Group72" 0 1 1 2 3
B10 "073_Group73" 0 0 0 0 0
C10 "074_Group74" 2 0 0 0 0
D10 "075_Group75" 0 0 1 3 1
E10 "076_Group76" 0 0 0 0 0
F10 "077_Group77" 2 0 0 0 0
G10 "078_Group78" 0 0 0 0 0
H10 "079_Group79" 0 0 0 0 0
A11 "080_Group80" 11 12 9 10 5
B11 "081_Group81" 9 8 15 12 16
C11 "082_Group82" 4 18 13 11 10
D11 "083_Group83" 5 14 10 13 8
E11 "084_Group84" 14 8 15 12 11
F11 "085_Group85" 8 17 11 11 18
G11 "086_Group86" 11 13 11 12 13
H11 "087_Group87" 20 10 10 10 14
A12 "088_Group88" 0 0 2 0 0
B12 "089_Group89" 2 6 3 0 0
C12 "090_Group90" 0 0 0 0 0
D12 "091_Group91" 1 0 0 0 0
E12 "092_Group92" 0 0 0 3 0
F12 "093_Group93" 0 0 0 0 0
G12 "094_Group94" 0 1 0 0 0
H12 "095_Group95" 0 0 0 0 0

"<<<<<< Channel Activity >>>>>>"
Channel Well Group/Time[m] 2 4 6 8 10
CH0 A1.0 "000_Group0" 3 1 1 1 5
CH2 B1.0 "001_Group1" 0 0 1 3 0
CH4 C1.0 "002_Group2" 0 0 0 0 0
CH6 D1.0 "003_Group3" 0 0 2 0 0
CH8 E1.0 "004_Group4" 0 2 2 0 0
CH10 F1.0 "005_Group5" 0 0 0 1 0
CH12 G1.0 "006_Group6" 1 1 0 0 1
CH14 H1.0 "007_Group7" 0 0 3 0 0
CH32 A2.0 "008_Group8" 40 34 30 22 40
CH34 B2.0 "009_Group9" 28 35 31 22 16
CH36 C2.0 "010_Group10" 33 29 25 40 31
CH38 D2.0 "011_Group11" 31 34 40 29 29
CH40 E2.0 "012_Group12" 31 38 25 27 33
CH42 F2.0 "013_Group13" 38 34 26 23 13
CH44 G2.0 "014_Group14" 21 44 43 38 31
CH46 H2.0 "015_Group15" 30 20 33 37 28
CH64 A3.0 "016_Group16" 0 0 0 0 0
CH66 B3.0 "017_Group17" 0 0 0 0 0
CH68 C3.0 "018_Group18" 0 0 0 1 0
CH70 D3.0 "019_Group19" 0 0 0 0 0
CH72 E3.0 "020_Group20" 0 0 0 0 0
CH74 F3.0 "021_Group21" 0 0 1 0 1
CH76 G3.0 "022_Group22" 0 0 0 0 0
CH78 H3.0 "023_Group23" 4 0 0 0 2
CH96 A4.0 "024_Group24" 21 18 26 14 7
CH98 B4.0 "025_Group25" 43 31 39 23 31
CH100 C4.0 "026_Group26" 36 39 22 13 14
CH102 D4.0 "027_Group27" 41 37 44 37 38
CH104 E4.0 "028_Group28" 39 29 25 31 25
CH106 F4.0 "029_Group29" 27 26 18 34 28
CH108 G4.0 "030_Group30" 11 20 23 15 7
CH110 H4.0 "031_Group31" 35 24 25 13 11
CH128 A5.0 "032_Group32" 2 0 1 1 0
CH130 B5.0 "033_Group33" 0 0 0 0 0
CH132 C5.0 "034_Group34" 0 2 2 0 2
CH134 D5.0 "035_Group35" 1 6 1 11 5
CH136 E5.0 "036_Group36" 0 0 0 4 1
CH138 F5.0 "037_Group37" 0 2 1 2 0
CH140 G5.0 "038_Group38" 0 0 1 0 0
CH142 H5.0 "039_Group39" 5 0 0 0 0
CH160 A6.0 "040_Group40" 0 0 0 0 0
CH162 B6.0 "041_Group41" 0 0 0 0 0
CH164 C6.0 "042_Group42" 0 0 0 0 0
CH166 D6.0 "043_Group43" 1 5 0 1 0
CH168 E6.0 "044_Group44" 0 0 0 0 0
CH170 F6.0 "045_Group45" 0 3 0 0 0
CH172 G6.0 "046_Group46" 0 0 0 0 1
CH174 H6.0 "047_Group47" 0 3 0 0 0
CH192 A7.0 "048_Group48" 21 32 15 12 27
CH194 B7.0 "049_Group49" 13 13 6 16 40
CH196 C7.0 "050_Group50" 31 28 28 34 38
CH198 D7.0 "051_Group51" 23 16 19 25 31
CH200 E7.0 "052_Group52" 17 12 8 19 24
CH202 F7.0 "053_Group53" 8 12 23 3 19
CH204 G7.0 "054_Group54" 28 29 16 13 14
CH206 H7.0 "055_Group55" 17 18 18 25 18
CH224 A8.0 "056_Group56" 17 19 22 12 11
CH226 B8.0 "057_Group57" 37 22 21 11 12
CH228 C8.0 "058_Group58" 21 24 22 15 10
CH230 D8.0 "059_Group59" 30 7 21 17 11
CH232 E8.0 "060_Group60" 20 41 26 37 21
CH234 F8.0 "061_Group61" 15 18 14 7 24
CH236 G8.0 "062_Group62" 35 33 18 13 12
CH238 H8.0 "063_Group63" 17 12 12 9 15
CH256 A9.0 "064_Group64" 22 19 13 10 22
CH258 B9.0 "065_Group65" 26 14 17 23 29
CH260 C9.0 "066_Group66" 19 16 19 11 13
CH262 D9.0 "067_Group67" 22 15 25 17 25
CH264 E9.0 "068_Group68" 42 38 42 36 33
CH266 F9.0 "069_Group69" 35 18 23 9 23
CH268 G9.0 "070_Group70" 31 33 32 29 25
CH270 H9.0 "071_Group71" 27 9 13 18 15
CH288 A10.0 "072_Group72" 0 1 1 2 3
CH290 B10.0 "073_Group73" 0 0 0 0 0
CH292 C10.0 "074_Group74" 2 0 0 0 0
CH294 D10.0 "075_Group75" 0 0 1 3 1
CH296 E10.0 "076_Group76" 0 0 0 0 0
CH298 F10.0 "077_Group77" 2 0 0 0 0
CH300 G10.0 "078_Group78" 0 0 0 0 0
CH302 H10.0 "079_Group79" 0 0 0 0 0
CH320 A11.0 "080_Group80" 11 12 9 10 5
CH322 B11.0 "081_Group81" 9 8 15 12 16
CH324 C11.0 "082_Group82" 4 18 13 11 10
CH326 D11.0 "083_Group83" 5 14 10 13 8
CH328 E11.0 "084_Group84" 14 8 15 12 11
CH330 F11.0 "085_Group85" 8 17 11 11 18
CH332 G11.0 "086_Group86" 11 13 11 12 13
CH334 H11.0 "087_Group87" 20 10 10 10 14
CH352 A12.0 "088_Group88" 0 0 2 0 0
CH354 B12.0 "089_Group89" 2 6 3 0 0
CH356 C12.0 "090_Group90" 0 0 0 0 0
CH358 D12.0 "091_Group91" 1 0 0 0 0
CH360 E12.0 "092_Group92" 0 0 0 3 0
CH362 F12.0 "093_Group93" 0 0 0 0 0
CH364 G12.0 "094_Group94" 0 1 0 0 0
CH366 H12.0 "095_Group95" 0 0 0 0 0
