"DATE:" "2/10/2015 9:09:17 AM"
"FILE:" "C:\Users\AndersenLab\Desktop\wmicrotracker\p00011\20150210_0857"
"SUBPROJECT:" "20150210_Longevity_3_4mgmL"

"<<<<<< Group Activity: Average Activity Counts per Data Interval>>>>>>"
Group/Time[m] 2 4 6 8 10
"000_Group0" 0 2 11 8 5
"001_Group1" 2 2 4 0 1
"002_Group2" 0 1 0 0 1
"003_Group3" 2 2 0 0 0
"004_Group4" 0 0 0 0 0
"005_Group5" 10 11 5 1 5
"006_Group6" 0 3 1 1 0
"007_Group7" 0 0 0 6 2
"008_Group8" 10 0 2 2 2
"009_Group9" 11 11 7 2 0
"010_Group10" 11 13 3 0 0
"011_Group11" 10 4 15 11 0
"012_Group12" 17 9 4 0 2
"013_Group13" 5 2 3 1 1
"014_Group14" 9 6 6 0 0
"015_Group15" 1 2 0 8 0
"016_Group16" 0 3 4 0 1
"017_Group17" 0 3 2 1 5
"018_Group18" 2 0 1 0 0
"019_Group19" 3 1 8 1 9
"020_Group20" 2 0 0 0 0
"021_Group21" 9 2 5 1 0
"022_Group22" 2 1 1 1 0
"023_Group23" 4 4 0 0 1
"024_Group24" 8 10 12 10 9
"025_Group25" 10 4 9 3 2
"026_Group26" 0 0 0 0 0
"027_Group27" 7 5 4 4 2
"028_Group28" 13 15 19 15 8
"029_Group29" 11 20 11 11 11
"030_Group30" 4 0 0 0 0
"031_Group31" 10 6 4 13 4
"032_Group32" 0 0 10 0 0
"033_Group33" 1 4 0 0 0
"034_Group34" 2 5 0 0 4
"035_Group35" 1 1 1 10 6
"036_Group36" 3 6 2 0 1
"037_Group37" 1 7 3 0 0
"038_Group38" 0 3 0 0 0
"039_Group39" 14 13 5 16 14
"040_Group40" 1 1 2 3 1
"041_Group41" 0 0 0 0 0
"042_Group42" 0 0 0 0 0
"043_Group43" 0 0 0 0 0
"044_Group44" 0 0 0 0 0
"045_Group45" 0 0 0 0 0
"046_Group46" 0 0 0 0 0
"047_Group47" 0 0 0 0 0
"048_Group48" 3 0 0 0 0
"049_Group49" 6 3 0 0 0
"050_Group50" 4 3 0 1 5
"051_Group51" 0 0 0 0 0
"052_Group52" 0 0 0 0 0
"053_Group53" 2 0 0 0 4
"054_Group54" 6 9 9 7 7
"055_Group55" 18 8 12 7 7
"056_Group56" 16 9 6 11 4
"057_Group57" 16 10 4 7 1
"058_Group58" 8 4 15 7 7
"059_Group59" 6 7 15 9 7
"060_Group60" 0 6 0 0 0
"061_Group61" 8 14 4 9 7
"062_Group62" 5 13 10 11 9
"063_Group63" 12 10 6 7 4
"064_Group64" 13 25 22 24 14
"065_Group65" 19 23 18 16 14
"066_Group66" 19 15 21 29 19
"067_Group67" 12 11 15 15 12
"068_Group68" 1 1 0 0 2
"069_Group69" 0 0 0 0 0
"070_Group70" 14 27 18 18 5
"071_Group71" 17 28 15 3 6
"072_Group72" 2 0 0 6 0
"073_Group73" 2 7 4 0 0
"074_Group74" 1 4 0 0 0
"075_Group75" 0 1 2 0 0
"076_Group76" 0 1 0 0 0
"077_Group77" 2 4 6 9 0
"078_Group78" 0 0 0 0 0
"079_Group79" 0 0 0 0 0
"080_Group80" 6 2 9 2 11
"081_Group81" 0 0 0 0 0
"082_Group82" 0 0 0 0 0
"083_Group83" 9 8 9 6 9
"084_Group84" 0 7 6 2 4
"085_Group85" 16 9 13 6 14
"086_Group86" 11 9 11 8 15
"087_Group87" 19 10 4 9 8
"088_Group88" 0 0 0 0 0
"089_Group89" 0 0 0 0 0
"090_Group90" 0 0 0 0 0
"091_Group91" 1 3 0 0 0
"092_Group92" 0 2 0 0 0
"093_Group93" 0 0 0 0 0
"094_Group94" 7 1 0 0 0
"095_Group95" 3 6 1 0 0

"<<<<<< Group Activity: Number of wells/group >>>>>>"
Group/Time[m] 2 4 6 8 10
"000_Group0" 1 1 1 1 1
"001_Group1" 1 1 1 1 1
"002_Group2" 1 1 1 1 1
"003_Group3" 1 1 1 1 1
"004_Group4" 1 1 1 1 1
"005_Group5" 1 1 1 1 1
"006_Group6" 1 1 1 1 1
"007_Group7" 1 1 1 1 1
"008_Group8" 1 1 1 1 1
"009_Group9" 1 1 1 1 1
"010_Group10" 1 1 1 1 1
"011_Group11" 1 1 1 1 1
"012_Group12" 1 1 1 1 1
"013_Group13" 1 1 1 1 1
"014_Group14" 1 1 1 1 1
"015_Group15" 1 1 1 1 1
"016_Group16" 1 1 1 1 1
"017_Group17" 1 1 1 1 1
"018_Group18" 1 1 1 1 1
"019_Group19" 1 1 1 1 1
"020_Group20" 1 1 1 1 1
"021_Group21" 1 1 1 1 1
"022_Group22" 1 1 1 1 1
"023_Group23" 1 1 1 1 1
"024_Group24" 1 1 1 1 1
"025_Group25" 1 1 1 1 1
"026_Group26" 1 1 1 1 1
"027_Group27" 1 1 1 1 1
"028_Group28" 1 1 1 1 1
"029_Group29" 1 1 1 1 1
"030_Group30" 1 1 1 1 1
"031_Group31" 1 1 1 1 1
"032_Group32" 1 1 1 1 1
"033_Group33" 1 1 1 1 1
"034_Group34" 1 1 1 1 1
"035_Group35" 1 1 1 1 1
"036_Group36" 1 1 1 1 1
"037_Group37" 1 1 1 1 1
"038_Group38" 1 1 1 1 1
"039_Group39" 1 1 1 1 1
"040_Group40" 1 1 1 1 1
"041_Group41" 1 1 1 1 1
"042_Group42" 1 1 1 1 1
"043_Group43" 1 1 1 1 1
"044_Group44" 1 1 1 1 1
"045_Group45" 1 1 1 1 1
"046_Group46" 1 1 1 1 1
"047_Group47" 1 1 1 1 1
"048_Group48" 1 1 1 1 1
"049_Group49" 1 1 1 1 1
"050_Group50" 1 1 1 1 1
"051_Group51" 1 1 1 1 1
"052_Group52" 1 1 1 1 1
"053_Group53" 1 1 1 1 1
"054_Group54" 1 1 1 1 1
"055_Group55" 1 1 1 1 1
"056_Group56" 1 1 1 1 1
"057_Group57" 1 1 1 1 1
"058_Group58" 1 1 1 1 1
"059_Group59" 1 1 1 1 1
"060_Group60" 1 1 1 1 1
"061_Group61" 1 1 1 1 1
"062_Group62" 1 1 1 1 1
"063_Group63" 1 1 1 1 1
"064_Group64" 1 1 1 1 1
"065_Group65" 1 1 1 1 1
"066_Group66" 1 1 1 1 1
"067_Group67" 1 1 1 1 1
"068_Group68" 1 1 1 1 1
"069_Group69" 1 1 1 1 1
"070_Group70" 1 1 1 1 1
"071_Group71" 1 1 1 1 1
"072_Group72" 1 1 1 1 1
"073_Group73" 1 1 1 1 1
"074_Group74" 1 1 1 1 1
"075_Group75" 1 1 1 1 1
"076_Group76" 1 1 1 1 1
"077_Group77" 1 1 1 1 1
"078_Group78" 1 1 1 1 1
"079_Group79" 1 1 1 1 1
"080_Group80" 1 1 1 1 1
"081_Group81" 1 1 1 1 1
"082_Group82" 1 1 1 1 1
"083_Group83" 1 1 1 1 1
"084_Group84" 1 1 1 1 1
"085_Group85" 1 1 1 1 1
"086_Group86" 1 1 1 1 1
"087_Group87" 1 1 1 1 1
"088_Group88" 1 1 1 1 1
"089_Group89" 1 1 1 1 1
"090_Group90" 1 1 1 1 1
"091_Group91" 1 1 1 1 1
"092_Group92" 1 1 1 1 1
"093_Group93" 1 1 1 1 1
"094_Group94" 1 1 1 1 1
"095_Group95" 1 1 1 1 1

"<<<<<< Number of Samples per Acquisition Interval [1unit=500values] >>>>>>"
Time[m] 2 4 6 8 10 
#Samples 2 2 2 2 2 

"<<<<<< Average Temperature [°C] >>>>>>"
Time[m] 2 4 6 8 10 
Temp[°C] 21.8 21.8 21.8 21.8 21.8 

"<<<<<< Well Activity >>>>>>"
Well Group/Time[m] 2 4 6 8 10
A1 "000_Group0" 0 2 11 8 5
B1 "001_Group1" 2 2 4 0 1
C1 "002_Group2" 0 1 0 0 1
D1 "003_Group3" 2 2 0 0 0
E1 "004_Group4" 0 0 0 0 0
F1 "005_Group5" 10 11 5 1 5
G1 "006_Group6" 0 3 1 1 0
H1 "007_Group7" 0 0 0 6 2
A2 "008_Group8" 10 0 2 2 2
B2 "009_Group9" 11 11 7 2 0
C2 "010_Group10" 11 13 3 0 0
D2 "011_Group11" 10 4 15 11 0
E2 "012_Group12" 17 9 4 0 2
F2 "013_Group13" 5 2 3 1 1
G2 "014_Group14" 9 6 6 0 0
H2 "015_Group15" 1 2 0 8 0
A3 "016_Group16" 0 3 4 0 1
B3 "017_Group17" 0 3 2 1 5
C3 "018_Group18" 2 0 1 0 0
D3 "019_Group19" 3 1 8 1 9
E3 "020_Group20" 2 0 0 0 0
F3 "021_Group21" 9 2 5 1 0
G3 "022_Group22" 2 1 1 1 0
H3 "023_Group23" 4 4 0 0 1
A4 "024_Group24" 8 10 12 10 9
B4 "025_Group25" 10 4 9 3 2
C4 "026_Group26" 0 0 0 0 0
D4 "027_Group27" 7 5 4 4 2
E4 "028_Group28" 13 15 19 15 8
F4 "029_Group29" 11 20 11 11 11
G4 "030_Group30" 4 0 0 0 0
H4 "031_Group31" 10 6 4 13 4
A5 "032_Group32" 0 0 10 0 0
B5 "033_Group33" 1 4 0 0 0
C5 "034_Group34" 2 5 0 0 4
D5 "035_Group35" 1 1 1 10 6
E5 "036_Group36" 3 6 2 0 1
F5 "037_Group37" 1 7 3 0 0
G5 "038_Group38" 0 3 0 0 0
H5 "039_Group39" 14 13 5 16 14
A6 "040_Group40" 1 1 2 3 1
B6 "041_Group41" 0 0 0 0 0
C6 "042_Group42" 0 0 0 0 0
D6 "043_Group43" 0 0 0 0 0
E6 "044_Group44" 0 0 0 0 0
F6 "045_Group45" 0 0 0 0 0
G6 "046_Group46" 0 0 0 0 0
H6 "047_Group47" 0 0 0 0 0
A7 "048_Group48" 3 0 0 0 0
B7 "049_Group49" 6 3 0 0 0
C7 "050_Group50" 4 3 0 1 5
D7 "051_Group51" 0 0 0 0 0
E7 "052_Group52" 0 0 0 0 0
F7 "053_Group53" 2 0 0 0 4
G7 "054_Group54" 6 9 9 7 7
H7 "055_Group55" 18 8 12 7 7
A8 "056_Group56" 16 9 6 11 4
B8 "057_Group57" 16 10 4 7 1
C8 "058_Group58" 8 4 15 7 7
D8 "059_Group59" 6 7 15 9 7
E8 "060_Group60" 0 6 0 0 0
F8 "061_Group61" 8 14 4 9 7
G8 "062_Group62" 5 13 10 11 9
H8 "063_Group63" 12 10 6 7 4
A9 "064_Group64" 13 25 22 24 14
B9 "065_Group65" 19 23 18 16 14
C9 "066_Group66" 19 15 21 29 19
D9 "067_Group67" 12 11 15 15 12
E9 "068_Group68" 1 1 0 0 2
F9 "069_Group69" 0 0 0 0 0
G9 "070_Group70" 14 27 18 18 5
H9 "071_Group71" 17 28 15 3 6
A10 "072_Group72" 2 0 0 6 0
B10 "073_Group73" 2 7 4 0 0
C10 "074_Group74" 1 4 0 0 0
D10 "075_Group75" 0 1 2 0 0
E10 "076_Group76" 0 1 0 0 0
F10 "077_Group77" 2 4 6 9 0
G10 "078_Group78" 0 0 0 0 0
H10 "079_Group79" 0 0 0 0 0
A11 "080_Group80" 6 2 9 2 11
B11 "081_Group81" 0 0 0 0 0
C11 "082_Group82" 0 0 0 0 0
D11 "083_Group83" 9 8 9 6 9
E11 "084_Group84" 0 7 6 2 4
F11 "085_Group85" 16 9 13 6 14
G11 "086_Group86" 11 9 11 8 15
H11 "087_Group87" 19 10 4 9 8
A12 "088_Group88" 0 0 0 0 0
B12 "089_Group89" 0 0 0 0 0
C12 "090_Group90" 0 0 0 0 0
D12 "091_Group91" 1 3 0 0 0
E12 "092_Group92" 0 2 0 0 0
F12 "093_Group93" 0 0 0 0 0
G12 "094_Group94" 7 1 0 0 0
H12 "095_Group95" 3 6 1 0 0

"<<<<<< Channel Activity >>>>>>"
Channel Well Group/Time[m] 2 4 6 8 10
CH0 A1.0 "000_Group0" 0 2 11 8 5
CH2 B1.0 "001_Group1" 2 2 4 0 1
CH4 C1.0 "002_Group2" 0 1 0 0 1
CH6 D1.0 "003_Group3" 2 2 0 0 0
CH8 E1.0 "004_Group4" 0 0 0 0 0
CH10 F1.0 "005_Group5" 10 11 5 1 5
CH12 G1.0 "006_Group6" 0 3 1 1 0
CH14 H1.0 "007_Group7" 0 0 0 6 2
CH32 A2.0 "008_Group8" 10 0 2 2 2
CH34 B2.0 "009_Group9" 11 11 7 2 0
CH36 C2.0 "010_Group10" 11 13 3 0 0
CH38 D2.0 "011_Group11" 10 4 15 11 0
CH40 E2.0 "012_Group12" 17 9 4 0 2
CH42 F2.0 "013_Group13" 5 2 3 1 1
CH44 G2.0 "014_Group14" 9 6 6 0 0
CH46 H2.0 "015_Group15" 1 2 0 8 0
CH64 A3.0 "016_Group16" 0 3 4 0 1
CH66 B3.0 "017_Group17" 0 3 2 1 5
CH68 C3.0 "018_Group18" 2 0 1 0 0
CH70 D3.0 "019_Group19" 3 1 8 1 9
CH72 E3.0 "020_Group20" 2 0 0 0 0
CH74 F3.0 "021_Group21" 9 2 5 1 0
CH76 G3.0 "022_Group22" 2 1 1 1 0
CH78 H3.0 "023_Group23" 4 4 0 0 1
CH96 A4.0 "024_Group24" 8 10 12 10 9
CH98 B4.0 "025_Group25" 10 4 9 3 2
CH100 C4.0 "026_Group26" 0 0 0 0 0
CH102 D4.0 "027_Group27" 7 5 4 4 2
CH104 E4.0 "028_Group28" 13 15 19 15 8
CH106 F4.0 "029_Group29" 11 20 11 11 11
CH108 G4.0 "030_Group30" 4 0 0 0 0
CH110 H4.0 "031_Group31" 10 6 4 13 4
CH128 A5.0 "032_Group32" 0 0 10 0 0
CH130 B5.0 "033_Group33" 1 4 0 0 0
CH132 C5.0 "034_Group34" 2 5 0 0 4
CH134 D5.0 "035_Group35" 1 1 1 10 6
CH136 E5.0 "036_Group36" 3 6 2 0 1
CH138 F5.0 "037_Group37" 1 7 3 0 0
CH140 G5.0 "038_Group38" 0 3 0 0 0
CH142 H5.0 "039_Group39" 14 13 5 16 14
CH160 A6.0 "040_Group40" 1 1 2 3 1
CH162 B6.0 "041_Group41" 0 0 0 0 0
CH164 C6.0 "042_Group42" 0 0 0 0 0
CH166 D6.0 "043_Group43" 0 0 0 0 0
CH168 E6.0 "044_Group44" 0 0 0 0 0
CH170 F6.0 "045_Group45" 0 0 0 0 0
CH172 G6.0 "046_Group46" 0 0 0 0 0
CH174 H6.0 "047_Group47" 0 0 0 0 0
CH192 A7.0 "048_Group48" 3 0 0 0 0
CH194 B7.0 "049_Group49" 6 3 0 0 0
CH196 C7.0 "050_Group50" 4 3 0 1 5
CH198 D7.0 "051_Group51" 0 0 0 0 0
CH200 E7.0 "052_Group52" 0 0 0 0 0
CH202 F7.0 "053_Group53" 2 0 0 0 4
CH204 G7.0 "054_Group54" 6 9 9 7 7
CH206 H7.0 "055_Group55" 18 8 12 7 7
CH224 A8.0 "056_Group56" 16 9 6 11 4
CH226 B8.0 "057_Group57" 16 10 4 7 1
CH228 C8.0 "058_Group58" 8 4 15 7 7
CH230 D8.0 "059_Group59" 6 7 15 9 7
CH232 E8.0 "060_Group60" 0 6 0 0 0
CH234 F8.0 "061_Group61" 8 14 4 9 7
CH236 G8.0 "062_Group62" 5 13 10 11 9
CH238 H8.0 "063_Group63" 12 10 6 7 4
CH256 A9.0 "064_Group64" 13 25 22 24 14
CH258 B9.0 "065_Group65" 19 23 18 16 14
CH260 C9.0 "066_Group66" 19 15 21 29 19
CH262 D9.0 "067_Group67" 12 11 15 15 12
CH264 E9.0 "068_Group68" 1 1 0 0 2
CH266 F9.0 "069_Group69" 0 0 0 0 0
CH268 G9.0 "070_Group70" 14 27 18 18 5
CH270 H9.0 "071_Group71" 17 28 15 3 6
CH288 A10.0 "072_Group72" 2 0 0 6 0
CH290 B10.0 "073_Group73" 2 7 4 0 0
CH292 C10.0 "074_Group74" 1 4 0 0 0
CH294 D10.0 "075_Group75" 0 1 2 0 0
CH296 E10.0 "076_Group76" 0 1 0 0 0
CH298 F10.0 "077_Group77" 2 4 6 9 0
CH300 G10.0 "078_Group78" 0 0 0 0 0
CH302 H10.0 "079_Group79" 0 0 0 0 0
CH320 A11.0 "080_Group80" 6 2 9 2 11
CH322 B11.0 "081_Group81" 0 0 0 0 0
CH324 C11.0 "082_Group82" 0 0 0 0 0
CH326 D11.0 "083_Group83" 9 8 9 6 9
CH328 E11.0 "084_Group84" 0 7 6 2 4
CH330 F11.0 "085_Group85" 16 9 13 6 14
CH332 G11.0 "086_Group86" 11 9 11 8 15
CH334 H11.0 "087_Group87" 19 10 4 9 8
CH352 A12.0 "088_Group88" 0 0 0 0 0
CH354 B12.0 "089_Group89" 0 0 0 0 0
CH356 C12.0 "090_Group90" 0 0 0 0 0
CH358 D12.0 "091_Group91" 1 3 0 0 0
CH360 E12.0 "092_Group92" 0 2 0 0 0
CH362 F12.0 "093_Group93" 0 0 0 0 0
CH364 G12.0 "094_Group94" 7 1 0 0 0
CH366 H12.0 "095_Group95" 3 6 1 0 0
