"DATE:" "2/3/2015 9:18:39 AM"
"FILE:" "C:\Users\AndersenLab\Desktop\wmicrotracker\p00011\20150203_0907"
"SUBPROJECT:" "20150203_Longevity_3_4mgmL"

"<<<<<< Group Activity: Average Activity Counts per Data Interval>>>>>>"
Group/Time[m] 2 4 6 8 10
"000_Group0" 8 4 2 4 11
"001_Group1" 2 2 0 0 0
"002_Group2" 2 1 0 0 0
"003_Group3" 2 0 1 2 1
"004_Group4" 0 0 0 0 0
"005_Group5" 7 0 0 0 0
"006_Group6" 1 5 10 1 2
"007_Group7" 11 10 8 2 1
"008_Group8" 30 17 19 15 14
"009_Group9" 32 25 27 17 7
"010_Group10" 32 32 20 15 18
"011_Group11" 23 23 31 31 19
"012_Group12" 22 21 39 16 33
"013_Group13" 14 13 7 11 8
"014_Group14" 25 16 12 12 7
"015_Group15" 32 28 27 35 31
"016_Group16" 1 0 3 0 0
"017_Group17" 4 5 0 0 4
"018_Group18" 3 4 0 0 5
"019_Group19" 0 2 7 17 12
"020_Group20" 0 0 1 0 0
"021_Group21" 3 4 1 1 0
"022_Group22" 0 5 1 0 1
"023_Group23" 0 0 0 1 0
"024_Group24" 44 34 38 19 22
"025_Group25" 24 25 22 30 18
"026_Group26" 0 0 0 0 0
"027_Group27" 13 19 9 7 7
"028_Group28" 22 26 21 31 17
"029_Group29" 42 38 34 18 13
"030_Group30" 32 27 6 7 15
"031_Group31" 12 11 10 11 11
"032_Group32" 2 5 3 2 3
"033_Group33" 2 0 0 1 0
"034_Group34" 0 1 2 0 0
"035_Group35" 1 0 1 3 7
"036_Group36" 1 2 1 7 2
"037_Group37" 14 5 15 7 7
"038_Group38" 0 0 1 2 0
"039_Group39" 0 4 2 2 4
"040_Group40" 1 0 4 0 1
"041_Group41" 0 0 0 0 0
"042_Group42" 0 0 0 0 0
"043_Group43" 0 0 0 0 0
"044_Group44" 0 0 0 0 0
"045_Group45" 0 0 0 0 0
"046_Group46" 0 0 1 5 2
"047_Group47" 0 2 0 0 0
"048_Group48" 36 23 24 12 14
"049_Group49" 12 21 14 5 9
"050_Group50" 10 8 9 19 7
"051_Group51" 25 17 27 31 13
"052_Group52" 10 10 13 5 12
"053_Group53" 9 13 7 9 12
"054_Group54" 13 11 23 27 17
"055_Group55" 17 16 16 12 12
"056_Group56" 37 39 23 13 14
"057_Group57" 38 31 13 13 12
"058_Group58" 43 37 23 29 13
"059_Group59" 26 26 23 24 26
"060_Group60" 18 13 12 8 7
"061_Group61" 30 29 18 15 12
"062_Group62" 15 22 13 12 6
"063_Group63" 32 21 12 28 9
"064_Group64" 28 29 37 23 30
"065_Group65" 24 26 21 21 16
"066_Group66" 17 24 37 34 24
"067_Group67" 20 32 30 13 15
"068_Group68" 22 31 41 29 22
"069_Group69" 16 15 13 21 15
"070_Group70" 19 16 21 10 14
"071_Group71" 49 33 39 20 16
"072_Group72" 2 0 3 4 1
"073_Group73" 2 11 6 6 3
"074_Group74" 7 3 0 0 3
"075_Group75" 1 3 7 4 2
"076_Group76" 0 0 1 0 0
"077_Group77" 0 0 0 0 0
"078_Group78" 2 1 1 0 3
"079_Group79" 0 0 0 0 1
"080_Group80" 18 23 14 21 11
"081_Group81" 0 0 0 0 0
"082_Group82" 13 9 18 12 10
"083_Group83" 8 13 13 12 18
"084_Group84" 8 14 12 11 14
"085_Group85" 15 17 12 8 18
"086_Group86" 16 10 11 10 12
"087_Group87" 13 13 9 15 11
"088_Group88" 0 0 0 0 0
"089_Group89" 3 2 5 5 2
"090_Group90" 0 0 0 0 0
"091_Group91" 0 0 0 1 3
"092_Group92" 0 0 0 0 0
"093_Group93" 0 0 0 0 0
"094_Group94" 0 1 0 0 1
"095_Group95" 0 0 0 0 0

"<<<<<< Group Activity: Number of wells/group >>>>>>"
Group/Time[m] 2 4 6 8 10
"000_Group0" 1 1 1 1 1
"001_Group1" 1 1 1 1 1
"002_Group2" 1 1 1 1 1
"003_Group3" 1 1 1 1 1
"004_Group4" 1 1 1 1 1
"005_Group5" 1 1 1 1 1
"006_Group6" 1 1 1 1 1
"007_Group7" 1 1 1 1 1
"008_Group8" 1 1 1 1 1
"009_Group9" 1 1 1 1 1
"010_Group10" 1 1 1 1 1
"011_Group11" 1 1 1 1 1
"012_Group12" 1 1 1 1 1
"013_Group13" 1 1 1 1 1
"014_Group14" 1 1 1 1 1
"015_Group15" 1 1 1 1 1
"016_Group16" 1 1 1 1 1
"017_Group17" 1 1 1 1 1
"018_Group18" 1 1 1 1 1
"019_Group19" 1 1 1 1 1
"020_Group20" 1 1 1 1 1
"021_Group21" 1 1 1 1 1
"022_Group22" 1 1 1 1 1
"023_Group23" 1 1 1 1 1
"024_Group24" 1 1 1 1 1
"025_Group25" 1 1 1 1 1
"026_Group26" 1 1 1 1 1
"027_Group27" 1 1 1 1 1
"028_Group28" 1 1 1 1 1
"029_Group29" 1 1 1 1 1
"030_Group30" 1 1 1 1 1
"031_Group31" 1 1 1 1 1
"032_Group32" 1 1 1 1 1
"033_Group33" 1 1 1 1 1
"034_Group34" 1 1 1 1 1
"035_Group35" 1 1 1 1 1
"036_Group36" 1 1 1 1 1
"037_Group37" 1 1 1 1 1
"038_Group38" 1 1 1 1 1
"039_Group39" 1 1 1 1 1
"040_Group40" 1 1 1 1 1
"041_Group41" 1 1 1 1 1
"042_Group42" 1 1 1 1 1
"043_Group43" 1 1 1 1 1
"044_Group44" 1 1 1 1 1
"045_Group45" 1 1 1 1 1
"046_Group46" 1 1 1 1 1
"047_Group47" 1 1 1 1 1
"048_Group48" 1 1 1 1 1
"049_Group49" 1 1 1 1 1
"050_Group50" 1 1 1 1 1
"051_Group51" 1 1 1 1 1
"052_Group52" 1 1 1 1 1
"053_Group53" 1 1 1 1 1
"054_Group54" 1 1 1 1 1
"055_Group55" 1 1 1 1 1
"056_Group56" 1 1 1 1 1
"057_Group57" 1 1 1 1 1
"058_Group58" 1 1 1 1 1
"059_Group59" 1 1 1 1 1
"060_Group60" 1 1 1 1 1
"061_Group61" 1 1 1 1 1
"062_Group62" 1 1 1 1 1
"063_Group63" 1 1 1 1 1
"064_Group64" 1 1 1 1 1
"065_Group65" 1 1 1 1 1
"066_Group66" 1 1 1 1 1
"067_Group67" 1 1 1 1 1
"068_Group68" 1 1 1 1 1
"069_Group69" 1 1 1 1 1
"070_Group70" 1 1 1 1 1
"071_Group71" 1 1 1 1 1
"072_Group72" 1 1 1 1 1
"073_Group73" 1 1 1 1 1
"074_Group74" 1 1 1 1 1
"075_Group75" 1 1 1 1 1
"076_Group76" 1 1 1 1 1
"077_Group77" 1 1 1 1 1
"078_Group78" 1 1 1 1 1
"079_Group79" 1 1 1 1 1
"080_Group80" 1 1 1 1 1
"081_Group81" 1 1 1 1 1
"082_Group82" 1 1 1 1 1
"083_Group83" 1 1 1 1 1
"084_Group84" 1 1 1 1 1
"085_Group85" 1 1 1 1 1
"086_Group86" 1 1 1 1 1
"087_Group87" 1 1 1 1 1
"088_Group88" 1 1 1 1 1
"089_Group89" 1 1 1 1 1
"090_Group90" 1 1 1 1 1
"091_Group91" 1 1 1 1 1
"092_Group92" 1 1 1 1 1
"093_Group93" 1 1 1 1 1
"094_Group94" 1 1 1 1 1
"095_Group95" 1 1 1 1 1

"<<<<<< Number of Samples per Acquisition Interval [1unit=500values] >>>>>>"
Time[m] 2 4 6 8 10 
#Samples 2 2 2 2 2 

"<<<<<< Average Temperature [°C] >>>>>>"
Time[m] 2 4 6 8 10 
Temp[°C] 21.7 21.8 21.8 21.8 21.8 

"<<<<<< Well Activity >>>>>>"
Well Group/Time[m] 2 4 6 8 10
A1 "000_Group0" 8 4 2 4 11
B1 "001_Group1" 2 2 0 0 0
C1 "002_Group2" 2 1 0 0 0
D1 "003_Group3" 2 0 1 2 1
E1 "004_Group4" 0 0 0 0 0
F1 "005_Group5" 7 0 0 0 0
G1 "006_Group6" 1 5 10 1 2
H1 "007_Group7" 11 10 8 2 1
A2 "008_Group8" 30 17 19 15 14
B2 "009_Group9" 32 25 27 17 7
C2 "010_Group10" 32 32 20 15 18
D2 "011_Group11" 23 23 31 31 19
E2 "012_Group12" 22 21 39 16 33
F2 "013_Group13" 14 13 7 11 8
G2 "014_Group14" 25 16 12 12 7
H2 "015_Group15" 32 28 27 35 31
A3 "016_Group16" 1 0 3 0 0
B3 "017_Group17" 4 5 0 0 4
C3 "018_Group18" 3 4 0 0 5
D3 "019_Group19" 0 2 7 17 12
E3 "020_Group20" 0 0 1 0 0
F3 "021_Group21" 3 4 1 1 0
G3 "022_Group22" 0 5 1 0 1
H3 "023_Group23" 0 0 0 1 0
A4 "024_Group24" 44 34 38 19 22
B4 "025_Group25" 24 25 22 30 18
C4 "026_Group26" 0 0 0 0 0
D4 "027_Group27" 13 19 9 7 7
E4 "028_Group28" 22 26 21 31 17
F4 "029_Group29" 42 38 34 18 13
G4 "030_Group30" 32 27 6 7 15
H4 "031_Group31" 12 11 10 11 11
A5 "032_Group32" 2 5 3 2 3
B5 "033_Group33" 2 0 0 1 0
C5 "034_Group34" 0 1 2 0 0
D5 "035_Group35" 1 0 1 3 7
E5 "036_Group36" 1 2 1 7 2
F5 "037_Group37" 14 5 15 7 7
G5 "038_Group38" 0 0 1 2 0
H5 "039_Group39" 0 4 2 2 4
A6 "040_Group40" 1 0 4 0 1
B6 "041_Group41" 0 0 0 0 0
C6 "042_Group42" 0 0 0 0 0
D6 "043_Group43" 0 0 0 0 0
E6 "044_Group44" 0 0 0 0 0
F6 "045_Group45" 0 0 0 0 0
G6 "046_Group46" 0 0 1 5 2
H6 "047_Group47" 0 2 0 0 0
A7 "048_Group48" 36 23 24 12 14
B7 "049_Group49" 12 21 14 5 9
C7 "050_Group50" 10 8 9 19 7
D7 "051_Group51" 25 17 27 31 13
E7 "052_Group52" 10 10 13 5 12
F7 "053_Group53" 9 13 7 9 12
G7 "054_Group54" 13 11 23 27 17
H7 "055_Group55" 17 16 16 12 12
A8 "056_Group56" 37 39 23 13 14
B8 "057_Group57" 38 31 13 13 12
C8 "058_Group58" 43 37 23 29 13
D8 "059_Group59" 26 26 23 24 26
E8 "060_Group60" 18 13 12 8 7
F8 "061_Group61" 30 29 18 15 12
G8 "062_Group62" 15 22 13 12 6
H8 "063_Group63" 32 21 12 28 9
A9 "064_Group64" 28 29 37 23 30
B9 "065_Group65" 24 26 21 21 16
C9 "066_Group66" 17 24 37 34 24
D9 "067_Group67" 20 32 30 13 15
E9 "068_Group68" 22 31 41 29 22
F9 "069_Group69" 16 15 13 21 15
G9 "070_Group70" 19 16 21 10 14
H9 "071_Group71" 49 33 39 20 16
A10 "072_Group72" 2 0 3 4 1
B10 "073_Group73" 2 11 6 6 3
C10 "074_Group74" 7 3 0 0 3
D10 "075_Group75" 1 3 7 4 2
E10 "076_Group76" 0 0 1 0 0
F10 "077_Group77" 0 0 0 0 0
G10 "078_Group78" 2 1 1 0 3
H10 "079_Group79" 0 0 0 0 1
A11 "080_Group80" 18 23 14 21 11
B11 "081_Group81" 0 0 0 0 0
C11 "082_Group82" 13 9 18 12 10
D11 "083_Group83" 8 13 13 12 18
E11 "084_Group84" 8 14 12 11 14
F11 "085_Group85" 15 17 12 8 18
G11 "086_Group86" 16 10 11 10 12
H11 "087_Group87" 13 13 9 15 11
A12 "088_Group88" 0 0 0 0 0
B12 "089_Group89" 3 2 5 5 2
C12 "090_Group90" 0 0 0 0 0
D12 "091_Group91" 0 0 0 1 3
E12 "092_Group92" 0 0 0 0 0
F12 "093_Group93" 0 0 0 0 0
G12 "094_Group94" 0 1 0 0 1
H12 "095_Group95" 0 0 0 0 0

"<<<<<< Channel Activity >>>>>>"
Channel Well Group/Time[m] 2 4 6 8 10
CH0 A1.0 "000_Group0" 8 4 2 4 11
CH2 B1.0 "001_Group1" 2 2 0 0 0
CH4 C1.0 "002_Group2" 2 1 0 0 0
CH6 D1.0 "003_Group3" 2 0 1 2 1
CH8 E1.0 "004_Group4" 0 0 0 0 0
CH10 F1.0 "005_Group5" 7 0 0 0 0
CH12 G1.0 "006_Group6" 1 5 10 1 2
CH14 H1.0 "007_Group7" 11 10 8 2 1
CH32 A2.0 "008_Group8" 30 17 19 15 14
CH34 B2.0 "009_Group9" 32 25 27 17 7
CH36 C2.0 "010_Group10" 32 32 20 15 18
CH38 D2.0 "011_Group11" 23 23 31 31 19
CH40 E2.0 "012_Group12" 22 21 39 16 33
CH42 F2.0 "013_Group13" 14 13 7 11 8
CH44 G2.0 "014_Group14" 25 16 12 12 7
CH46 H2.0 "015_Group15" 32 28 27 35 31
CH64 A3.0 "016_Group16" 1 0 3 0 0
CH66 B3.0 "017_Group17" 4 5 0 0 4
CH68 C3.0 "018_Group18" 3 4 0 0 5
CH70 D3.0 "019_Group19" 0 2 7 17 12
CH72 E3.0 "020_Group20" 0 0 1 0 0
CH74 F3.0 "021_Group21" 3 4 1 1 0
CH76 G3.0 "022_Group22" 0 5 1 0 1
CH78 H3.0 "023_Group23" 0 0 0 1 0
CH96 A4.0 "024_Group24" 44 34 38 19 22
CH98 B4.0 "025_Group25" 24 25 22 30 18
CH100 C4.0 "026_Group26" 0 0 0 0 0
CH102 D4.0 "027_Group27" 13 19 9 7 7
CH104 E4.0 "028_Group28" 22 26 21 31 17
CH106 F4.0 "029_Group29" 42 38 34 18 13
CH108 G4.0 "030_Group30" 32 27 6 7 15
CH110 H4.0 "031_Group31" 12 11 10 11 11
CH128 A5.0 "032_Group32" 2 5 3 2 3
CH130 B5.0 "033_Group33" 2 0 0 1 0
CH132 C5.0 "034_Group34" 0 1 2 0 0
CH134 D5.0 "035_Group35" 1 0 1 3 7
CH136 E5.0 "036_Group36" 1 2 1 7 2
CH138 F5.0 "037_Group37" 14 5 15 7 7
CH140 G5.0 "038_Group38" 0 0 1 2 0
CH142 H5.0 "039_Group39" 0 4 2 2 4
CH160 A6.0 "040_Group40" 1 0 4 0 1
CH162 B6.0 "041_Group41" 0 0 0 0 0
CH164 C6.0 "042_Group42" 0 0 0 0 0
CH166 D6.0 "043_Group43" 0 0 0 0 0
CH168 E6.0 "044_Group44" 0 0 0 0 0
CH170 F6.0 "045_Group45" 0 0 0 0 0
CH172 G6.0 "046_Group46" 0 0 1 5 2
CH174 H6.0 "047_Group47" 0 2 0 0 0
CH192 A7.0 "048_Group48" 36 23 24 12 14
CH194 B7.0 "049_Group49" 12 21 14 5 9
CH196 C7.0 "050_Group50" 10 8 9 19 7
CH198 D7.0 "051_Group51" 25 17 27 31 13
CH200 E7.0 "052_Group52" 10 10 13 5 12
CH202 F7.0 "053_Group53" 9 13 7 9 12
CH204 G7.0 "054_Group54" 13 11 23 27 17
CH206 H7.0 "055_Group55" 17 16 16 12 12
CH224 A8.0 "056_Group56" 37 39 23 13 14
CH226 B8.0 "057_Group57" 38 31 13 13 12
CH228 C8.0 "058_Group58" 43 37 23 29 13
CH230 D8.0 "059_Group59" 26 26 23 24 26
CH232 E8.0 "060_Group60" 18 13 12 8 7
CH234 F8.0 "061_Group61" 30 29 18 15 12
CH236 G8.0 "062_Group62" 15 22 13 12 6
CH238 H8.0 "063_Group63" 32 21 12 28 9
CH256 A9.0 "064_Group64" 28 29 37 23 30
CH258 B9.0 "065_Group65" 24 26 21 21 16
CH260 C9.0 "066_Group66" 17 24 37 34 24
CH262 D9.0 "067_Group67" 20 32 30 13 15
CH264 E9.0 "068_Group68" 22 31 41 29 22
CH266 F9.0 "069_Group69" 16 15 13 21 15
CH268 G9.0 "070_Group70" 19 16 21 10 14
CH270 H9.0 "071_Group71" 49 33 39 20 16
CH288 A10.0 "072_Group72" 2 0 3 4 1
CH290 B10.0 "073_Group73" 2 11 6 6 3
CH292 C10.0 "074_Group74" 7 3 0 0 3
CH294 D10.0 "075_Group75" 1 3 7 4 2
CH296 E10.0 "076_Group76" 0 0 1 0 0
CH298 F10.0 "077_Group77" 0 0 0 0 0
CH300 G10.0 "078_Group78" 2 1 1 0 3
CH302 H10.0 "079_Group79" 0 0 0 0 1
CH320 A11.0 "080_Group80" 18 23 14 21 11
CH322 B11.0 "081_Group81" 0 0 0 0 0
CH324 C11.0 "082_Group82" 13 9 18 12 10
CH326 D11.0 "083_Group83" 8 13 13 12 18
CH328 E11.0 "084_Group84" 8 14 12 11 14
CH330 F11.0 "085_Group85" 15 17 12 8 18
CH332 G11.0 "086_Group86" 16 10 11 10 12
CH334 H11.0 "087_Group87" 13 13 9 15 11
CH352 A12.0 "088_Group88" 0 0 0 0 0
CH354 B12.0 "089_Group89" 3 2 5 5 2
CH356 C12.0 "090_Group90" 0 0 0 0 0
CH358 D12.0 "091_Group91" 0 0 0 1 3
CH360 E12.0 "092_Group92" 0 0 0 0 0
CH362 F12.0 "093_Group93" 0 0 0 0 0
CH364 G12.0 "094_Group94" 0 1 0 0 1
CH366 H12.0 "095_Group95" 0 0 0 0 0
