"DATE:" "1/29/2015 10:12:46 AM"
"FILE:" "C:\Users\AndersenLab\Desktop\wmicrotracker\p00011\20150129_0954"
"SUBPROJECT:" "20150129_Longevity_3_4mgmL"

"<<<<<< Group Activity: Average Activity Counts per Data Interval>>>>>>"
Group/Time[m] 2 4 6 8 10
"000_Group0" 35 32 17 19 20
"001_Group1" 33 29 40 45 31
"002_Group2" 33 27 26 18 24
"003_Group3" 46 39 34 25 22
"004_Group4" 23 24 37 35 24
"005_Group5" 32 27 33 33 25
"006_Group6" 14 37 44 37 37
"007_Group7" 24 30 28 15 25
"008_Group8" 18 14 27 12 17
"009_Group9" 30 19 19 19 23
"010_Group10" 20 22 32 48 36
"011_Group11" 20 20 27 19 19
"012_Group12" 11 28 14 16 26
"013_Group13" 23 19 29 37 37
"014_Group14" 22 20 17 25 36
"015_Group15" 23 24 15 23 31
"016_Group16" 23 22 29 16 20
"017_Group17" 23 20 27 26 25
"018_Group18" 30 15 36 19 29
"019_Group19" 22 26 16 24 12
"020_Group20" 27 23 17 11 20
"021_Group21" 22 24 24 25 15
"022_Group22" 26 15 28 27 25
"023_Group23" 20 14 24 21 24
"024_Group24" 24 13 28 16 15
"025_Group25" 9 14 12 19 21
"026_Group26" 14 14 24 30 17
"027_Group27" 20 23 26 21 22
"028_Group28" 23 36 14 26 16
"029_Group29" 24 18 26 22 29
"030_Group30" 35 17 12 19 21
"031_Group31" 17 20 16 22 15
"032_Group32" 43 42 44 43 36
"033_Group33" 43 24 33 28 23
"034_Group34" 29 37 18 24 37
"035_Group35" 32 28 39 35 34
"036_Group36" 40 36 24 28 42
"037_Group37" 31 41 22 33 39
"038_Group38" 19 22 27 30 22
"039_Group39" 22 18 21 20 31
"040_Group40" 35 43 25 30 33
"041_Group41" 26 25 29 28 27
"042_Group42" 28 31 40 35 30
"043_Group43" 34 33 26 46 46
"044_Group44" 32 24 37 32 26
"045_Group45" 39 28 21 52 43
"046_Group46" 44 37 34 28 41
"047_Group47" 32 30 26 36 34
"048_Group48" 30 38 35 44 43
"049_Group49" 26 24 22 32 42
"050_Group50" 43 38 36 33 31
"051_Group51" 35 23 18 42 64
"052_Group52" 38 32 32 37 49
"053_Group53" 35 52 34 41 29
"054_Group54" 52 48 46 53 34
"055_Group55" 32 33 45 37 30
"056_Group56" 16 28 11 22 25
"057_Group57" 22 17 15 21 14
"058_Group58" 19 17 20 16 22
"059_Group59" 21 24 25 19 20
"060_Group60" 8 17 15 14 12
"061_Group61" 17 20 14 15 10
"062_Group62" 19 14 14 15 10
"063_Group63" 20 16 14 22 20
"064_Group64" 23 24 35 22 27
"065_Group65" 29 14 25 26 21
"066_Group66" 29 21 22 16 32
"067_Group67" 29 40 42 19 16
"068_Group68" 30 15 19 17 16
"069_Group69" 31 42 27 20 24
"070_Group70" 48 49 44 37 35
"071_Group71" 30 38 44 45 21
"072_Group72" 10 20 21 17 14
"073_Group73" 26 28 27 27 18
"074_Group74" 20 18 24 30 12
"075_Group75" 16 21 14 16 20
"076_Group76" 19 15 22 16 24
"077_Group77" 5 21 23 17 16
"078_Group78" 13 12 13 18 18
"079_Group79" 14 16 22 22 15
"080_Group80" 15 26 22 25 21
"081_Group81" 13 22 22 17 24
"082_Group82" 19 20 22 19 24
"083_Group83" 17 18 27 12 15
"084_Group84" 22 15 18 26 30
"085_Group85" 38 10 26 27 25
"086_Group86" 31 22 21 25 15
"087_Group87" 17 23 16 16 20
"088_Group88" 19 17 13 25 26
"089_Group89" 26 34 22 30 40
"090_Group90" 32 27 26 22 28
"091_Group91" 33 23 33 23 28
"092_Group92" 28 35 29 31 26
"093_Group93" 11 21 22 16 23
"094_Group94" 29 12 17 26 25
"095_Group95" 13 13 18 31 29

"<<<<<< Group Activity: Number of wells/group >>>>>>"
Group/Time[m] 2 4 6 8 10
"000_Group0" 1 1 1 1 1
"001_Group1" 1 1 1 1 1
"002_Group2" 1 1 1 1 1
"003_Group3" 1 1 1 1 1
"004_Group4" 1 1 1 1 1
"005_Group5" 1 1 1 1 1
"006_Group6" 1 1 1 1 1
"007_Group7" 1 1 1 1 1
"008_Group8" 1 1 1 1 1
"009_Group9" 1 1 1 1 1
"010_Group10" 1 1 1 1 1
"011_Group11" 1 1 1 1 1
"012_Group12" 1 1 1 1 1
"013_Group13" 1 1 1 1 1
"014_Group14" 1 1 1 1 1
"015_Group15" 1 1 1 1 1
"016_Group16" 1 1 1 1 1
"017_Group17" 1 1 1 1 1
"018_Group18" 1 1 1 1 1
"019_Group19" 1 1 1 1 1
"020_Group20" 1 1 1 1 1
"021_Group21" 1 1 1 1 1
"022_Group22" 1 1 1 1 1
"023_Group23" 1 1 1 1 1
"024_Group24" 1 1 1 1 1
"025_Group25" 1 1 1 1 1
"026_Group26" 1 1 1 1 1
"027_Group27" 1 1 1 1 1
"028_Group28" 1 1 1 1 1
"029_Group29" 1 1 1 1 1
"030_Group30" 1 1 1 1 1
"031_Group31" 1 1 1 1 1
"032_Group32" 1 1 1 1 1
"033_Group33" 1 1 1 1 1
"034_Group34" 1 1 1 1 1
"035_Group35" 1 1 1 1 1
"036_Group36" 1 1 1 1 1
"037_Group37" 1 1 1 1 1
"038_Group38" 1 1 1 1 1
"039_Group39" 1 1 1 1 1
"040_Group40" 1 1 1 1 1
"041_Group41" 1 1 1 1 1
"042_Group42" 1 1 1 1 1
"043_Group43" 1 1 1 1 1
"044_Group44" 1 1 1 1 1
"045_Group45" 1 1 1 1 1
"046_Group46" 1 1 1 1 1
"047_Group47" 1 1 1 1 1
"048_Group48" 1 1 1 1 1
"049_Group49" 1 1 1 1 1
"050_Group50" 1 1 1 1 1
"051_Group51" 1 1 1 1 1
"052_Group52" 1 1 1 1 1
"053_Group53" 1 1 1 1 1
"054_Group54" 1 1 1 1 1
"055_Group55" 1 1 1 1 1
"056_Group56" 1 1 1 1 1
"057_Group57" 1 1 1 1 1
"058_Group58" 1 1 1 1 1
"059_Group59" 1 1 1 1 1
"060_Group60" 1 1 1 1 1
"061_Group61" 1 1 1 1 1
"062_Group62" 1 1 1 1 1
"063_Group63" 1 1 1 1 1
"064_Group64" 1 1 1 1 1
"065_Group65" 1 1 1 1 1
"066_Group66" 1 1 1 1 1
"067_Group67" 1 1 1 1 1
"068_Group68" 1 1 1 1 1
"069_Group69" 1 1 1 1 1
"070_Group70" 1 1 1 1 1
"071_Group71" 1 1 1 1 1
"072_Group72" 1 1 1 1 1
"073_Group73" 1 1 1 1 1
"074_Group74" 1 1 1 1 1
"075_Group75" 1 1 1 1 1
"076_Group76" 1 1 1 1 1
"077_Group77" 1 1 1 1 1
"078_Group78" 1 1 1 1 1
"079_Group79" 1 1 1 1 1
"080_Group80" 1 1 1 1 1
"081_Group81" 1 1 1 1 1
"082_Group82" 1 1 1 1 1
"083_Group83" 1 1 1 1 1
"084_Group84" 1 1 1 1 1
"085_Group85" 1 1 1 1 1
"086_Group86" 1 1 1 1 1
"087_Group87" 1 1 1 1 1
"088_Group88" 1 1 1 1 1
"089_Group89" 1 1 1 1 1
"090_Group90" 1 1 1 1 1
"091_Group91" 1 1 1 1 1
"092_Group92" 1 1 1 1 1
"093_Group93" 1 1 1 1 1
"094_Group94" 1 1 1 1 1
"095_Group95" 1 1 1 1 1

"<<<<<< Number of Samples per Acquisition Interval [1unit=500values] >>>>>>"
Time[m] 2 4 6 8 10 
#Samples 2 2 2 2 2 

"<<<<<< Average Temperature [°C] >>>>>>"
Time[m] 2 4 6 8 10 
Temp[°C] 22.2 22.4 22.4 22.5 22.5 

"<<<<<< Well Activity >>>>>>"
Well Group/Time[m] 2 4 6 8 10
A1 "000_Group0" 35 32 17 19 20
B1 "001_Group1" 33 29 40 45 31
C1 "002_Group2" 33 27 26 18 24
D1 "003_Group3" 46 39 34 25 22
E1 "004_Group4" 23 24 37 35 24
F1 "005_Group5" 32 27 33 33 25
G1 "006_Group6" 14 37 44 37 37
H1 "007_Group7" 24 30 28 15 25
A2 "008_Group8" 18 14 27 12 17
B2 "009_Group9" 30 19 19 19 23
C2 "010_Group10" 20 22 32 48 36
D2 "011_Group11" 20 20 27 19 19
E2 "012_Group12" 11 28 14 16 26
F2 "013_Group13" 23 19 29 37 37
G2 "014_Group14" 22 20 17 25 36
H2 "015_Group15" 23 24 15 23 31
A3 "016_Group16" 23 22 29 16 20
B3 "017_Group17" 23 20 27 26 25
C3 "018_Group18" 30 15 36 19 29
D3 "019_Group19" 22 26 16 24 12
E3 "020_Group20" 27 23 17 11 20
F3 "021_Group21" 22 24 24 25 15
G3 "022_Group22" 26 15 28 27 25
H3 "023_Group23" 20 14 24 21 24
A4 "024_Group24" 24 13 28 16 15
B4 "025_Group25" 9 14 12 19 21
C4 "026_Group26" 14 14 24 30 17
D4 "027_Group27" 20 23 26 21 22
E4 "028_Group28" 23 36 14 26 16
F4 "029_Group29" 24 18 26 22 29
G4 "030_Group30" 35 17 12 19 21
H4 "031_Group31" 17 20 16 22 15
A5 "032_Group32" 43 42 44 43 36
B5 "033_Group33" 43 24 33 28 23
C5 "034_Group34" 29 37 18 24 37
D5 "035_Group35" 32 28 39 35 34
E5 "036_Group36" 40 36 24 28 42
F5 "037_Group37" 31 41 22 33 39
G5 "038_Group38" 19 22 27 30 22
H5 "039_Group39" 22 18 21 20 31
A6 "040_Group40" 35 43 25 30 33
B6 "041_Group41" 26 25 29 28 27
C6 "042_Group42" 28 31 40 35 30
D6 "043_Group43" 34 33 26 46 46
E6 "044_Group44" 32 24 37 32 26
F6 "045_Group45" 39 28 21 52 43
G6 "046_Group46" 44 37 34 28 41
H6 "047_Group47" 32 30 26 36 34
A7 "048_Group48" 30 38 35 44 43
B7 "049_Group49" 26 24 22 32 42
C7 "050_Group50" 43 38 36 33 31
D7 "051_Group51" 35 23 18 42 64
E7 "052_Group52" 38 32 32 37 49
F7 "053_Group53" 35 52 34 41 29
G7 "054_Group54" 52 48 46 53 34
H7 "055_Group55" 32 33 45 37 30
A8 "056_Group56" 16 28 11 22 25
B8 "057_Group57" 22 17 15 21 14
C8 "058_Group58" 19 17 20 16 22
D8 "059_Group59" 21 24 25 19 20
E8 "060_Group60" 8 17 15 14 12
F8 "061_Group61" 17 20 14 15 10
G8 "062_Group62" 19 14 14 15 10
H8 "063_Group63" 20 16 14 22 20
A9 "064_Group64" 23 24 35 22 27
B9 "065_Group65" 29 14 25 26 21
C9 "066_Group66" 29 21 22 16 32
D9 "067_Group67" 29 40 42 19 16
E9 "068_Group68" 30 15 19 17 16
F9 "069_Group69" 31 42 27 20 24
G9 "070_Group70" 48 49 44 37 35
H9 "071_Group71" 30 38 44 45 21
A10 "072_Group72" 10 20 21 17 14
B10 "073_Group73" 26 28 27 27 18
C10 "074_Group74" 20 18 24 30 12
D10 "075_Group75" 16 21 14 16 20
E10 "076_Group76" 19 15 22 16 24
F10 "077_Group77" 5 21 23 17 16
G10 "078_Group78" 13 12 13 18 18
H10 "079_Group79" 14 16 22 22 15
A11 "080_Group80" 15 26 22 25 21
B11 "081_Group81" 13 22 22 17 24
C11 "082_Group82" 19 20 22 19 24
D11 "083_Group83" 17 18 27 12 15
E11 "084_Group84" 22 15 18 26 30
F11 "085_Group85" 38 10 26 27 25
G11 "086_Group86" 31 22 21 25 15
H11 "087_Group87" 17 23 16 16 20
A12 "088_Group88" 19 17 13 25 26
B12 "089_Group89" 26 34 22 30 40
C12 "090_Group90" 32 27 26 22 28
D12 "091_Group91" 33 23 33 23 28
E12 "092_Group92" 28 35 29 31 26
F12 "093_Group93" 11 21 22 16 23
G12 "094_Group94" 29 12 17 26 25
H12 "095_Group95" 13 13 18 31 29

"<<<<<< Channel Activity >>>>>>"
Channel Well Group/Time[m] 2 4 6 8 10
CH0 A1.0 "000_Group0" 35 32 17 19 20
CH2 B1.0 "001_Group1" 33 29 40 45 31
CH4 C1.0 "002_Group2" 33 27 26 18 24
CH6 D1.0 "003_Group3" 46 39 34 25 22
CH8 E1.0 "004_Group4" 23 24 37 35 24
CH10 F1.0 "005_Group5" 32 27 33 33 25
CH12 G1.0 "006_Group6" 14 37 44 37 37
CH14 H1.0 "007_Group7" 24 30 28 15 25
CH32 A2.0 "008_Group8" 18 14 27 12 17
CH34 B2.0 "009_Group9" 30 19 19 19 23
CH36 C2.0 "010_Group10" 20 22 32 48 36
CH38 D2.0 "011_Group11" 20 20 27 19 19
CH40 E2.0 "012_Group12" 11 28 14 16 26
CH42 F2.0 "013_Group13" 23 19 29 37 37
CH44 G2.0 "014_Group14" 22 20 17 25 36
CH46 H2.0 "015_Group15" 23 24 15 23 31
CH64 A3.0 "016_Group16" 23 22 29 16 20
CH66 B3.0 "017_Group17" 23 20 27 26 25
CH68 C3.0 "018_Group18" 30 15 36 19 29
CH70 D3.0 "019_Group19" 22 26 16 24 12
CH72 E3.0 "020_Group20" 27 23 17 11 20
CH74 F3.0 "021_Group21" 22 24 24 25 15
CH76 G3.0 "022_Group22" 26 15 28 27 25
CH78 H3.0 "023_Group23" 20 14 24 21 24
CH96 A4.0 "024_Group24" 24 13 28 16 15
CH98 B4.0 "025_Group25" 9 14 12 19 21
CH100 C4.0 "026_Group26" 14 14 24 30 17
CH102 D4.0 "027_Group27" 20 23 26 21 22
CH104 E4.0 "028_Group28" 23 36 14 26 16
CH106 F4.0 "029_Group29" 24 18 26 22 29
CH108 G4.0 "030_Group30" 35 17 12 19 21
CH110 H4.0 "031_Group31" 17 20 16 22 15
CH128 A5.0 "032_Group32" 43 42 44 43 36
CH130 B5.0 "033_Group33" 43 24 33 28 23
CH132 C5.0 "034_Group34" 29 37 18 24 37
CH134 D5.0 "035_Group35" 32 28 39 35 34
CH136 E5.0 "036_Group36" 40 36 24 28 42
CH138 F5.0 "037_Group37" 31 41 22 33 39
CH140 G5.0 "038_Group38" 19 22 27 30 22
CH142 H5.0 "039_Group39" 22 18 21 20 31
CH160 A6.0 "040_Group40" 35 43 25 30 33
CH162 B6.0 "041_Group41" 26 25 29 28 27
CH164 C6.0 "042_Group42" 28 31 40 35 30
CH166 D6.0 "043_Group43" 34 33 26 46 46
CH168 E6.0 "044_Group44" 32 24 37 32 26
CH170 F6.0 "045_Group45" 39 28 21 52 43
CH172 G6.0 "046_Group46" 44 37 34 28 41
CH174 H6.0 "047_Group47" 32 30 26 36 34
CH192 A7.0 "048_Group48" 30 38 35 44 43
CH194 B7.0 "049_Group49" 26 24 22 32 42
CH196 C7.0 "050_Group50" 43 38 36 33 31
CH198 D7.0 "051_Group51" 35 23 18 42 64
CH200 E7.0 "052_Group52" 38 32 32 37 49
CH202 F7.0 "053_Group53" 35 52 34 41 29
CH204 G7.0 "054_Group54" 52 48 46 53 34
CH206 H7.0 "055_Group55" 32 33 45 37 30
CH224 A8.0 "056_Group56" 16 28 11 22 25
CH226 B8.0 "057_Group57" 22 17 15 21 14
CH228 C8.0 "058_Group58" 19 17 20 16 22
CH230 D8.0 "059_Group59" 21 24 25 19 20
CH232 E8.0 "060_Group60" 8 17 15 14 12
CH234 F8.0 "061_Group61" 17 20 14 15 10
CH236 G8.0 "062_Group62" 19 14 14 15 10
CH238 H8.0 "063_Group63" 20 16 14 22 20
CH256 A9.0 "064_Group64" 23 24 35 22 27
CH258 B9.0 "065_Group65" 29 14 25 26 21
CH260 C9.0 "066_Group66" 29 21 22 16 32
CH262 D9.0 "067_Group67" 29 40 42 19 16
CH264 E9.0 "068_Group68" 30 15 19 17 16
CH266 F9.0 "069_Group69" 31 42 27 20 24
CH268 G9.0 "070_Group70" 48 49 44 37 35
CH270 H9.0 "071_Group71" 30 38 44 45 21
CH288 A10.0 "072_Group72" 10 20 21 17 14
CH290 B10.0 "073_Group73" 26 28 27 27 18
CH292 C10.0 "074_Group74" 20 18 24 30 12
CH294 D10.0 "075_Group75" 16 21 14 16 20
CH296 E10.0 "076_Group76" 19 15 22 16 24
CH298 F10.0 "077_Group77" 5 21 23 17 16
CH300 G10.0 "078_Group78" 13 12 13 18 18
CH302 H10.0 "079_Group79" 14 16 22 22 15
CH320 A11.0 "080_Group80" 15 26 22 25 21
CH322 B11.0 "081_Group81" 13 22 22 17 24
CH324 C11.0 "082_Group82" 19 20 22 19 24
CH326 D11.0 "083_Group83" 17 18 27 12 15
CH328 E11.0 "084_Group84" 22 15 18 26 30
CH330 F11.0 "085_Group85" 38 10 26 27 25
CH332 G11.0 "086_Group86" 31 22 21 25 15
CH334 H11.0 "087_Group87" 17 23 16 16 20
CH352 A12.0 "088_Group88" 19 17 13 25 26
CH354 B12.0 "089_Group89" 26 34 22 30 40
CH356 C12.0 "090_Group90" 32 27 26 22 28
CH358 D12.0 "091_Group91" 33 23 33 23 28
CH360 E12.0 "092_Group92" 28 35 29 31 26
CH362 F12.0 "093_Group93" 11 21 22 16 23
CH364 G12.0 "094_Group94" 29 12 17 26 25
CH366 H12.0 "095_Group95" 13 13 18 31 29
