"DATE:" "2/19/2015 8:42:47 AM"
"FILE:" "C:\Users\AndersenLab\Desktop\wmicrotracker\p00011\20150219_0831"
"SUBPROJECT:" "20150219_Longevity_4_3mgmL"

"<<<<<< Group Activity: Average Activity Counts per Data Interval>>>>>>"
Group/Time[m] 2 4 6 8 10
"000_Group0" 22 18 17 13 19
"001_Group1" 21 27 22 25 20
"002_Group2" 30 30 22 22 16
"003_Group3" 25 25 24 49 31
"004_Group4" 28 30 33 19 29
"005_Group5" 45 22 18 24 24
"006_Group6" 17 35 8 20 12
"007_Group7" 36 32 23 13 23
"008_Group8" 32 39 33 26 22
"009_Group9" 42 38 36 27 40
"010_Group10" 19 29 22 39 33
"011_Group11" 30 28 31 30 32
"012_Group12" 14 40 29 27 32
"013_Group13" 25 22 33 38 35
"014_Group14" 32 29 27 49 46
"015_Group15" 36 35 40 47 35
"016_Group16" 28 26 34 29 21
"017_Group17" 19 17 20 12 33
"018_Group18" 20 8 29 18 13
"019_Group19" 0 0 0 0 0
"020_Group20" 25 33 30 27 27
"021_Group21" 2 5 8 24 17
"022_Group22" 35 29 23 39 19
"023_Group23" 26 45 32 27 33
"024_Group24" 9 11 10 13 9
"025_Group25" 13 21 17 17 12
"026_Group26" 24 28 30 26 19
"027_Group27" 47 40 21 32 21
"028_Group28" 36 20 18 16 32
"029_Group29" 24 26 9 21 20
"030_Group30" 3 26 23 23 18
"031_Group31" 29 36 29 37 25
"032_Group32" 41 27 17 22 23
"033_Group33" 47 30 31 40 28
"034_Group34" 56 29 40 44 36
"035_Group35" 33 44 29 24 32
"036_Group36" 31 29 21 18 19
"037_Group37" 27 35 35 39 31
"038_Group38" 39 40 41 30 38
"039_Group39" 13 17 20 24 11
"040_Group40" 14 28 28 32 23
"041_Group41" 19 40 17 33 39
"042_Group42" 25 22 28 20 18
"043_Group43" 29 17 19 22 40
"044_Group44" 28 24 15 26 30
"045_Group45" 20 18 16 33 33
"046_Group46" 33 42 41 23 33
"047_Group47" 28 27 17 31 23
"048_Group48" 11 12 14 37 33
"049_Group49" 28 37 32 48 32
"050_Group50" 46 46 46 35 32
"051_Group51" 38 25 24 20 26
"052_Group52" 48 36 23 45 33
"053_Group53" 42 46 42 40 42
"054_Group54" 39 49 43 38 30
"055_Group55" 32 46 45 42 20
"056_Group56" 50 44 37 22 28
"057_Group57" 16 15 20 22 24
"058_Group58" 24 18 21 22 24
"059_Group59" 37 37 35 21 20
"060_Group60" 27 30 30 30 17
"061_Group61" 21 16 26 14 25
"062_Group62" 35 32 27 33 26
"063_Group63" 27 36 33 27 30
"064_Group64" 36 37 28 36 27
"065_Group65" 17 25 35 43 31
"066_Group66" 0 0 0 0 0
"067_Group67" 30 45 42 45 49
"068_Group68" 0 0 0 0 0
"069_Group69" 21 27 37 51 33
"070_Group70" 31 37 47 51 44
"071_Group71" 22 34 35 32 34
"072_Group72" 23 31 13 18 22
"073_Group73" 22 41 37 26 32
"074_Group74" 26 38 25 20 28
"075_Group75" 39 26 27 20 35
"076_Group76" 19 26 30 43 19
"077_Group77" 20 46 43 38 16
"078_Group78" 10 27 13 11 36
"079_Group79" 28 25 21 28 28
"080_Group80" 24 16 29 29 15
"081_Group81" 21 31 22 24 18
"082_Group82" 24 21 32 27 21
"083_Group83" 7 12 19 18 23
"084_Group84" 18 19 30 26 27
"085_Group85" 29 23 17 27 23
"086_Group86" 16 18 19 21 20
"087_Group87" 13 27 18 21 24
"088_Group88" 22 18 22 25 24
"089_Group89" 22 42 32 30 29
"090_Group90" 23 49 25 19 31
"091_Group91" 23 11 27 42 34
"092_Group92" 19 18 28 40 29
"093_Group93" 19 56 31 29 37
"094_Group94" 42 33 41 11 21
"095_Group95" 28 30 49 36 29

"<<<<<< Group Activity: Number of wells/group >>>>>>"
Group/Time[m] 2 4 6 8 10
"000_Group0" 1 1 1 1 1
"001_Group1" 1 1 1 1 1
"002_Group2" 1 1 1 1 1
"003_Group3" 1 1 1 1 1
"004_Group4" 1 1 1 1 1
"005_Group5" 1 1 1 1 1
"006_Group6" 1 1 1 1 1
"007_Group7" 1 1 1 1 1
"008_Group8" 1 1 1 1 1
"009_Group9" 1 1 1 1 1
"010_Group10" 1 1 1 1 1
"011_Group11" 1 1 1 1 1
"012_Group12" 1 1 1 1 1
"013_Group13" 1 1 1 1 1
"014_Group14" 1 1 1 1 1
"015_Group15" 1 1 1 1 1
"016_Group16" 1 1 1 1 1
"017_Group17" 1 1 1 1 1
"018_Group18" 1 1 1 1 1
"019_Group19" 1 1 1 1 1
"020_Group20" 1 1 1 1 1
"021_Group21" 1 1 1 1 1
"022_Group22" 1 1 1 1 1
"023_Group23" 1 1 1 1 1
"024_Group24" 1 1 1 1 1
"025_Group25" 1 1 1 1 1
"026_Group26" 1 1 1 1 1
"027_Group27" 1 1 1 1 1
"028_Group28" 1 1 1 1 1
"029_Group29" 1 1 1 1 1
"030_Group30" 1 1 1 1 1
"031_Group31" 1 1 1 1 1
"032_Group32" 1 1 1 1 1
"033_Group33" 1 1 1 1 1
"034_Group34" 1 1 1 1 1
"035_Group35" 1 1 1 1 1
"036_Group36" 1 1 1 1 1
"037_Group37" 1 1 1 1 1
"038_Group38" 1 1 1 1 1
"039_Group39" 1 1 1 1 1
"040_Group40" 1 1 1 1 1
"041_Group41" 1 1 1 1 1
"042_Group42" 1 1 1 1 1
"043_Group43" 1 1 1 1 1
"044_Group44" 1 1 1 1 1
"045_Group45" 1 1 1 1 1
"046_Group46" 1 1 1 1 1
"047_Group47" 1 1 1 1 1
"048_Group48" 1 1 1 1 1
"049_Group49" 1 1 1 1 1
"050_Group50" 1 1 1 1 1
"051_Group51" 1 1 1 1 1
"052_Group52" 1 1 1 1 1
"053_Group53" 1 1 1 1 1
"054_Group54" 1 1 1 1 1
"055_Group55" 1 1 1 1 1
"056_Group56" 1 1 1 1 1
"057_Group57" 1 1 1 1 1
"058_Group58" 1 1 1 1 1
"059_Group59" 1 1 1 1 1
"060_Group60" 1 1 1 1 1
"061_Group61" 1 1 1 1 1
"062_Group62" 1 1 1 1 1
"063_Group63" 1 1 1 1 1
"064_Group64" 1 1 1 1 1
"065_Group65" 1 1 1 1 1
"066_Group66" 1 1 1 1 1
"067_Group67" 1 1 1 1 1
"068_Group68" 1 1 1 1 1
"069_Group69" 1 1 1 1 1
"070_Group70" 1 1 1 1 1
"071_Group71" 1 1 1 1 1
"072_Group72" 1 1 1 1 1
"073_Group73" 1 1 1 1 1
"074_Group74" 1 1 1 1 1
"075_Group75" 1 1 1 1 1
"076_Group76" 1 1 1 1 1
"077_Group77" 1 1 1 1 1
"078_Group78" 1 1 1 1 1
"079_Group79" 1 1 1 1 1
"080_Group80" 1 1 1 1 1
"081_Group81" 1 1 1 1 1
"082_Group82" 1 1 1 1 1
"083_Group83" 1 1 1 1 1
"084_Group84" 1 1 1 1 1
"085_Group85" 1 1 1 1 1
"086_Group86" 1 1 1 1 1
"087_Group87" 1 1 1 1 1
"088_Group88" 1 1 1 1 1
"089_Group89" 1 1 1 1 1
"090_Group90" 1 1 1 1 1
"091_Group91" 1 1 1 1 1
"092_Group92" 1 1 1 1 1
"093_Group93" 1 1 1 1 1
"094_Group94" 1 1 1 1 1
"095_Group95" 1 1 1 1 1

"<<<<<< Number of Samples per Acquisition Interval [1unit=500values] >>>>>>"
Time[m] 2 4 6 8 10 
#Samples 2 2 2 2 2 

"<<<<<< Average Temperature [°C] >>>>>>"
Time[m] 2 4 6 8 10 
Temp[°C] 19.8 19.8 19.8 19.8 19.8 

"<<<<<< Well Activity >>>>>>"
Well Group/Time[m] 2 4 6 8 10
A1 "000_Group0" 22 18 17 13 19
B1 "001_Group1" 21 27 22 25 20
C1 "002_Group2" 30 30 22 22 16
D1 "003_Group3" 25 25 24 49 31
E1 "004_Group4" 28 30 33 19 29
F1 "005_Group5" 45 22 18 24 24
G1 "006_Group6" 17 35 8 20 12
H1 "007_Group7" 36 32 23 13 23
A2 "008_Group8" 32 39 33 26 22
B2 "009_Group9" 42 38 36 27 40
C2 "010_Group10" 19 29 22 39 33
D2 "011_Group11" 30 28 31 30 32
E2 "012_Group12" 14 40 29 27 32
F2 "013_Group13" 25 22 33 38 35
G2 "014_Group14" 32 29 27 49 46
H2 "015_Group15" 36 35 40 47 35
A3 "016_Group16" 28 26 34 29 21
B3 "017_Group17" 19 17 20 12 33
C3 "018_Group18" 20 8 29 18 13
D3 "019_Group19" 0 0 0 0 0
E3 "020_Group20" 25 33 30 27 27
F3 "021_Group21" 2 5 8 24 17
G3 "022_Group22" 35 29 23 39 19
H3 "023_Group23" 26 45 32 27 33
A4 "024_Group24" 9 11 10 13 9
B4 "025_Group25" 13 21 17 17 12
C4 "026_Group26" 24 28 30 26 19
D4 "027_Group27" 47 40 21 32 21
E4 "028_Group28" 36 20 18 16 32
F4 "029_Group29" 24 26 9 21 20
G4 "030_Group30" 3 26 23 23 18
H4 "031_Group31" 29 36 29 37 25
A5 "032_Group32" 41 27 17 22 23
B5 "033_Group33" 47 30 31 40 28
C5 "034_Group34" 56 29 40 44 36
D5 "035_Group35" 33 44 29 24 32
E5 "036_Group36" 31 29 21 18 19
F5 "037_Group37" 27 35 35 39 31
G5 "038_Group38" 39 40 41 30 38
H5 "039_Group39" 13 17 20 24 11
A6 "040_Group40" 14 28 28 32 23
B6 "041_Group41" 19 40 17 33 39
C6 "042_Group42" 25 22 28 20 18
D6 "043_Group43" 29 17 19 22 40
E6 "044_Group44" 28 24 15 26 30
F6 "045_Group45" 20 18 16 33 33
G6 "046_Group46" 33 42 41 23 33
H6 "047_Group47" 28 27 17 31 23
A7 "048_Group48" 11 12 14 37 33
B7 "049_Group49" 28 37 32 48 32
C7 "050_Group50" 46 46 46 35 32
D7 "051_Group51" 38 25 24 20 26
E7 "052_Group52" 48 36 23 45 33
F7 "053_Group53" 42 46 42 40 42
G7 "054_Group54" 39 49 43 38 30
H7 "055_Group55" 32 46 45 42 20
A8 "056_Group56" 50 44 37 22 28
B8 "057_Group57" 16 15 20 22 24
C8 "058_Group58" 24 18 21 22 24
D8 "059_Group59" 37 37 35 21 20
E8 "060_Group60" 27 30 30 30 17
F8 "061_Group61" 21 16 26 14 25
G8 "062_Group62" 35 32 27 33 26
H8 "063_Group63" 27 36 33 27 30
A9 "064_Group64" 36 37 28 36 27
B9 "065_Group65" 17 25 35 43 31
C9 "066_Group66" 0 0 0 0 0
D9 "067_Group67" 30 45 42 45 49
E9 "068_Group68" 0 0 0 0 0
F9 "069_Group69" 21 27 37 51 33
G9 "070_Group70" 31 37 47 51 44
H9 "071_Group71" 22 34 35 32 34
A10 "072_Group72" 23 31 13 18 22
B10 "073_Group73" 22 41 37 26 32
C10 "074_Group74" 26 38 25 20 28
D10 "075_Group75" 39 26 27 20 35
E10 "076_Group76" 19 26 30 43 19
F10 "077_Group77" 20 46 43 38 16
G10 "078_Group78" 10 27 13 11 36
H10 "079_Group79" 28 25 21 28 28
A11 "080_Group80" 24 16 29 29 15
B11 "081_Group81" 21 31 22 24 18
C11 "082_Group82" 24 21 32 27 21
D11 "083_Group83" 7 12 19 18 23
E11 "084_Group84" 18 19 30 26 27
F11 "085_Group85" 29 23 17 27 23
G11 "086_Group86" 16 18 19 21 20
H11 "087_Group87" 13 27 18 21 24
A12 "088_Group88" 22 18 22 25 24
B12 "089_Group89" 22 42 32 30 29
C12 "090_Group90" 23 49 25 19 31
D12 "091_Group91" 23 11 27 42 34
E12 "092_Group92" 19 18 28 40 29
F12 "093_Group93" 19 56 31 29 37
G12 "094_Group94" 42 33 41 11 21
H12 "095_Group95" 28 30 49 36 29

"<<<<<< Channel Activity >>>>>>"
Channel Well Group/Time[m] 2 4 6 8 10
CH0 A1.0 "000_Group0" 22 18 17 13 19
CH2 B1.0 "001_Group1" 21 27 22 25 20
CH4 C1.0 "002_Group2" 30 30 22 22 16
CH6 D1.0 "003_Group3" 25 25 24 49 31
CH8 E1.0 "004_Group4" 28 30 33 19 29
CH10 F1.0 "005_Group5" 45 22 18 24 24
CH12 G1.0 "006_Group6" 17 35 8 20 12
CH14 H1.0 "007_Group7" 36 32 23 13 23
CH32 A2.0 "008_Group8" 32 39 33 26 22
CH34 B2.0 "009_Group9" 42 38 36 27 40
CH36 C2.0 "010_Group10" 19 29 22 39 33
CH38 D2.0 "011_Group11" 30 28 31 30 32
CH40 E2.0 "012_Group12" 14 40 29 27 32
CH42 F2.0 "013_Group13" 25 22 33 38 35
CH44 G2.0 "014_Group14" 32 29 27 49 46
CH46 H2.0 "015_Group15" 36 35 40 47 35
CH64 A3.0 "016_Group16" 28 26 34 29 21
CH66 B3.0 "017_Group17" 19 17 20 12 33
CH68 C3.0 "018_Group18" 20 8 29 18 13
CH70 D3.0 "019_Group19" 0 0 0 0 0
CH72 E3.0 "020_Group20" 25 33 30 27 27
CH74 F3.0 "021_Group21" 2 5 8 24 17
CH76 G3.0 "022_Group22" 35 29 23 39 19
CH78 H3.0 "023_Group23" 26 45 32 27 33
CH96 A4.0 "024_Group24" 9 11 10 13 9
CH98 B4.0 "025_Group25" 13 21 17 17 12
CH100 C4.0 "026_Group26" 24 28 30 26 19
CH102 D4.0 "027_Group27" 47 40 21 32 21
CH104 E4.0 "028_Group28" 36 20 18 16 32
CH106 F4.0 "029_Group29" 24 26 9 21 20
CH108 G4.0 "030_Group30" 3 26 23 23 18
CH110 H4.0 "031_Group31" 29 36 29 37 25
CH128 A5.0 "032_Group32" 41 27 17 22 23
CH130 B5.0 "033_Group33" 47 30 31 40 28
CH132 C5.0 "034_Group34" 56 29 40 44 36
CH134 D5.0 "035_Group35" 33 44 29 24 32
CH136 E5.0 "036_Group36" 31 29 21 18 19
CH138 F5.0 "037_Group37" 27 35 35 39 31
CH140 G5.0 "038_Group38" 39 40 41 30 38
CH142 H5.0 "039_Group39" 13 17 20 24 11
CH160 A6.0 "040_Group40" 14 28 28 32 23
CH162 B6.0 "041_Group41" 19 40 17 33 39
CH164 C6.0 "042_Group42" 25 22 28 20 18
CH166 D6.0 "043_Group43" 29 17 19 22 40
CH168 E6.0 "044_Group44" 28 24 15 26 30
CH170 F6.0 "045_Group45" 20 18 16 33 33
CH172 G6.0 "046_Group46" 33 42 41 23 33
CH174 H6.0 "047_Group47" 28 27 17 31 23
CH192 A7.0 "048_Group48" 11 12 14 37 33
CH194 B7.0 "049_Group49" 28 37 32 48 32
CH196 C7.0 "050_Group50" 46 46 46 35 32
CH198 D7.0 "051_Group51" 38 25 24 20 26
CH200 E7.0 "052_Group52" 48 36 23 45 33
CH202 F7.0 "053_Group53" 42 46 42 40 42
CH204 G7.0 "054_Group54" 39 49 43 38 30
CH206 H7.0 "055_Group55" 32 46 45 42 20
CH224 A8.0 "056_Group56" 50 44 37 22 28
CH226 B8.0 "057_Group57" 16 15 20 22 24
CH228 C8.0 "058_Group58" 24 18 21 22 24
CH230 D8.0 "059_Group59" 37 37 35 21 20
CH232 E8.0 "060_Group60" 27 30 30 30 17
CH234 F8.0 "061_Group61" 21 16 26 14 25
CH236 G8.0 "062_Group62" 35 32 27 33 26
CH238 H8.0 "063_Group63" 27 36 33 27 30
CH256 A9.0 "064_Group64" 36 37 28 36 27
CH258 B9.0 "065_Group65" 17 25 35 43 31
CH260 C9.0 "066_Group66" 0 0 0 0 0
CH262 D9.0 "067_Group67" 30 45 42 45 49
CH264 E9.0 "068_Group68" 0 0 0 0 0
CH266 F9.0 "069_Group69" 21 27 37 51 33
CH268 G9.0 "070_Group70" 31 37 47 51 44
CH270 H9.0 "071_Group71" 22 34 35 32 34
CH288 A10.0 "072_Group72" 23 31 13 18 22
CH290 B10.0 "073_Group73" 22 41 37 26 32
CH292 C10.0 "074_Group74" 26 38 25 20 28
CH294 D10.0 "075_Group75" 39 26 27 20 35
CH296 E10.0 "076_Group76" 19 26 30 43 19
CH298 F10.0 "077_Group77" 20 46 43 38 16
CH300 G10.0 "078_Group78" 10 27 13 11 36
CH302 H10.0 "079_Group79" 28 25 21 28 28
CH320 A11.0 "080_Group80" 24 16 29 29 15
CH322 B11.0 "081_Group81" 21 31 22 24 18
CH324 C11.0 "082_Group82" 24 21 32 27 21
CH326 D11.0 "083_Group83" 7 12 19 18 23
CH328 E11.0 "084_Group84" 18 19 30 26 27
CH330 F11.0 "085_Group85" 29 23 17 27 23
CH332 G11.0 "086_Group86" 16 18 19 21 20
CH334 H11.0 "087_Group87" 13 27 18 21 24
CH352 A12.0 "088_Group88" 22 18 22 25 24
CH354 B12.0 "089_Group89" 22 42 32 30 29
CH356 C12.0 "090_Group90" 23 49 25 19 31
CH358 D12.0 "091_Group91" 23 11 27 42 34
CH360 E12.0 "092_Group92" 19 18 28 40 29
CH362 F12.0 "093_Group93" 19 56 31 29 37
CH364 G12.0 "094_Group94" 42 33 41 11 21
CH366 H12.0 "095_Group95" 28 30 49 36 29
