"DATE:" "3/5/2015 9:07:39 AM"
"FILE:" "C:\Users\AndersenLab\Desktop\wmicrotracker\p00011\20150305_0855"
"SUBPROJECT:" "20150305_Longevity_4_3mgmL"

"<<<<<< Group Activity: Average Activity Counts per Data Interval>>>>>>"
Group/Time[m] 2 4 6 8 10
"000_Group0" 9 12 6 5 6
"001_Group1" 12 11 10 6 5
"002_Group2" 13 18 24 8 18
"003_Group3" 17 20 17 27 9
"004_Group4" 13 8 12 10 6
"005_Group5" 9 12 19 12 5
"006_Group6" 1 0 6 3 4
"007_Group7" 13 5 14 6 6
"008_Group8" 0 1 0 0 1
"009_Group9" 6 0 4 1 1
"010_Group10" 7 11 10 4 8
"011_Group11" 10 12 19 10 9
"012_Group12" 8 7 5 6 7
"013_Group13" 9 7 11 5 5
"014_Group14" 10 9 13 11 15
"015_Group15" 5 8 9 9 11
"016_Group16" 7 12 6 7 8
"017_Group17" 13 2 10 10 2
"018_Group18" 4 9 7 9 18
"019_Group19" 0 0 0 0 0
"020_Group20" 8 5 3 3 10
"021_Group21" 0 0 0 0 0
"022_Group22" 5 8 10 12 10
"023_Group23" 9 6 7 3 5
"024_Group24" 7 15 16 19 7
"025_Group25" 1 4 6 3 1
"026_Group26" 10 7 9 10 8
"027_Group27" 9 3 7 3 9
"028_Group28" 1 0 0 0 0
"029_Group29" 13 2 7 8 13
"030_Group30" 0 9 2 9 0
"031_Group31" 10 12 0 1 2
"032_Group32" 12 16 15 12 13
"033_Group33" 10 5 4 0 5
"034_Group34" 19 20 6 2 6
"035_Group35" 12 3 2 0 1
"036_Group36" 14 12 6 2 3
"037_Group37" 8 14 8 3 0
"038_Group38" 16 10 12 18 0
"039_Group39" 7 19 17 3 0
"040_Group40" 12 12 3 0 1
"041_Group41" 8 2 1 0 3
"042_Group42" 14 10 9 5 1
"043_Group43" 16 15 4 1 0
"044_Group44" 13 5 14 11 9
"045_Group45" 0 0 0 0 0
"046_Group46" 15 7 2 4 6
"047_Group47" 13 10 4 2 1
"048_Group48" 16 18 3 2 11
"049_Group49" 1 0 3 3 3
"050_Group50" 4 3 6 6 8
"051_Group51" 0 2 0 1 4
"052_Group52" 0 0 0 1 0
"053_Group53" 7 2 5 17 1
"054_Group54" 10 5 6 8 8
"055_Group55" 11 16 6 7 3
"056_Group56" 12 10 2 0 0
"057_Group57" 12 12 13 13 9
"058_Group58" 8 13 7 5 8
"059_Group59" 20 26 15 6 0
"060_Group60" 11 9 2 6 4
"061_Group61" 32 22 7 4 14
"062_Group62" 21 12 5 10 13
"063_Group63" 8 10 5 1 7
"064_Group64" 13 27 13 2 0
"065_Group65" 17 19 26 19 16
"066_Group66" 0 0 0 0 0
"067_Group67" 11 17 14 10 8
"068_Group68" 0 0 0 0 0
"069_Group69" 12 16 7 9 15
"070_Group70" 13 19 18 4 7
"071_Group71" 10 23 14 11 7
"072_Group72" 24 20 8 9 0
"073_Group73" 15 12 17 0 1
"074_Group74" 10 15 19 11 11
"075_Group75" 21 20 21 12 7
"076_Group76" 14 16 1 4 6
"077_Group77" 12 15 18 9 5
"078_Group78" 19 18 8 14 12
"079_Group79" 7 13 13 13 0
"080_Group80" 9 6 7 4 9
"081_Group81" 10 19 0 4 5
"082_Group82" 5 4 6 6 5
"083_Group83" 16 11 16 8 2
"084_Group84" 1 3 2 3 2
"085_Group85" 5 7 3 7 6
"086_Group86" 2 1 0 0 0
"087_Group87" 7 9 4 6 12
"088_Group88" 12 12 0 0 1
"089_Group89" 18 7 3 1 0
"090_Group90" 12 9 6 10 2
"091_Group91" 12 10 6 9 3
"092_Group92" 2 0 0 0 0
"093_Group93" 13 10 2 0 2
"094_Group94" 9 11 7 7 3
"095_Group95" 11 4 4 9 2

"<<<<<< Group Activity: Number of wells/group >>>>>>"
Group/Time[m] 2 4 6 8 10
"000_Group0" 1 1 1 1 1
"001_Group1" 1 1 1 1 1
"002_Group2" 1 1 1 1 1
"003_Group3" 1 1 1 1 1
"004_Group4" 1 1 1 1 1
"005_Group5" 1 1 1 1 1
"006_Group6" 1 1 1 1 1
"007_Group7" 1 1 1 1 1
"008_Group8" 1 1 1 1 1
"009_Group9" 1 1 1 1 1
"010_Group10" 1 1 1 1 1
"011_Group11" 1 1 1 1 1
"012_Group12" 1 1 1 1 1
"013_Group13" 1 1 1 1 1
"014_Group14" 1 1 1 1 1
"015_Group15" 1 1 1 1 1
"016_Group16" 1 1 1 1 1
"017_Group17" 1 1 1 1 1
"018_Group18" 1 1 1 1 1
"019_Group19" 1 1 1 1 1
"020_Group20" 1 1 1 1 1
"021_Group21" 1 1 1 1 1
"022_Group22" 1 1 1 1 1
"023_Group23" 1 1 1 1 1
"024_Group24" 1 1 1 1 1
"025_Group25" 1 1 1 1 1
"026_Group26" 1 1 1 1 1
"027_Group27" 1 1 1 1 1
"028_Group28" 1 1 1 1 1
"029_Group29" 1 1 1 1 1
"030_Group30" 1 1 1 1 1
"031_Group31" 1 1 1 1 1
"032_Group32" 1 1 1 1 1
"033_Group33" 1 1 1 1 1
"034_Group34" 1 1 1 1 1
"035_Group35" 1 1 1 1 1
"036_Group36" 1 1 1 1 1
"037_Group37" 1 1 1 1 1
"038_Group38" 1 1 1 1 1
"039_Group39" 1 1 1 1 1
"040_Group40" 1 1 1 1 1
"041_Group41" 1 1 1 1 1
"042_Group42" 1 1 1 1 1
"043_Group43" 1 1 1 1 1
"044_Group44" 1 1 1 1 1
"045_Group45" 1 1 1 1 1
"046_Group46" 1 1 1 1 1
"047_Group47" 1 1 1 1 1
"048_Group48" 1 1 1 1 1
"049_Group49" 1 1 1 1 1
"050_Group50" 1 1 1 1 1
"051_Group51" 1 1 1 1 1
"052_Group52" 1 1 1 1 1
"053_Group53" 1 1 1 1 1
"054_Group54" 1 1 1 1 1
"055_Group55" 1 1 1 1 1
"056_Group56" 1 1 1 1 1
"057_Group57" 1 1 1 1 1
"058_Group58" 1 1 1 1 1
"059_Group59" 1 1 1 1 1
"060_Group60" 1 1 1 1 1
"061_Group61" 1 1 1 1 1
"062_Group62" 1 1 1 1 1
"063_Group63" 1 1 1 1 1
"064_Group64" 1 1 1 1 1
"065_Group65" 1 1 1 1 1
"066_Group66" 1 1 1 1 1
"067_Group67" 1 1 1 1 1
"068_Group68" 1 1 1 1 1
"069_Group69" 1 1 1 1 1
"070_Group70" 1 1 1 1 1
"071_Group71" 1 1 1 1 1
"072_Group72" 1 1 1 1 1
"073_Group73" 1 1 1 1 1
"074_Group74" 1 1 1 1 1
"075_Group75" 1 1 1 1 1
"076_Group76" 1 1 1 1 1
"077_Group77" 1 1 1 1 1
"078_Group78" 1 1 1 1 1
"079_Group79" 1 1 1 1 1
"080_Group80" 1 1 1 1 1
"081_Group81" 1 1 1 1 1
"082_Group82" 1 1 1 1 1
"083_Group83" 1 1 1 1 1
"084_Group84" 1 1 1 1 1
"085_Group85" 1 1 1 1 1
"086_Group86" 1 1 1 1 1
"087_Group87" 1 1 1 1 1
"088_Group88" 1 1 1 1 1
"089_Group89" 1 1 1 1 1
"090_Group90" 1 1 1 1 1
"091_Group91" 1 1 1 1 1
"092_Group92" 1 1 1 1 1
"093_Group93" 1 1 1 1 1
"094_Group94" 1 1 1 1 1
"095_Group95" 1 1 1 1 1

"<<<<<< Number of Samples per Acquisition Interval [1unit=500values] >>>>>>"
Time[m] 2 4 6 8 10 
#Samples 2 2 2 2 2 

"<<<<<< Average Temperature [°C] >>>>>>"
Time[m] 2 4 6 8 10 
Temp[°C] 20.3 20.4 20.5 20.5 20.5 

"<<<<<< Well Activity >>>>>>"
Well Group/Time[m] 2 4 6 8 10
A1 "000_Group0" 9 12 6 5 6
B1 "001_Group1" 12 11 10 6 5
C1 "002_Group2" 13 18 24 8 18
D1 "003_Group3" 17 20 17 27 9
E1 "004_Group4" 13 8 12 10 6
F1 "005_Group5" 9 12 19 12 5
G1 "006_Group6" 1 0 6 3 4
H1 "007_Group7" 13 5 14 6 6
A2 "008_Group8" 0 1 0 0 1
B2 "009_Group9" 6 0 4 1 1
C2 "010_Group10" 7 11 10 4 8
D2 "011_Group11" 10 12 19 10 9
E2 "012_Group12" 8 7 5 6 7
F2 "013_Group13" 9 7 11 5 5
G2 "014_Group14" 10 9 13 11 15
H2 "015_Group15" 5 8 9 9 11
A3 "016_Group16" 7 12 6 7 8
B3 "017_Group17" 13 2 10 10 2
C3 "018_Group18" 4 9 7 9 18
D3 "019_Group19" 0 0 0 0 0
E3 "020_Group20" 8 5 3 3 10
F3 "021_Group21" 0 0 0 0 0
G3 "022_Group22" 5 8 10 12 10
H3 "023_Group23" 9 6 7 3 5
A4 "024_Group24" 7 15 16 19 7
B4 "025_Group25" 1 4 6 3 1
C4 "026_Group26" 10 7 9 10 8
D4 "027_Group27" 9 3 7 3 9
E4 "028_Group28" 1 0 0 0 0
F4 "029_Group29" 13 2 7 8 13
G4 "030_Group30" 0 9 2 9 0
H4 "031_Group31" 10 12 0 1 2
A5 "032_Group32" 12 16 15 12 13
B5 "033_Group33" 10 5 4 0 5
C5 "034_Group34" 19 20 6 2 6
D5 "035_Group35" 12 3 2 0 1
E5 "036_Group36" 14 12 6 2 3
F5 "037_Group37" 8 14 8 3 0
G5 "038_Group38" 16 10 12 18 0
H5 "039_Group39" 7 19 17 3 0
A6 "040_Group40" 12 12 3 0 1
B6 "041_Group41" 8 2 1 0 3
C6 "042_Group42" 14 10 9 5 1
D6 "043_Group43" 16 15 4 1 0
E6 "044_Group44" 13 5 14 11 9
F6 "045_Group45" 0 0 0 0 0
G6 "046_Group46" 15 7 2 4 6
H6 "047_Group47" 13 10 4 2 1
A7 "048_Group48" 16 18 3 2 11
B7 "049_Group49" 1 0 3 3 3
C7 "050_Group50" 4 3 6 6 8
D7 "051_Group51" 0 2 0 1 4
E7 "052_Group52" 0 0 0 1 0
F7 "053_Group53" 7 2 5 17 1
G7 "054_Group54" 10 5 6 8 8
H7 "055_Group55" 11 16 6 7 3
A8 "056_Group56" 12 10 2 0 0
B8 "057_Group57" 12 12 13 13 9
C8 "058_Group58" 8 13 7 5 8
D8 "059_Group59" 20 26 15 6 0
E8 "060_Group60" 11 9 2 6 4
F8 "061_Group61" 32 22 7 4 14
G8 "062_Group62" 21 12 5 10 13
H8 "063_Group63" 8 10 5 1 7
A9 "064_Group64" 13 27 13 2 0
B9 "065_Group65" 17 19 26 19 16
C9 "066_Group66" 0 0 0 0 0
D9 "067_Group67" 11 17 14 10 8
E9 "068_Group68" 0 0 0 0 0
F9 "069_Group69" 12 16 7 9 15
G9 "070_Group70" 13 19 18 4 7
H9 "071_Group71" 10 23 14 11 7
A10 "072_Group72" 24 20 8 9 0
B10 "073_Group73" 15 12 17 0 1
C10 "074_Group74" 10 15 19 11 11
D10 "075_Group75" 21 20 21 12 7
E10 "076_Group76" 14 16 1 4 6
F10 "077_Group77" 12 15 18 9 5
G10 "078_Group78" 19 18 8 14 12
H10 "079_Group79" 7 13 13 13 0
A11 "080_Group80" 9 6 7 4 9
B11 "081_Group81" 10 19 0 4 5
C11 "082_Group82" 5 4 6 6 5
D11 "083_Group83" 16 11 16 8 2
E11 "084_Group84" 1 3 2 3 2
F11 "085_Group85" 5 7 3 7 6
G11 "086_Group86" 2 1 0 0 0
H11 "087_Group87" 7 9 4 6 12
A12 "088_Group88" 12 12 0 0 1
B12 "089_Group89" 18 7 3 1 0
C12 "090_Group90" 12 9 6 10 2
D12 "091_Group91" 12 10 6 9 3
E12 "092_Group92" 2 0 0 0 0
F12 "093_Group93" 13 10 2 0 2
G12 "094_Group94" 9 11 7 7 3
H12 "095_Group95" 11 4 4 9 2

"<<<<<< Channel Activity >>>>>>"
Channel Well Group/Time[m] 2 4 6 8 10
CH0 A1.0 "000_Group0" 9 12 6 5 6
CH2 B1.0 "001_Group1" 12 11 10 6 5
CH4 C1.0 "002_Group2" 13 18 24 8 18
CH6 D1.0 "003_Group3" 17 20 17 27 9
CH8 E1.0 "004_Group4" 13 8 12 10 6
CH10 F1.0 "005_Group5" 9 12 19 12 5
CH12 G1.0 "006_Group6" 1 0 6 3 4
CH14 H1.0 "007_Group7" 13 5 14 6 6
CH32 A2.0 "008_Group8" 0 1 0 0 1
CH34 B2.0 "009_Group9" 6 0 4 1 1
CH36 C2.0 "010_Group10" 7 11 10 4 8
CH38 D2.0 "011_Group11" 10 12 19 10 9
CH40 E2.0 "012_Group12" 8 7 5 6 7
CH42 F2.0 "013_Group13" 9 7 11 5 5
CH44 G2.0 "014_Group14" 10 9 13 11 15
CH46 H2.0 "015_Group15" 5 8 9 9 11
CH64 A3.0 "016_Group16" 7 12 6 7 8
CH66 B3.0 "017_Group17" 13 2 10 10 2
CH68 C3.0 "018_Group18" 4 9 7 9 18
CH70 D3.0 "019_Group19" 0 0 0 0 0
CH72 E3.0 "020_Group20" 8 5 3 3 10
CH74 F3.0 "021_Group21" 0 0 0 0 0
CH76 G3.0 "022_Group22" 5 8 10 12 10
CH78 H3.0 "023_Group23" 9 6 7 3 5
CH96 A4.0 "024_Group24" 7 15 16 19 7
CH98 B4.0 "025_Group25" 1 4 6 3 1
CH100 C4.0 "026_Group26" 10 7 9 10 8
CH102 D4.0 "027_Group27" 9 3 7 3 9
CH104 E4.0 "028_Group28" 1 0 0 0 0
CH106 F4.0 "029_Group29" 13 2 7 8 13
CH108 G4.0 "030_Group30" 0 9 2 9 0
CH110 H4.0 "031_Group31" 10 12 0 1 2
CH128 A5.0 "032_Group32" 12 16 15 12 13
CH130 B5.0 "033_Group33" 10 5 4 0 5
CH132 C5.0 "034_Group34" 19 20 6 2 6
CH134 D5.0 "035_Group35" 12 3 2 0 1
CH136 E5.0 "036_Group36" 14 12 6 2 3
CH138 F5.0 "037_Group37" 8 14 8 3 0
CH140 G5.0 "038_Group38" 16 10 12 18 0
CH142 H5.0 "039_Group39" 7 19 17 3 0
CH160 A6.0 "040_Group40" 12 12 3 0 1
CH162 B6.0 "041_Group41" 8 2 1 0 3
CH164 C6.0 "042_Group42" 14 10 9 5 1
CH166 D6.0 "043_Group43" 16 15 4 1 0
CH168 E6.0 "044_Group44" 13 5 14 11 9
CH170 F6.0 "045_Group45" 0 0 0 0 0
CH172 G6.0 "046_Group46" 15 7 2 4 6
CH174 H6.0 "047_Group47" 13 10 4 2 1
CH192 A7.0 "048_Group48" 16 18 3 2 11
CH194 B7.0 "049_Group49" 1 0 3 3 3
CH196 C7.0 "050_Group50" 4 3 6 6 8
CH198 D7.0 "051_Group51" 0 2 0 1 4
CH200 E7.0 "052_Group52" 0 0 0 1 0
CH202 F7.0 "053_Group53" 7 2 5 17 1
CH204 G7.0 "054_Group54" 10 5 6 8 8
CH206 H7.0 "055_Group55" 11 16 6 7 3
CH224 A8.0 "056_Group56" 12 10 2 0 0
CH226 B8.0 "057_Group57" 12 12 13 13 9
CH228 C8.0 "058_Group58" 8 13 7 5 8
CH230 D8.0 "059_Group59" 20 26 15 6 0
CH232 E8.0 "060_Group60" 11 9 2 6 4
CH234 F8.0 "061_Group61" 32 22 7 4 14
CH236 G8.0 "062_Group62" 21 12 5 10 13
CH238 H8.0 "063_Group63" 8 10 5 1 7
CH256 A9.0 "064_Group64" 13 27 13 2 0
CH258 B9.0 "065_Group65" 17 19 26 19 16
CH260 C9.0 "066_Group66" 0 0 0 0 0
CH262 D9.0 "067_Group67" 11 17 14 10 8
CH264 E9.0 "068_Group68" 0 0 0 0 0
CH266 F9.0 "069_Group69" 12 16 7 9 15
CH268 G9.0 "070_Group70" 13 19 18 4 7
CH270 H9.0 "071_Group71" 10 23 14 11 7
CH288 A10.0 "072_Group72" 24 20 8 9 0
CH290 B10.0 "073_Group73" 15 12 17 0 1
CH292 C10.0 "074_Group74" 10 15 19 11 11
CH294 D10.0 "075_Group75" 21 20 21 12 7
CH296 E10.0 "076_Group76" 14 16 1 4 6
CH298 F10.0 "077_Group77" 12 15 18 9 5
CH300 G10.0 "078_Group78" 19 18 8 14 12
CH302 H10.0 "079_Group79" 7 13 13 13 0
CH320 A11.0 "080_Group80" 9 6 7 4 9
CH322 B11.0 "081_Group81" 10 19 0 4 5
CH324 C11.0 "082_Group82" 5 4 6 6 5
CH326 D11.0 "083_Group83" 16 11 16 8 2
CH328 E11.0 "084_Group84" 1 3 2 3 2
CH330 F11.0 "085_Group85" 5 7 3 7 6
CH332 G11.0 "086_Group86" 2 1 0 0 0
CH334 H11.0 "087_Group87" 7 9 4 6 12
CH352 A12.0 "088_Group88" 12 12 0 0 1
CH354 B12.0 "089_Group89" 18 7 3 1 0
CH356 C12.0 "090_Group90" 12 9 6 10 2
CH358 D12.0 "091_Group91" 12 10 6 9 3
CH360 E12.0 "092_Group92" 2 0 0 0 0
CH362 F12.0 "093_Group93" 13 10 2 0 2
CH364 G12.0 "094_Group94" 9 11 7 7 3
CH366 H12.0 "095_Group95" 11 4 4 9 2
