"DATE:" "3/4/2015 8:42:28 AM"
"FILE:" "C:\Users\AndersenLab\Desktop\wmicrotracker\p00011\20150304_0830"
"SUBPROJECT:" "20150304_Longevity_4_3mgmL"

"<<<<<< Group Activity: Average Activity Counts per Data Interval>>>>>>"
Group/Time[m] 2 4 6 8 10
"000_Group0" 10 17 27 12 14
"001_Group1" 12 17 14 14 9
"002_Group2" 17 18 13 15 1
"003_Group3" 12 16 15 14 6
"004_Group4" 10 17 14 17 12
"005_Group5" 9 14 20 12 13
"006_Group6" 13 15 8 8 9
"007_Group7" 26 15 13 6 7
"008_Group8" 3 2 4 3 6
"009_Group9" 4 7 4 6 12
"010_Group10" 15 6 12 9 11
"011_Group11" 12 8 14 8 14
"012_Group12" 8 18 15 16 11
"013_Group13" 7 13 10 11 5
"014_Group14" 7 10 10 16 11
"015_Group15" 9 12 12 7 6
"016_Group16" 11 18 9 2 2
"017_Group17" 6 6 10 2 3
"018_Group18" 9 15 10 4 8
"019_Group19" 0 0 0 0 0
"020_Group20" 7 0 4 0 4
"021_Group21" 5 10 11 11 11
"022_Group22" 8 7 11 8 6
"023_Group23" 13 7 11 7 6
"024_Group24" 8 24 8 11 5
"025_Group25" 15 16 7 1 3
"026_Group26" 14 23 24 12 11
"027_Group27" 10 8 5 13 4
"028_Group28" 0 0 0 0 0
"029_Group29" 8 9 7 6 7
"030_Group30" 5 2 5 3 4
"031_Group31" 15 7 8 8 4
"032_Group32" 13 16 17 8 11
"033_Group33" 5 10 9 7 11
"034_Group34" 17 9 13 7 0
"035_Group35" 10 28 19 21 10
"036_Group36" 22 13 13 1 9
"037_Group37" 21 19 7 0 23
"038_Group38" 17 17 13 6 0
"039_Group39" 14 16 8 7 2
"040_Group40" 14 21 26 15 10
"041_Group41" 16 14 9 1 2
"042_Group42" 11 10 14 11 4
"043_Group43" 18 12 16 6 7
"044_Group44" 11 15 0 2 4
"045_Group45" 0 0 1 0 3
"046_Group46" 8 14 11 14 7
"047_Group47" 6 9 11 7 3
"048_Group48" 9 14 5 10 7
"049_Group49" 10 13 2 5 2
"050_Group50" 3 7 12 21 1
"051_Group51" 14 5 18 10 14
"052_Group52" 0 0 0 1 0
"053_Group53" 10 11 7 4 13
"054_Group54" 12 13 3 11 10
"055_Group55" 20 8 11 8 10
"056_Group56" 13 5 8 17 2
"057_Group57" 20 9 13 5 2
"058_Group58" 19 9 2 6 12
"059_Group59" 20 14 10 13 4
"060_Group60" 9 11 9 15 9
"061_Group61" 18 26 19 11 19
"062_Group62" 17 15 20 11 3
"063_Group63" 1 10 2 7 1
"064_Group64" 18 27 24 7 2
"065_Group65" 30 20 7 10 10
"066_Group66" 1 1 0 0 0
"067_Group67" 4 15 3 6 4
"068_Group68" 0 0 0 0 0
"069_Group69" 10 15 7 1 8
"070_Group70" 19 20 15 12 10
"071_Group71" 9 16 27 19 13
"072_Group72" 12 26 23 11 9
"073_Group73" 10 6 3 5 3
"074_Group74" 18 21 7 12 5
"075_Group75" 21 30 25 22 6
"076_Group76" 19 21 3 5 14
"077_Group77" 10 14 12 5 3
"078_Group78" 22 15 20 18 5
"079_Group79" 15 16 17 22 12
"080_Group80" 2 17 4 8 5
"081_Group81" 14 11 10 3 6
"082_Group82" 9 8 5 6 10
"083_Group83" 15 2 4 6 2
"084_Group84" 4 3 4 10 2
"085_Group85" 15 11 18 8 12
"086_Group86" 0 3 4 1 1
"087_Group87" 4 5 9 3 1
"088_Group88" 15 9 3 2 2
"089_Group89" 12 17 1 0 3
"090_Group90" 7 0 0 1 5
"091_Group91" 8 7 7 3 5
"092_Group92" 0 0 0 0 0
"093_Group93" 4 10 1 2 1
"094_Group94" 4 14 0 3 0
"095_Group95" 10 4 7 4 2

"<<<<<< Group Activity: Number of wells/group >>>>>>"
Group/Time[m] 2 4 6 8 10
"000_Group0" 1 1 1 1 1
"001_Group1" 1 1 1 1 1
"002_Group2" 1 1 1 1 1
"003_Group3" 1 1 1 1 1
"004_Group4" 1 1 1 1 1
"005_Group5" 1 1 1 1 1
"006_Group6" 1 1 1 1 1
"007_Group7" 1 1 1 1 1
"008_Group8" 1 1 1 1 1
"009_Group9" 1 1 1 1 1
"010_Group10" 1 1 1 1 1
"011_Group11" 1 1 1 1 1
"012_Group12" 1 1 1 1 1
"013_Group13" 1 1 1 1 1
"014_Group14" 1 1 1 1 1
"015_Group15" 1 1 1 1 1
"016_Group16" 1 1 1 1 1
"017_Group17" 1 1 1 1 1
"018_Group18" 1 1 1 1 1
"019_Group19" 1 1 1 1 1
"020_Group20" 1 1 1 1 1
"021_Group21" 1 1 1 1 1
"022_Group22" 1 1 1 1 1
"023_Group23" 1 1 1 1 1
"024_Group24" 1 1 1 1 1
"025_Group25" 1 1 1 1 1
"026_Group26" 1 1 1 1 1
"027_Group27" 1 1 1 1 1
"028_Group28" 1 1 1 1 1
"029_Group29" 1 1 1 1 1
"030_Group30" 1 1 1 1 1
"031_Group31" 1 1 1 1 1
"032_Group32" 1 1 1 1 1
"033_Group33" 1 1 1 1 1
"034_Group34" 1 1 1 1 1
"035_Group35" 1 1 1 1 1
"036_Group36" 1 1 1 1 1
"037_Group37" 1 1 1 1 1
"038_Group38" 1 1 1 1 1
"039_Group39" 1 1 1 1 1
"040_Group40" 1 1 1 1 1
"041_Group41" 1 1 1 1 1
"042_Group42" 1 1 1 1 1
"043_Group43" 1 1 1 1 1
"044_Group44" 1 1 1 1 1
"045_Group45" 1 1 1 1 1
"046_Group46" 1 1 1 1 1
"047_Group47" 1 1 1 1 1
"048_Group48" 1 1 1 1 1
"049_Group49" 1 1 1 1 1
"050_Group50" 1 1 1 1 1
"051_Group51" 1 1 1 1 1
"052_Group52" 1 1 1 1 1
"053_Group53" 1 1 1 1 1
"054_Group54" 1 1 1 1 1
"055_Group55" 1 1 1 1 1
"056_Group56" 1 1 1 1 1
"057_Group57" 1 1 1 1 1
"058_Group58" 1 1 1 1 1
"059_Group59" 1 1 1 1 1
"060_Group60" 1 1 1 1 1
"061_Group61" 1 1 1 1 1
"062_Group62" 1 1 1 1 1
"063_Group63" 1 1 1 1 1
"064_Group64" 1 1 1 1 1
"065_Group65" 1 1 1 1 1
"066_Group66" 1 1 1 1 1
"067_Group67" 1 1 1 1 1
"068_Group68" 1 1 1 1 1
"069_Group69" 1 1 1 1 1
"070_Group70" 1 1 1 1 1
"071_Group71" 1 1 1 1 1
"072_Group72" 1 1 1 1 1
"073_Group73" 1 1 1 1 1
"074_Group74" 1 1 1 1 1
"075_Group75" 1 1 1 1 1
"076_Group76" 1 1 1 1 1
"077_Group77" 1 1 1 1 1
"078_Group78" 1 1 1 1 1
"079_Group79" 1 1 1 1 1
"080_Group80" 1 1 1 1 1
"081_Group81" 1 1 1 1 1
"082_Group82" 1 1 1 1 1
"083_Group83" 1 1 1 1 1
"084_Group84" 1 1 1 1 1
"085_Group85" 1 1 1 1 1
"086_Group86" 1 1 1 1 1
"087_Group87" 1 1 1 1 1
"088_Group88" 1 1 1 1 1
"089_Group89" 1 1 1 1 1
"090_Group90" 1 1 1 1 1
"091_Group91" 1 1 1 1 1
"092_Group92" 1 1 1 1 1
"093_Group93" 1 1 1 1 1
"094_Group94" 1 1 1 1 1
"095_Group95" 1 1 1 1 1

"<<<<<< Number of Samples per Acquisition Interval [1unit=500values] >>>>>>"
Time[m] 2 4 6 8 10 
#Samples 2 2 2 2 2 

"<<<<<< Average Temperature [°C] >>>>>>"
Time[m] 2 4 6 8 10 
Temp[°C] 20.9 21.0 21.1 21.1 21.1 

"<<<<<< Well Activity >>>>>>"
Well Group/Time[m] 2 4 6 8 10
A1 "000_Group0" 10 17 27 12 14
B1 "001_Group1" 12 17 14 14 9
C1 "002_Group2" 17 18 13 15 1
D1 "003_Group3" 12 16 15 14 6
E1 "004_Group4" 10 17 14 17 12
F1 "005_Group5" 9 14 20 12 13
G1 "006_Group6" 13 15 8 8 9
H1 "007_Group7" 26 15 13 6 7
A2 "008_Group8" 3 2 4 3 6
B2 "009_Group9" 4 7 4 6 12
C2 "010_Group10" 15 6 12 9 11
D2 "011_Group11" 12 8 14 8 14
E2 "012_Group12" 8 18 15 16 11
F2 "013_Group13" 7 13 10 11 5
G2 "014_Group14" 7 10 10 16 11
H2 "015_Group15" 9 12 12 7 6
A3 "016_Group16" 11 18 9 2 2
B3 "017_Group17" 6 6 10 2 3
C3 "018_Group18" 9 15 10 4 8
D3 "019_Group19" 0 0 0 0 0
E3 "020_Group20" 7 0 4 0 4
F3 "021_Group21" 5 10 11 11 11
G3 "022_Group22" 8 7 11 8 6
H3 "023_Group23" 13 7 11 7 6
A4 "024_Group24" 8 24 8 11 5
B4 "025_Group25" 15 16 7 1 3
C4 "026_Group26" 14 23 24 12 11
D4 "027_Group27" 10 8 5 13 4
E4 "028_Group28" 0 0 0 0 0
F4 "029_Group29" 8 9 7 6 7
G4 "030_Group30" 5 2 5 3 4
H4 "031_Group31" 15 7 8 8 4
A5 "032_Group32" 13 16 17 8 11
B5 "033_Group33" 5 10 9 7 11
C5 "034_Group34" 17 9 13 7 0
D5 "035_Group35" 10 28 19 21 10
E5 "036_Group36" 22 13 13 1 9
F5 "037_Group37" 21 19 7 0 23
G5 "038_Group38" 17 17 13 6 0
H5 "039_Group39" 14 16 8 7 2
A6 "040_Group40" 14 21 26 15 10
B6 "041_Group41" 16 14 9 1 2
C6 "042_Group42" 11 10 14 11 4
D6 "043_Group43" 18 12 16 6 7
E6 "044_Group44" 11 15 0 2 4
F6 "045_Group45" 0 0 1 0 3
G6 "046_Group46" 8 14 11 14 7
H6 "047_Group47" 6 9 11 7 3
A7 "048_Group48" 9 14 5 10 7
B7 "049_Group49" 10 13 2 5 2
C7 "050_Group50" 3 7 12 21 1
D7 "051_Group51" 14 5 18 10 14
E7 "052_Group52" 0 0 0 1 0
F7 "053_Group53" 10 11 7 4 13
G7 "054_Group54" 12 13 3 11 10
H7 "055_Group55" 20 8 11 8 10
A8 "056_Group56" 13 5 8 17 2
B8 "057_Group57" 20 9 13 5 2
C8 "058_Group58" 19 9 2 6 12
D8 "059_Group59" 20 14 10 13 4
E8 "060_Group60" 9 11 9 15 9
F8 "061_Group61" 18 26 19 11 19
G8 "062_Group62" 17 15 20 11 3
H8 "063_Group63" 1 10 2 7 1
A9 "064_Group64" 18 27 24 7 2
B9 "065_Group65" 30 20 7 10 10
C9 "066_Group66" 1 1 0 0 0
D9 "067_Group67" 4 15 3 6 4
E9 "068_Group68" 0 0 0 0 0
F9 "069_Group69" 10 15 7 1 8
G9 "070_Group70" 19 20 15 12 10
H9 "071_Group71" 9 16 27 19 13
A10 "072_Group72" 12 26 23 11 9
B10 "073_Group73" 10 6 3 5 3
C10 "074_Group74" 18 21 7 12 5
D10 "075_Group75" 21 30 25 22 6
E10 "076_Group76" 19 21 3 5 14
F10 "077_Group77" 10 14 12 5 3
G10 "078_Group78" 22 15 20 18 5
H10 "079_Group79" 15 16 17 22 12
A11 "080_Group80" 2 17 4 8 5
B11 "081_Group81" 14 11 10 3 6
C11 "082_Group82" 9 8 5 6 10
D11 "083_Group83" 15 2 4 6 2
E11 "084_Group84" 4 3 4 10 2
F11 "085_Group85" 15 11 18 8 12
G11 "086_Group86" 0 3 4 1 1
H11 "087_Group87" 4 5 9 3 1
A12 "088_Group88" 15 9 3 2 2
B12 "089_Group89" 12 17 1 0 3
C12 "090_Group90" 7 0 0 1 5
D12 "091_Group91" 8 7 7 3 5
E12 "092_Group92" 0 0 0 0 0
F12 "093_Group93" 4 10 1 2 1
G12 "094_Group94" 4 14 0 3 0
H12 "095_Group95" 10 4 7 4 2

"<<<<<< Channel Activity >>>>>>"
Channel Well Group/Time[m] 2 4 6 8 10
CH0 A1.0 "000_Group0" 10 17 27 12 14
CH2 B1.0 "001_Group1" 12 17 14 14 9
CH4 C1.0 "002_Group2" 17 18 13 15 1
CH6 D1.0 "003_Group3" 12 16 15 14 6
CH8 E1.0 "004_Group4" 10 17 14 17 12
CH10 F1.0 "005_Group5" 9 14 20 12 13
CH12 G1.0 "006_Group6" 13 15 8 8 9
CH14 H1.0 "007_Group7" 26 15 13 6 7
CH32 A2.0 "008_Group8" 3 2 4 3 6
CH34 B2.0 "009_Group9" 4 7 4 6 12
CH36 C2.0 "010_Group10" 15 6 12 9 11
CH38 D2.0 "011_Group11" 12 8 14 8 14
CH40 E2.0 "012_Group12" 8 18 15 16 11
CH42 F2.0 "013_Group13" 7 13 10 11 5
CH44 G2.0 "014_Group14" 7 10 10 16 11
CH46 H2.0 "015_Group15" 9 12 12 7 6
CH64 A3.0 "016_Group16" 11 18 9 2 2
CH66 B3.0 "017_Group17" 6 6 10 2 3
CH68 C3.0 "018_Group18" 9 15 10 4 8
CH70 D3.0 "019_Group19" 0 0 0 0 0
CH72 E3.0 "020_Group20" 7 0 4 0 4
CH74 F3.0 "021_Group21" 5 10 11 11 11
CH76 G3.0 "022_Group22" 8 7 11 8 6
CH78 H3.0 "023_Group23" 13 7 11 7 6
CH96 A4.0 "024_Group24" 8 24 8 11 5
CH98 B4.0 "025_Group25" 15 16 7 1 3
CH100 C4.0 "026_Group26" 14 23 24 12 11
CH102 D4.0 "027_Group27" 10 8 5 13 4
CH104 E4.0 "028_Group28" 0 0 0 0 0
CH106 F4.0 "029_Group29" 8 9 7 6 7
CH108 G4.0 "030_Group30" 5 2 5 3 4
CH110 H4.0 "031_Group31" 15 7 8 8 4
CH128 A5.0 "032_Group32" 13 16 17 8 11
CH130 B5.0 "033_Group33" 5 10 9 7 11
CH132 C5.0 "034_Group34" 17 9 13 7 0
CH134 D5.0 "035_Group35" 10 28 19 21 10
CH136 E5.0 "036_Group36" 22 13 13 1 9
CH138 F5.0 "037_Group37" 21 19 7 0 23
CH140 G5.0 "038_Group38" 17 17 13 6 0
CH142 H5.0 "039_Group39" 14 16 8 7 2
CH160 A6.0 "040_Group40" 14 21 26 15 10
CH162 B6.0 "041_Group41" 16 14 9 1 2
CH164 C6.0 "042_Group42" 11 10 14 11 4
CH166 D6.0 "043_Group43" 18 12 16 6 7
CH168 E6.0 "044_Group44" 11 15 0 2 4
CH170 F6.0 "045_Group45" 0 0 1 0 3
CH172 G6.0 "046_Group46" 8 14 11 14 7
CH174 H6.0 "047_Group47" 6 9 11 7 3
CH192 A7.0 "048_Group48" 9 14 5 10 7
CH194 B7.0 "049_Group49" 10 13 2 5 2
CH196 C7.0 "050_Group50" 3 7 12 21 1
CH198 D7.0 "051_Group51" 14 5 18 10 14
CH200 E7.0 "052_Group52" 0 0 0 1 0
CH202 F7.0 "053_Group53" 10 11 7 4 13
CH204 G7.0 "054_Group54" 12 13 3 11 10
CH206 H7.0 "055_Group55" 20 8 11 8 10
CH224 A8.0 "056_Group56" 13 5 8 17 2
CH226 B8.0 "057_Group57" 20 9 13 5 2
CH228 C8.0 "058_Group58" 19 9 2 6 12
CH230 D8.0 "059_Group59" 20 14 10 13 4
CH232 E8.0 "060_Group60" 9 11 9 15 9
CH234 F8.0 "061_Group61" 18 26 19 11 19
CH236 G8.0 "062_Group62" 17 15 20 11 3
CH238 H8.0 "063_Group63" 1 10 2 7 1
CH256 A9.0 "064_Group64" 18 27 24 7 2
CH258 B9.0 "065_Group65" 30 20 7 10 10
CH260 C9.0 "066_Group66" 1 1 0 0 0
CH262 D9.0 "067_Group67" 4 15 3 6 4
CH264 E9.0 "068_Group68" 0 0 0 0 0
CH266 F9.0 "069_Group69" 10 15 7 1 8
CH268 G9.0 "070_Group70" 19 20 15 12 10
CH270 H9.0 "071_Group71" 9 16 27 19 13
CH288 A10.0 "072_Group72" 12 26 23 11 9
CH290 B10.0 "073_Group73" 10 6 3 5 3
CH292 C10.0 "074_Group74" 18 21 7 12 5
CH294 D10.0 "075_Group75" 21 30 25 22 6
CH296 E10.0 "076_Group76" 19 21 3 5 14
CH298 F10.0 "077_Group77" 10 14 12 5 3
CH300 G10.0 "078_Group78" 22 15 20 18 5
CH302 H10.0 "079_Group79" 15 16 17 22 12
CH320 A11.0 "080_Group80" 2 17 4 8 5
CH322 B11.0 "081_Group81" 14 11 10 3 6
CH324 C11.0 "082_Group82" 9 8 5 6 10
CH326 D11.0 "083_Group83" 15 2 4 6 2
CH328 E11.0 "084_Group84" 4 3 4 10 2
CH330 F11.0 "085_Group85" 15 11 18 8 12
CH332 G11.0 "086_Group86" 0 3 4 1 1
CH334 H11.0 "087_Group87" 4 5 9 3 1
CH352 A12.0 "088_Group88" 15 9 3 2 2
CH354 B12.0 "089_Group89" 12 17 1 0 3
CH356 C12.0 "090_Group90" 7 0 0 1 5
CH358 D12.0 "091_Group91" 8 7 7 3 5
CH360 E12.0 "092_Group92" 0 0 0 0 0
CH362 F12.0 "093_Group93" 4 10 1 2 1
CH364 G12.0 "094_Group94" 4 14 0 3 0
CH366 H12.0 "095_Group95" 10 4 7 4 2
