"DATE:" "2/28/2015 8:56:19 AM"
"FILE:" "C:\Users\AndersenLab\Desktop\wmicrotracker\p00011\20150228_0844"
"SUBPROJECT:" "20150228_Longevity_4_3mgmL"

"<<<<<< Group Activity: Average Activity Counts per Data Interval>>>>>>"
Group/Time[m] 2 4 6 8 10
"000_Group0" 22 30 10 12 10
"001_Group1" 17 42 21 14 24
"002_Group2" 25 30 19 21 13
"003_Group3" 32 35 16 13 10
"004_Group4" 18 38 23 29 14
"005_Group5" 19 25 25 23 17
"006_Group6" 20 24 20 11 14
"007_Group7" 24 22 22 25 18
"008_Group8" 18 23 17 23 16
"009_Group9" 22 27 17 19 14
"010_Group10" 25 8 10 14 9
"011_Group11" 13 20 21 13 16
"012_Group12" 16 26 16 11 10
"013_Group13" 31 24 29 20 15
"014_Group14" 21 27 24 13 9
"015_Group15" 14 25 17 16 9
"016_Group16" 35 22 11 9 8
"017_Group17" 28 18 18 16 8
"018_Group18" 20 5 10 9 6
"019_Group19" 0 0 0 0 0
"020_Group20" 30 26 22 17 14
"021_Group21" 29 15 16 16 12
"022_Group22" 38 27 12 9 6
"023_Group23" 25 18 14 8 7
"024_Group24" 28 14 8 6 11
"025_Group25" 36 18 24 12 28
"026_Group26" 19 18 14 15 10
"027_Group27" 28 24 16 13 18
"028_Group28" 3 5 0 5 0
"029_Group29" 22 21 21 11 10
"030_Group30" 17 4 4 2 2
"031_Group31" 19 30 12 14 8
"032_Group32" 26 20 19 13 15
"033_Group33" 22 23 10 2 5
"034_Group34" 29 5 2 0 10
"035_Group35" 40 37 33 7 5
"036_Group36" 36 20 23 7 5
"037_Group37" 12 16 2 7 2
"038_Group38" 33 24 12 3 3
"039_Group39" 13 4 9 3 8
"040_Group40" 22 17 8 10 5
"041_Group41" 11 7 1 2 2
"042_Group42" 11 16 10 17 2
"043_Group43" 12 7 24 7 3
"044_Group44" 6 12 3 11 3
"045_Group45" 8 3 6 10 4
"046_Group46" 14 10 6 5 2
"047_Group47" 8 15 17 6 7
"048_Group48" 18 20 6 21 16
"049_Group49" 12 5 6 10 10
"050_Group50" 17 14 12 13 11
"051_Group51" 33 10 11 8 5
"052_Group52" 15 10 24 12 12
"053_Group53" 15 10 10 7 12
"054_Group54" 18 17 19 5 7
"055_Group55" 24 6 7 7 4
"056_Group56" 30 23 20 13 11
"057_Group57" 33 19 7 15 6
"058_Group58" 10 9 12 6 13
"059_Group59" 19 16 13 9 15
"060_Group60" 33 21 14 13 7
"061_Group61" 24 23 16 12 11
"062_Group62" 12 19 11 17 9
"063_Group63" 47 20 2 8 10
"064_Group64" 37 34 27 18 13
"065_Group65" 45 33 21 14 24
"066_Group66" 0 0 0 0 0
"067_Group67" 45 44 30 15 24
"068_Group68" 0 0 0 0 0
"069_Group69" 34 43 21 38 27
"070_Group70" 30 28 28 33 20
"071_Group71" 29 19 20 27 26
"072_Group72" 33 24 17 16 8
"073_Group73" 27 24 9 9 15
"074_Group74" 12 27 22 27 12
"075_Group75" 27 29 26 16 11
"076_Group76" 25 27 9 11 1
"077_Group77" 27 28 23 9 9
"078_Group78" 32 32 29 16 13
"079_Group79" 22 27 29 22 20
"080_Group80" 20 20 5 13 7
"081_Group81" 11 14 10 12 8
"082_Group82" 23 13 14 21 17
"083_Group83" 17 12 15 11 7
"084_Group84" 36 13 12 13 7
"085_Group85" 14 17 12 13 6
"086_Group86" 20 2 6 1 3
"087_Group87" 27 11 5 8 8
"088_Group88" 14 8 9 14 13
"089_Group89" 8 13 7 6 8
"090_Group90" 14 11 8 9 15
"091_Group91" 10 9 8 10 7
"092_Group92" 18 12 9 15 6
"093_Group93" 14 10 9 12 10
"094_Group94" 14 10 8 10 6
"095_Group95" 12 13 10 8 12

"<<<<<< Group Activity: Number of wells/group >>>>>>"
Group/Time[m] 2 4 6 8 10
"000_Group0" 1 1 1 1 1
"001_Group1" 1 1 1 1 1
"002_Group2" 1 1 1 1 1
"003_Group3" 1 1 1 1 1
"004_Group4" 1 1 1 1 1
"005_Group5" 1 1 1 1 1
"006_Group6" 1 1 1 1 1
"007_Group7" 1 1 1 1 1
"008_Group8" 1 1 1 1 1
"009_Group9" 1 1 1 1 1
"010_Group10" 1 1 1 1 1
"011_Group11" 1 1 1 1 1
"012_Group12" 1 1 1 1 1
"013_Group13" 1 1 1 1 1
"014_Group14" 1 1 1 1 1
"015_Group15" 1 1 1 1 1
"016_Group16" 1 1 1 1 1
"017_Group17" 1 1 1 1 1
"018_Group18" 1 1 1 1 1
"019_Group19" 1 1 1 1 1
"020_Group20" 1 1 1 1 1
"021_Group21" 1 1 1 1 1
"022_Group22" 1 1 1 1 1
"023_Group23" 1 1 1 1 1
"024_Group24" 1 1 1 1 1
"025_Group25" 1 1 1 1 1
"026_Group26" 1 1 1 1 1
"027_Group27" 1 1 1 1 1
"028_Group28" 1 1 1 1 1
"029_Group29" 1 1 1 1 1
"030_Group30" 1 1 1 1 1
"031_Group31" 1 1 1 1 1
"032_Group32" 1 1 1 1 1
"033_Group33" 1 1 1 1 1
"034_Group34" 1 1 1 1 1
"035_Group35" 1 1 1 1 1
"036_Group36" 1 1 1 1 1
"037_Group37" 1 1 1 1 1
"038_Group38" 1 1 1 1 1
"039_Group39" 1 1 1 1 1
"040_Group40" 1 1 1 1 1
"041_Group41" 1 1 1 1 1
"042_Group42" 1 1 1 1 1
"043_Group43" 1 1 1 1 1
"044_Group44" 1 1 1 1 1
"045_Group45" 1 1 1 1 1
"046_Group46" 1 1 1 1 1
"047_Group47" 1 1 1 1 1
"048_Group48" 1 1 1 1 1
"049_Group49" 1 1 1 1 1
"050_Group50" 1 1 1 1 1
"051_Group51" 1 1 1 1 1
"052_Group52" 1 1 1 1 1
"053_Group53" 1 1 1 1 1
"054_Group54" 1 1 1 1 1
"055_Group55" 1 1 1 1 1
"056_Group56" 1 1 1 1 1
"057_Group57" 1 1 1 1 1
"058_Group58" 1 1 1 1 1
"059_Group59" 1 1 1 1 1
"060_Group60" 1 1 1 1 1
"061_Group61" 1 1 1 1 1
"062_Group62" 1 1 1 1 1
"063_Group63" 1 1 1 1 1
"064_Group64" 1 1 1 1 1
"065_Group65" 1 1 1 1 1
"066_Group66" 1 1 1 1 1
"067_Group67" 1 1 1 1 1
"068_Group68" 1 1 1 1 1
"069_Group69" 1 1 1 1 1
"070_Group70" 1 1 1 1 1
"071_Group71" 1 1 1 1 1
"072_Group72" 1 1 1 1 1
"073_Group73" 1 1 1 1 1
"074_Group74" 1 1 1 1 1
"075_Group75" 1 1 1 1 1
"076_Group76" 1 1 1 1 1
"077_Group77" 1 1 1 1 1
"078_Group78" 1 1 1 1 1
"079_Group79" 1 1 1 1 1
"080_Group80" 1 1 1 1 1
"081_Group81" 1 1 1 1 1
"082_Group82" 1 1 1 1 1
"083_Group83" 1 1 1 1 1
"084_Group84" 1 1 1 1 1
"085_Group85" 1 1 1 1 1
"086_Group86" 1 1 1 1 1
"087_Group87" 1 1 1 1 1
"088_Group88" 1 1 1 1 1
"089_Group89" 1 1 1 1 1
"090_Group90" 1 1 1 1 1
"091_Group91" 1 1 1 1 1
"092_Group92" 1 1 1 1 1
"093_Group93" 1 1 1 1 1
"094_Group94" 1 1 1 1 1
"095_Group95" 1 1 1 1 1

"<<<<<< Number of Samples per Acquisition Interval [1unit=500values] >>>>>>"
Time[m] 2 4 6 8 10 
#Samples 2 2 2 2 2 

"<<<<<< Average Temperature [°C] >>>>>>"
Time[m] 2 4 6 8 10 
Temp[°C] 21.0 21.1 21.1 21.1 21.1 

"<<<<<< Well Activity >>>>>>"
Well Group/Time[m] 2 4 6 8 10
A1 "000_Group0" 22 30 10 12 10
B1 "001_Group1" 17 42 21 14 24
C1 "002_Group2" 25 30 19 21 13
D1 "003_Group3" 32 35 16 13 10
E1 "004_Group4" 18 38 23 29 14
F1 "005_Group5" 19 25 25 23 17
G1 "006_Group6" 20 24 20 11 14
H1 "007_Group7" 24 22 22 25 18
A2 "008_Group8" 18 23 17 23 16
B2 "009_Group9" 22 27 17 19 14
C2 "010_Group10" 25 8 10 14 9
D2 "011_Group11" 13 20 21 13 16
E2 "012_Group12" 16 26 16 11 10
F2 "013_Group13" 31 24 29 20 15
G2 "014_Group14" 21 27 24 13 9
H2 "015_Group15" 14 25 17 16 9
A3 "016_Group16" 35 22 11 9 8
B3 "017_Group17" 28 18 18 16 8
C3 "018_Group18" 20 5 10 9 6
D3 "019_Group19" 0 0 0 0 0
E3 "020_Group20" 30 26 22 17 14
F3 "021_Group21" 29 15 16 16 12
G3 "022_Group22" 38 27 12 9 6
H3 "023_Group23" 25 18 14 8 7
A4 "024_Group24" 28 14 8 6 11
B4 "025_Group25" 36 18 24 12 28
C4 "026_Group26" 19 18 14 15 10
D4 "027_Group27" 28 24 16 13 18
E4 "028_Group28" 3 5 0 5 0
F4 "029_Group29" 22 21 21 11 10
G4 "030_Group30" 17 4 4 2 2
H4 "031_Group31" 19 30 12 14 8
A5 "032_Group32" 26 20 19 13 15
B5 "033_Group33" 22 23 10 2 5
C5 "034_Group34" 29 5 2 0 10
D5 "035_Group35" 40 37 33 7 5
E5 "036_Group36" 36 20 23 7 5
F5 "037_Group37" 12 16 2 7 2
G5 "038_Group38" 33 24 12 3 3
H5 "039_Group39" 13 4 9 3 8
A6 "040_Group40" 22 17 8 10 5
B6 "041_Group41" 11 7 1 2 2
C6 "042_Group42" 11 16 10 17 2
D6 "043_Group43" 12 7 24 7 3
E6 "044_Group44" 6 12 3 11 3
F6 "045_Group45" 8 3 6 10 4
G6 "046_Group46" 14 10 6 5 2
H6 "047_Group47" 8 15 17 6 7
A7 "048_Group48" 18 20 6 21 16
B7 "049_Group49" 12 5 6 10 10
C7 "050_Group50" 17 14 12 13 11
D7 "051_Group51" 33 10 11 8 5
E7 "052_Group52" 15 10 24 12 12
F7 "053_Group53" 15 10 10 7 12
G7 "054_Group54" 18 17 19 5 7
H7 "055_Group55" 24 6 7 7 4
A8 "056_Group56" 30 23 20 13 11
B8 "057_Group57" 33 19 7 15 6
C8 "058_Group58" 10 9 12 6 13
D8 "059_Group59" 19 16 13 9 15
E8 "060_Group60" 33 21 14 13 7
F8 "061_Group61" 24 23 16 12 11
G8 "062_Group62" 12 19 11 17 9
H8 "063_Group63" 47 20 2 8 10
A9 "064_Group64" 37 34 27 18 13
B9 "065_Group65" 45 33 21 14 24
C9 "066_Group66" 0 0 0 0 0
D9 "067_Group67" 45 44 30 15 24
E9 "068_Group68" 0 0 0 0 0
F9 "069_Group69" 34 43 21 38 27
G9 "070_Group70" 30 28 28 33 20
H9 "071_Group71" 29 19 20 27 26
A10 "072_Group72" 33 24 17 16 8
B10 "073_Group73" 27 24 9 9 15
C10 "074_Group74" 12 27 22 27 12
D10 "075_Group75" 27 29 26 16 11
E10 "076_Group76" 25 27 9 11 1
F10 "077_Group77" 27 28 23 9 9
G10 "078_Group78" 32 32 29 16 13
H10 "079_Group79" 22 27 29 22 20
A11 "080_Group80" 20 20 5 13 7
B11 "081_Group81" 11 14 10 12 8
C11 "082_Group82" 23 13 14 21 17
D11 "083_Group83" 17 12 15 11 7
E11 "084_Group84" 36 13 12 13 7
F11 "085_Group85" 14 17 12 13 6
G11 "086_Group86" 20 2 6 1 3
H11 "087_Group87" 27 11 5 8 8
A12 "088_Group88" 14 8 9 14 13
B12 "089_Group89" 8 13 7 6 8
C12 "090_Group90" 14 11 8 9 15
D12 "091_Group91" 10 9 8 10 7
E12 "092_Group92" 18 12 9 15 6
F12 "093_Group93" 14 10 9 12 10
G12 "094_Group94" 14 10 8 10 6
H12 "095_Group95" 12 13 10 8 12

"<<<<<< Channel Activity >>>>>>"
Channel Well Group/Time[m] 2 4 6 8 10
CH0 A1.0 "000_Group0" 22 30 10 12 10
CH2 B1.0 "001_Group1" 17 42 21 14 24
CH4 C1.0 "002_Group2" 25 30 19 21 13
CH6 D1.0 "003_Group3" 32 35 16 13 10
CH8 E1.0 "004_Group4" 18 38 23 29 14
CH10 F1.0 "005_Group5" 19 25 25 23 17
CH12 G1.0 "006_Group6" 20 24 20 11 14
CH14 H1.0 "007_Group7" 24 22 22 25 18
CH32 A2.0 "008_Group8" 18 23 17 23 16
CH34 B2.0 "009_Group9" 22 27 17 19 14
CH36 C2.0 "010_Group10" 25 8 10 14 9
CH38 D2.0 "011_Group11" 13 20 21 13 16
CH40 E2.0 "012_Group12" 16 26 16 11 10
CH42 F2.0 "013_Group13" 31 24 29 20 15
CH44 G2.0 "014_Group14" 21 27 24 13 9
CH46 H2.0 "015_Group15" 14 25 17 16 9
CH64 A3.0 "016_Group16" 35 22 11 9 8
CH66 B3.0 "017_Group17" 28 18 18 16 8
CH68 C3.0 "018_Group18" 20 5 10 9 6
CH70 D3.0 "019_Group19" 0 0 0 0 0
CH72 E3.0 "020_Group20" 30 26 22 17 14
CH74 F3.0 "021_Group21" 29 15 16 16 12
CH76 G3.0 "022_Group22" 38 27 12 9 6
CH78 H3.0 "023_Group23" 25 18 14 8 7
CH96 A4.0 "024_Group24" 28 14 8 6 11
CH98 B4.0 "025_Group25" 36 18 24 12 28
CH100 C4.0 "026_Group26" 19 18 14 15 10
CH102 D4.0 "027_Group27" 28 24 16 13 18
CH104 E4.0 "028_Group28" 3 5 0 5 0
CH106 F4.0 "029_Group29" 22 21 21 11 10
CH108 G4.0 "030_Group30" 17 4 4 2 2
CH110 H4.0 "031_Group31" 19 30 12 14 8
CH128 A5.0 "032_Group32" 26 20 19 13 15
CH130 B5.0 "033_Group33" 22 23 10 2 5
CH132 C5.0 "034_Group34" 29 5 2 0 10
CH134 D5.0 "035_Group35" 40 37 33 7 5
CH136 E5.0 "036_Group36" 36 20 23 7 5
CH138 F5.0 "037_Group37" 12 16 2 7 2
CH140 G5.0 "038_Group38" 33 24 12 3 3
CH142 H5.0 "039_Group39" 13 4 9 3 8
CH160 A6.0 "040_Group40" 22 17 8 10 5
CH162 B6.0 "041_Group41" 11 7 1 2 2
CH164 C6.0 "042_Group42" 11 16 10 17 2
CH166 D6.0 "043_Group43" 12 7 24 7 3
CH168 E6.0 "044_Group44" 6 12 3 11 3
CH170 F6.0 "045_Group45" 8 3 6 10 4
CH172 G6.0 "046_Group46" 14 10 6 5 2
CH174 H6.0 "047_Group47" 8 15 17 6 7
CH192 A7.0 "048_Group48" 18 20 6 21 16
CH194 B7.0 "049_Group49" 12 5 6 10 10
CH196 C7.0 "050_Group50" 17 14 12 13 11
CH198 D7.0 "051_Group51" 33 10 11 8 5
CH200 E7.0 "052_Group52" 15 10 24 12 12
CH202 F7.0 "053_Group53" 15 10 10 7 12
CH204 G7.0 "054_Group54" 18 17 19 5 7
CH206 H7.0 "055_Group55" 24 6 7 7 4
CH224 A8.0 "056_Group56" 30 23 20 13 11
CH226 B8.0 "057_Group57" 33 19 7 15 6
CH228 C8.0 "058_Group58" 10 9 12 6 13
CH230 D8.0 "059_Group59" 19 16 13 9 15
CH232 E8.0 "060_Group60" 33 21 14 13 7
CH234 F8.0 "061_Group61" 24 23 16 12 11
CH236 G8.0 "062_Group62" 12 19 11 17 9
CH238 H8.0 "063_Group63" 47 20 2 8 10
CH256 A9.0 "064_Group64" 37 34 27 18 13
CH258 B9.0 "065_Group65" 45 33 21 14 24
CH260 C9.0 "066_Group66" 0 0 0 0 0
CH262 D9.0 "067_Group67" 45 44 30 15 24
CH264 E9.0 "068_Group68" 0 0 0 0 0
CH266 F9.0 "069_Group69" 34 43 21 38 27
CH268 G9.0 "070_Group70" 30 28 28 33 20
CH270 H9.0 "071_Group71" 29 19 20 27 26
CH288 A10.0 "072_Group72" 33 24 17 16 8
CH290 B10.0 "073_Group73" 27 24 9 9 15
CH292 C10.0 "074_Group74" 12 27 22 27 12
CH294 D10.0 "075_Group75" 27 29 26 16 11
CH296 E10.0 "076_Group76" 25 27 9 11 1
CH298 F10.0 "077_Group77" 27 28 23 9 9
CH300 G10.0 "078_Group78" 32 32 29 16 13
CH302 H10.0 "079_Group79" 22 27 29 22 20
CH320 A11.0 "080_Group80" 20 20 5 13 7
CH322 B11.0 "081_Group81" 11 14 10 12 8
CH324 C11.0 "082_Group82" 23 13 14 21 17
CH326 D11.0 "083_Group83" 17 12 15 11 7
CH328 E11.0 "084_Group84" 36 13 12 13 7
CH330 F11.0 "085_Group85" 14 17 12 13 6
CH332 G11.0 "086_Group86" 20 2 6 1 3
CH334 H11.0 "087_Group87" 27 11 5 8 8
CH352 A12.0 "088_Group88" 14 8 9 14 13
CH354 B12.0 "089_Group89" 8 13 7 6 8
CH356 C12.0 "090_Group90" 14 11 8 9 15
CH358 D12.0 "091_Group91" 10 9 8 10 7
CH360 E12.0 "092_Group92" 18 12 9 15 6
CH362 F12.0 "093_Group93" 14 10 9 12 10
CH364 G12.0 "094_Group94" 14 10 8 10 6
CH366 H12.0 "095_Group95" 12 13 10 8 12
