"DATE:" "2/26/2015 8:52:03 AM"
"FILE:" "C:\Users\AndersenLab\Desktop\wmicrotracker\p00011\20150226_0839"
"SUBPROJECT:" "20150226_Longevity_4_3mgmL"

"<<<<<< Group Activity: Average Activity Counts per Data Interval>>>>>>"
Group/Time[m] 2 4 6 8 10
"000_Group0" 26 36 16 15 19
"001_Group1" 19 22 17 34 4
"002_Group2" 17 26 29 25 8
"003_Group3" 34 44 39 15 15
"004_Group4" 23 16 19 6 16
"005_Group5" 14 21 27 12 15
"006_Group6" 25 19 12 16 9
"007_Group7" 34 27 20 22 16
"008_Group8" 25 15 21 6 10
"009_Group9" 24 20 22 5 4
"010_Group10" 16 27 11 9 14
"011_Group11" 30 24 25 16 12
"012_Group12" 17 6 12 8 10
"013_Group13" 12 26 23 13 9
"014_Group14" 14 9 7 16 14
"015_Group15" 16 29 26 20 5
"016_Group16" 18 20 12 6 9
"017_Group17" 28 30 16 16 8
"018_Group18" 37 23 16 8 9
"019_Group19" 0 0 0 0 0
"020_Group20" 27 28 15 9 13
"021_Group21" 30 16 23 13 8
"022_Group22" 10 13 14 9 7
"023_Group23" 13 12 9 14 6
"024_Group24" 26 15 6 11 10
"025_Group25" 28 15 25 10 5
"026_Group26" 7 15 19 9 15
"027_Group27" 40 29 17 6 10
"028_Group28" 0 0 1 0 0
"029_Group29" 18 8 7 7 4
"030_Group30" 15 27 24 6 5
"031_Group31" 13 9 7 10 9
"032_Group32" 15 21 17 10 17
"033_Group33" 7 12 9 2 8
"034_Group34" 13 10 7 4 6
"035_Group35" 5 22 6 10 5
"036_Group36" 11 17 16 13 11
"037_Group37" 4 10 12 9 8
"038_Group38" 6 11 9 2 6
"039_Group39" 8 7 15 10 11
"040_Group40" 22 14 17 12 4
"041_Group41" 3 3 3 1 9
"042_Group42" 20 16 6 11 2
"043_Group43" 1 7 3 11 15
"044_Group44" 3 7 7 5 16
"045_Group45" 18 7 17 13 9
"046_Group46" 30 15 18 5 9
"047_Group47" 18 13 6 4 4
"048_Group48" 23 15 12 17 12
"049_Group49" 25 7 6 8 11
"050_Group50" 18 10 6 9 7
"051_Group51" 12 11 10 6 9
"052_Group52" 16 12 4 18 10
"053_Group53" 28 34 18 7 9
"054_Group54" 16 14 7 7 8
"055_Group55" 24 21 7 10 18
"056_Group56" 39 23 29 29 10
"057_Group57" 14 26 16 9 21
"058_Group58" 19 10 12 18 14
"059_Group59" 30 39 12 2 14
"060_Group60" 23 10 8 5 13
"061_Group61" 37 20 26 11 17
"062_Group62" 39 26 17 12 16
"063_Group63" 27 15 4 13 14
"064_Group64" 23 26 17 17 17
"065_Group65" 33 28 35 25 14
"066_Group66" 0 0 0 0 0
"067_Group67" 19 10 11 23 23
"068_Group68" 0 0 0 0 0
"069_Group69" 19 19 27 19 12
"070_Group70" 30 30 16 21 11
"071_Group71" 20 22 14 25 9
"072_Group72" 26 20 15 11 7
"073_Group73" 24 10 6 9 11
"074_Group74" 17 22 17 13 9
"075_Group75" 14 13 13 14 13
"076_Group76" 14 14 13 12 16
"077_Group77" 11 16 11 10 12
"078_Group78" 12 16 18 5 15
"079_Group79" 9 12 11 6 6
"080_Group80" 24 14 8 9 11
"081_Group81" 25 17 16 23 9
"082_Group82" 7 11 12 15 11
"083_Group83" 13 13 13 18 12
"084_Group84" 15 9 16 11 9
"085_Group85" 11 17 8 16 8
"086_Group86" 1 6 6 5 7
"087_Group87" 18 7 13 6 11
"088_Group88" 16 8 12 10 8
"089_Group89" 25 14 8 12 6
"090_Group90" 9 11 11 16 6
"091_Group91" 16 15 21 8 9
"092_Group92" 18 20 17 16 13
"093_Group93" 20 7 8 15 7
"094_Group94" 9 13 13 10 5
"095_Group95" 16 11 8 8 2

"<<<<<< Group Activity: Number of wells/group >>>>>>"
Group/Time[m] 2 4 6 8 10 11
"000_Group0" 1 1 1 1 1 1
"001_Group1" 1 1 1 1 1 1
"002_Group2" 1 1 1 1 1 1
"003_Group3" 1 1 1 1 1 1
"004_Group4" 1 1 1 1 1 1
"005_Group5" 1 1 1 1 1 1
"006_Group6" 1 1 1 1 1 1
"007_Group7" 1 1 1 1 1 1
"008_Group8" 1 1 1 1 1 1
"009_Group9" 1 1 1 1 1 1
"010_Group10" 1 1 1 1 1 1
"011_Group11" 1 1 1 1 1 1
"012_Group12" 1 1 1 1 1 1
"013_Group13" 1 1 1 1 1 1
"014_Group14" 1 1 1 1 1 1
"015_Group15" 1 1 1 1 1 1
"016_Group16" 1 1 1 1 1 1
"017_Group17" 1 1 1 1 1 1
"018_Group18" 1 1 1 1 1 1
"019_Group19" 1 1 1 1 1 1
"020_Group20" 1 1 1 1 1 1
"021_Group21" 1 1 1 1 1 1
"022_Group22" 1 1 1 1 1 1
"023_Group23" 1 1 1 1 1 1
"024_Group24" 1 1 1 1 1 1
"025_Group25" 1 1 1 1 1 1
"026_Group26" 1 1 1 1 1 1
"027_Group27" 1 1 1 1 1 1
"028_Group28" 1 1 1 1 1 1
"029_Group29" 1 1 1 1 1 1
"030_Group30" 1 1 1 1 1 1
"031_Group31" 1 1 1 1 1 1
"032_Group32" 1 1 1 1 1 1
"033_Group33" 1 1 1 1 1 1
"034_Group34" 1 1 1 1 1 1
"035_Group35" 1 1 1 1 1 1
"036_Group36" 1 1 1 1 1 1
"037_Group37" 1 1 1 1 1 1
"038_Group38" 1 1 1 1 1 1
"039_Group39" 1 1 1 1 1 1
"040_Group40" 1 1 1 1 1 1
"041_Group41" 1 1 1 1 1 1
"042_Group42" 1 1 1 1 1 1
"043_Group43" 1 1 1 1 1 1
"044_Group44" 1 1 1 1 1 1
"045_Group45" 1 1 1 1 1 1
"046_Group46" 1 1 1 1 1 1
"047_Group47" 1 1 1 1 1 1
"048_Group48" 1 1 1 1 1 1
"049_Group49" 1 1 1 1 1 1
"050_Group50" 1 1 1 1 1 1
"051_Group51" 1 1 1 1 1 1
"052_Group52" 1 1 1 1 1 1
"053_Group53" 1 1 1 1 1 1
"054_Group54" 1 1 1 1 1 1
"055_Group55" 1 1 1 1 1 1
"056_Group56" 1 1 1 1 1 1
"057_Group57" 1 1 1 1 1 1
"058_Group58" 1 1 1 1 1 1
"059_Group59" 1 1 1 1 1 1
"060_Group60" 1 1 1 1 1 1
"061_Group61" 1 1 1 1 1 1
"062_Group62" 1 1 1 1 1 1
"063_Group63" 1 1 1 1 1 1
"064_Group64" 1 1 1 1 1 1
"065_Group65" 1 1 1 1 1 1
"066_Group66" 1 1 1 1 1 1
"067_Group67" 1 1 1 1 1 1
"068_Group68" 1 1 1 1 1 1
"069_Group69" 1 1 1 1 1 1
"070_Group70" 1 1 1 1 1 1
"071_Group71" 1 1 1 1 1 1
"072_Group72" 1 1 1 1 1 1
"073_Group73" 1 1 1 1 1 1
"074_Group74" 1 1 1 1 1 1
"075_Group75" 1 1 1 1 1 1
"076_Group76" 1 1 1 1 1 1
"077_Group77" 1 1 1 1 1 1
"078_Group78" 1 1 1 1 1 1
"079_Group79" 1 1 1 1 1 1
"080_Group80" 1 1 1 1 1 1
"081_Group81" 1 1 1 1 1 1
"082_Group82" 1 1 1 1 1 1
"083_Group83" 1 1 1 1 1 1
"084_Group84" 1 1 1 1 1 1
"085_Group85" 1 1 1 1 1 1
"086_Group86" 1 1 1 1 1 1
"087_Group87" 1 1 1 1 1 1
"088_Group88" 1 1 1 1 1 1
"089_Group89" 1 1 1 1 1 1
"090_Group90" 1 1 1 1 1 1
"091_Group91" 1 1 1 1 1 1
"092_Group92" 1 1 1 1 1 1
"093_Group93" 1 1 1 1 1 1
"094_Group94" 1 1 1 1 1 1
"095_Group95" 1 1 1 1 1 1

"<<<<<< Number of Samples per Acquisition Interval [1unit=500values] >>>>>>"
Time[m] 2 4 6 8 10 11 
#Samples 2 2 2 2 2 1 

"<<<<<< Average Temperature [°C] >>>>>>"
Time[m] 2 4 6 8 10 11 
Temp[°C] 20.8 20.9 20.9 20.9 20.9 0.0 

"<<<<<< Well Activity >>>>>>"
Well Group/Time[m] 2 4 6 8 10 11
A1 "000_Group0" 26 36 16 15 19 5
B1 "001_Group1" 19 22 17 34 4 4
C1 "002_Group2" 17 26 29 25 8 9
D1 "003_Group3" 34 44 39 15 15 12
E1 "004_Group4" 23 16 19 6 16 12
F1 "005_Group5" 14 21 27 12 15 6
G1 "006_Group6" 25 19 12 16 9 4
H1 "007_Group7" 34 27 20 22 16 5
A2 "008_Group8" 25 15 21 6 10 10
B2 "009_Group9" 24 20 22 5 4 0
C2 "010_Group10" 16 27 11 9 14 6
D2 "011_Group11" 30 24 25 16 12 7
E2 "012_Group12" 17 6 12 8 10 11
F2 "013_Group13" 12 26 23 13 9 4
G2 "014_Group14" 14 9 7 16 14 8
H2 "015_Group15" 16 29 26 20 5 3
A3 "016_Group16" 18 20 12 6 9 8
B3 "017_Group17" 28 30 16 16 8 3
C3 "018_Group18" 37 23 16 8 9 3
D3 "019_Group19" 0 0 0 0 0 0
E3 "020_Group20" 27 28 15 9 13 10
F3 "021_Group21" 30 16 23 13 8 6
G3 "022_Group22" 10 13 14 9 7 2
H3 "023_Group23" 13 12 9 14 6 9
A4 "024_Group24" 26 15 6 11 10 2
B4 "025_Group25" 28 15 25 10 5 3
C4 "026_Group26" 7 15 19 9 15 4
D4 "027_Group27" 40 29 17 6 10 5
E4 "028_Group28" 0 0 1 0 0 1
F4 "029_Group29" 18 8 7 7 4 3
G4 "030_Group30" 15 27 24 6 5 10
H4 "031_Group31" 13 9 7 10 9 1
A5 "032_Group32" 15 21 17 10 17 12
B5 "033_Group33" 7 12 9 2 8 4
C5 "034_Group34" 13 10 7 4 6 1
D5 "035_Group35" 5 22 6 10 5 7
E5 "036_Group36" 11 17 16 13 11 8
F5 "037_Group37" 4 10 12 9 8 2
G5 "038_Group38" 6 11 9 2 6 7
H5 "039_Group39" 8 7 15 10 11 4
A6 "040_Group40" 22 14 17 12 4 2
B6 "041_Group41" 3 3 3 1 9 0
C6 "042_Group42" 20 16 6 11 2 0
D6 "043_Group43" 1 7 3 11 15 0
E6 "044_Group44" 3 7 7 5 16 2
F6 "045_Group45" 18 7 17 13 9 4
G6 "046_Group46" 30 15 18 5 9 2
H6 "047_Group47" 18 13 6 4 4 0
A7 "048_Group48" 23 15 12 17 12 4
B7 "049_Group49" 25 7 6 8 11 3
C7 "050_Group50" 18 10 6 9 7 4
D7 "051_Group51" 12 11 10 6 9 5
E7 "052_Group52" 16 12 4 18 10 0
F7 "053_Group53" 28 34 18 7 9 8
G7 "054_Group54" 16 14 7 7 8 2
H7 "055_Group55" 24 21 7 10 18 9
A8 "056_Group56" 39 23 29 29 10 11
B8 "057_Group57" 14 26 16 9 21 3
C8 "058_Group58" 19 10 12 18 14 4
D8 "059_Group59" 30 39 12 2 14 7
E8 "060_Group60" 23 10 8 5 13 5
F8 "061_Group61" 37 20 26 11 17 0
G8 "062_Group62" 39 26 17 12 16 7
H8 "063_Group63" 27 15 4 13 14 8
A9 "064_Group64" 23 26 17 17 17 9
B9 "065_Group65" 33 28 35 25 14 2
C9 "066_Group66" 0 0 0 0 0 0
D9 "067_Group67" 19 10 11 23 23 13
E9 "068_Group68" 0 0 0 0 0 0
F9 "069_Group69" 19 19 27 19 12 10
G9 "070_Group70" 30 30 16 21 11 9
H9 "071_Group71" 20 22 14 25 9 5
A10 "072_Group72" 26 20 15 11 7 3
B10 "073_Group73" 24 10 6 9 11 6
C10 "074_Group74" 17 22 17 13 9 5
D10 "075_Group75" 14 13 13 14 13 7
E10 "076_Group76" 14 14 13 12 16 5
F10 "077_Group77" 11 16 11 10 12 3
G10 "078_Group78" 12 16 18 5 15 11
H10 "079_Group79" 9 12 11 6 6 5
A11 "080_Group80" 24 14 8 9 11 9
B11 "081_Group81" 25 17 16 23 9 9
C11 "082_Group82" 7 11 12 15 11 4
D11 "083_Group83" 13 13 13 18 12 2
E11 "084_Group84" 15 9 16 11 9 5
F11 "085_Group85" 11 17 8 16 8 2
G11 "086_Group86" 1 6 6 5 7 0
H11 "087_Group87" 18 7 13 6 11 6
A12 "088_Group88" 16 8 12 10 8 6
B12 "089_Group89" 25 14 8 12 6 6
C12 "090_Group90" 9 11 11 16 6 9
D12 "091_Group91" 16 15 21 8 9 4
E12 "092_Group92" 18 20 17 16 13 6
F12 "093_Group93" 20 7 8 15 7 6
G12 "094_Group94" 9 13 13 10 5 2
H12 "095_Group95" 16 11 8 8 2 4

"<<<<<< Channel Activity >>>>>>"
Channel Well Group/Time[m] 2 4 6 8 10 11
CH0 A1.0 "000_Group0" 26 36 16 15 19 5
CH2 B1.0 "001_Group1" 19 22 17 34 4 4
CH4 C1.0 "002_Group2" 17 26 29 25 8 9
CH6 D1.0 "003_Group3" 34 44 39 15 15 12
CH8 E1.0 "004_Group4" 23 16 19 6 16 12
CH10 F1.0 "005_Group5" 14 21 27 12 15 6
CH12 G1.0 "006_Group6" 25 19 12 16 9 4
CH14 H1.0 "007_Group7" 34 27 20 22 16 5
CH32 A2.0 "008_Group8" 25 15 21 6 10 10
CH34 B2.0 "009_Group9" 24 20 22 5 4 0
CH36 C2.0 "010_Group10" 16 27 11 9 14 6
CH38 D2.0 "011_Group11" 30 24 25 16 12 7
CH40 E2.0 "012_Group12" 17 6 12 8 10 11
CH42 F2.0 "013_Group13" 12 26 23 13 9 4
CH44 G2.0 "014_Group14" 14 9 7 16 14 8
CH46 H2.0 "015_Group15" 16 29 26 20 5 3
CH64 A3.0 "016_Group16" 18 20 12 6 9 8
CH66 B3.0 "017_Group17" 28 30 16 16 8 3
CH68 C3.0 "018_Group18" 37 23 16 8 9 3
CH70 D3.0 "019_Group19" 0 0 0 0 0 0
CH72 E3.0 "020_Group20" 27 28 15 9 13 10
CH74 F3.0 "021_Group21" 30 16 23 13 8 6
CH76 G3.0 "022_Group22" 10 13 14 9 7 2
CH78 H3.0 "023_Group23" 13 12 9 14 6 9
CH96 A4.0 "024_Group24" 26 15 6 11 10 2
CH98 B4.0 "025_Group25" 28 15 25 10 5 3
CH100 C4.0 "026_Group26" 7 15 19 9 15 4
CH102 D4.0 "027_Group27" 40 29 17 6 10 5
CH104 E4.0 "028_Group28" 0 0 1 0 0 1
CH106 F4.0 "029_Group29" 18 8 7 7 4 3
CH108 G4.0 "030_Group30" 15 27 24 6 5 10
CH110 H4.0 "031_Group31" 13 9 7 10 9 1
CH128 A5.0 "032_Group32" 15 21 17 10 17 12
CH130 B5.0 "033_Group33" 7 12 9 2 8 4
CH132 C5.0 "034_Group34" 13 10 7 4 6 1
CH134 D5.0 "035_Group35" 5 22 6 10 5 7
CH136 E5.0 "036_Group36" 11 17 16 13 11 8
CH138 F5.0 "037_Group37" 4 10 12 9 8 2
CH140 G5.0 "038_Group38" 6 11 9 2 6 7
CH142 H5.0 "039_Group39" 8 7 15 10 11 4
CH160 A6.0 "040_Group40" 22 14 17 12 4 2
CH162 B6.0 "041_Group41" 3 3 3 1 9 0
CH164 C6.0 "042_Group42" 20 16 6 11 2 0
CH166 D6.0 "043_Group43" 1 7 3 11 15 0
CH168 E6.0 "044_Group44" 3 7 7 5 16 2
CH170 F6.0 "045_Group45" 18 7 17 13 9 4
CH172 G6.0 "046_Group46" 30 15 18 5 9 2
CH174 H6.0 "047_Group47" 18 13 6 4 4 0
CH192 A7.0 "048_Group48" 23 15 12 17 12 4
CH194 B7.0 "049_Group49" 25 7 6 8 11 3
CH196 C7.0 "050_Group50" 18 10 6 9 7 4
CH198 D7.0 "051_Group51" 12 11 10 6 9 5
CH200 E7.0 "052_Group52" 16 12 4 18 10 0
CH202 F7.0 "053_Group53" 28 34 18 7 9 8
CH204 G7.0 "054_Group54" 16 14 7 7 8 2
CH206 H7.0 "055_Group55" 24 21 7 10 18 9
CH224 A8.0 "056_Group56" 39 23 29 29 10 11
CH226 B8.0 "057_Group57" 14 26 16 9 21 3
CH228 C8.0 "058_Group58" 19 10 12 18 14 4
CH230 D8.0 "059_Group59" 30 39 12 2 14 7
CH232 E8.0 "060_Group60" 23 10 8 5 13 5
CH234 F8.0 "061_Group61" 37 20 26 11 17 0
CH236 G8.0 "062_Group62" 39 26 17 12 16 7
CH238 H8.0 "063_Group63" 27 15 4 13 14 8
CH256 A9.0 "064_Group64" 23 26 17 17 17 9
CH258 B9.0 "065_Group65" 33 28 35 25 14 2
CH260 C9.0 "066_Group66" 0 0 0 0 0 0
CH262 D9.0 "067_Group67" 19 10 11 23 23 13
CH264 E9.0 "068_Group68" 0 0 0 0 0 0
CH266 F9.0 "069_Group69" 19 19 27 19 12 10
CH268 G9.0 "070_Group70" 30 30 16 21 11 9
CH270 H9.0 "071_Group71" 20 22 14 25 9 5
CH288 A10.0 "072_Group72" 26 20 15 11 7 3
CH290 B10.0 "073_Group73" 24 10 6 9 11 6
CH292 C10.0 "074_Group74" 17 22 17 13 9 5
CH294 D10.0 "075_Group75" 14 13 13 14 13 7
CH296 E10.0 "076_Group76" 14 14 13 12 16 5
CH298 F10.0 "077_Group77" 11 16 11 10 12 3
CH300 G10.0 "078_Group78" 12 16 18 5 15 11
CH302 H10.0 "079_Group79" 9 12 11 6 6 5
CH320 A11.0 "080_Group80" 24 14 8 9 11 9
CH322 B11.0 "081_Group81" 25 17 16 23 9 9
CH324 C11.0 "082_Group82" 7 11 12 15 11 4
CH326 D11.0 "083_Group83" 13 13 13 18 12 2
CH328 E11.0 "084_Group84" 15 9 16 11 9 5
CH330 F11.0 "085_Group85" 11 17 8 16 8 2
CH332 G11.0 "086_Group86" 1 6 6 5 7 0
CH334 H11.0 "087_Group87" 18 7 13 6 11 6
CH352 A12.0 "088_Group88" 16 8 12 10 8 6
CH354 B12.0 "089_Group89" 25 14 8 12 6 6
CH356 C12.0 "090_Group90" 9 11 11 16 6 9
CH358 D12.0 "091_Group91" 16 15 21 8 9 4
CH360 E12.0 "092_Group92" 18 20 17 16 13 6
CH362 F12.0 "093_Group93" 20 7 8 15 7 6
CH364 G12.0 "094_Group94" 9 13 13 10 5 2
CH366 H12.0 "095_Group95" 16 11 8 8 2 4
