"DATE:" "2/23/2015 8:02:37 AM"
"FILE:" "C:\Users\AndersenLab\Desktop\wmicrotracker\p00011\20150223_0751"
"SUBPROJECT:" "20150223_Longevity_4_3mgmL"

"<<<<<< Group Activity: Average Activity Counts per Data Interval>>>>>>"
Group/Time[m] 2 4 6 8 10
"000_Group0" 55 27 17 26 6
"001_Group1" 11 20 32 20 18
"002_Group2" 25 37 29 28 30
"003_Group3" 24 48 33 28 46
"004_Group4" 35 20 33 44 16
"005_Group5" 42 47 18 41 18
"006_Group6" 11 30 32 24 16
"007_Group7" 28 25 21 16 27
"008_Group8" 12 26 18 19 17
"009_Group9" 6 31 25 39 21
"010_Group10" 14 29 29 32 24
"011_Group11" 23 39 32 27 28
"012_Group12" 13 24 29 31 23
"013_Group13" 16 26 36 15 23
"014_Group14" 19 33 33 16 19
"015_Group15" 21 32 41 29 23
"016_Group16" 25 28 17 16 18
"017_Group17" 5 21 13 12 15
"018_Group18" 17 12 6 9 10
"019_Group19" 0 0 0 0 0
"020_Group20" 12 12 19 11 14
"021_Group21" 6 13 16 7 12
"022_Group22" 11 11 15 15 6
"023_Group23" 11 8 39 37 28
"024_Group24" 22 20 21 16 10
"025_Group25" 14 9 7 11 11
"026_Group26" 24 20 17 13 20
"027_Group27" 16 15 8 7 10
"028_Group28" 21 18 13 11 5
"029_Group29" 37 33 21 23 18
"030_Group30" 22 18 11 6 12
"031_Group31" 8 28 22 15 17
"032_Group32" 29 14 14 21 14
"033_Group33" 10 13 15 30 9
"034_Group34" 6 8 10 11 6
"035_Group35" 17 14 10 7 9
"036_Group36" 9 13 8 12 13
"037_Group37" 13 27 17 22 11
"038_Group38" 7 14 6 12 10
"039_Group39" 6 6 9 10 14
"040_Group40" 14 15 7 20 11
"041_Group41" 9 8 13 12 7
"042_Group42" 10 7 15 11 22
"043_Group43" 38 8 6 18 7
"044_Group44" 12 10 12 19 17
"045_Group45" 11 17 22 10 7
"046_Group46" 18 14 11 22 14
"047_Group47" 7 10 11 7 8
"048_Group48" 17 14 7 6 13
"049_Group49" 22 33 22 11 5
"050_Group50" 22 42 13 8 15
"051_Group51" 16 39 22 8 14
"052_Group52" 10 6 6 7 11
"053_Group53" 14 6 11 2 7
"054_Group54" 23 41 19 12 10
"055_Group55" 28 24 16 8 9
"056_Group56" 23 37 23 20 18
"057_Group57" 49 27 28 8 11
"058_Group58" 33 45 26 7 20
"059_Group59" 23 34 15 4 11
"060_Group60" 11 18 29 19 15
"061_Group61" 40 20 21 8 8
"062_Group62" 51 29 33 14 19
"063_Group63" 33 51 30 19 19
"064_Group64" 15 23 32 22 10
"065_Group65" 29 21 16 13 24
"066_Group66" 0 0 0 0 0
"067_Group67" 40 41 39 23 17
"068_Group68" 0 0 0 0 0
"069_Group69" 26 29 42 31 20
"070_Group70" 18 18 27 11 7
"071_Group71" 13 13 28 22 14
"072_Group72" 18 22 16 18 12
"073_Group73" 18 17 20 12 7
"074_Group74" 13 20 22 20 14
"075_Group75" 5 15 32 18 11
"076_Group76" 16 21 24 17 12
"077_Group77" 36 23 14 23 26
"078_Group78" 9 10 15 21 10
"079_Group79" 14 12 22 26 12
"080_Group80" 16 9 11 12 5
"081_Group81" 15 19 14 8 11
"082_Group82" 21 10 5 12 14
"083_Group83" 14 10 12 21 10
"084_Group84" 9 11 10 9 11
"085_Group85" 10 22 11 11 9
"086_Group86" 13 15 9 13 5
"087_Group87" 9 11 13 4 18
"088_Group88" 4 13 7 11 5
"089_Group89" 8 16 12 9 5
"090_Group90" 11 15 19 12 10
"091_Group91" 8 8 5 21 9
"092_Group92" 15 14 11 12 11
"093_Group93" 10 4 3 11 8
"094_Group94" 9 14 23 10 18
"095_Group95" 9 10 11 14 16

"<<<<<< Group Activity: Number of wells/group >>>>>>"
Group/Time[m] 2 4 6 8 10
"000_Group0" 1 1 1 1 1
"001_Group1" 1 1 1 1 1
"002_Group2" 1 1 1 1 1
"003_Group3" 1 1 1 1 1
"004_Group4" 1 1 1 1 1
"005_Group5" 1 1 1 1 1
"006_Group6" 1 1 1 1 1
"007_Group7" 1 1 1 1 1
"008_Group8" 1 1 1 1 1
"009_Group9" 1 1 1 1 1
"010_Group10" 1 1 1 1 1
"011_Group11" 1 1 1 1 1
"012_Group12" 1 1 1 1 1
"013_Group13" 1 1 1 1 1
"014_Group14" 1 1 1 1 1
"015_Group15" 1 1 1 1 1
"016_Group16" 1 1 1 1 1
"017_Group17" 1 1 1 1 1
"018_Group18" 1 1 1 1 1
"019_Group19" 1 1 1 1 1
"020_Group20" 1 1 1 1 1
"021_Group21" 1 1 1 1 1
"022_Group22" 1 1 1 1 1
"023_Group23" 1 1 1 1 1
"024_Group24" 1 1 1 1 1
"025_Group25" 1 1 1 1 1
"026_Group26" 1 1 1 1 1
"027_Group27" 1 1 1 1 1
"028_Group28" 1 1 1 1 1
"029_Group29" 1 1 1 1 1
"030_Group30" 1 1 1 1 1
"031_Group31" 1 1 1 1 1
"032_Group32" 1 1 1 1 1
"033_Group33" 1 1 1 1 1
"034_Group34" 1 1 1 1 1
"035_Group35" 1 1 1 1 1
"036_Group36" 1 1 1 1 1
"037_Group37" 1 1 1 1 1
"038_Group38" 1 1 1 1 1
"039_Group39" 1 1 1 1 1
"040_Group40" 1 1 1 1 1
"041_Group41" 1 1 1 1 1
"042_Group42" 1 1 1 1 1
"043_Group43" 1 1 1 1 1
"044_Group44" 1 1 1 1 1
"045_Group45" 1 1 1 1 1
"046_Group46" 1 1 1 1 1
"047_Group47" 1 1 1 1 1
"048_Group48" 1 1 1 1 1
"049_Group49" 1 1 1 1 1
"050_Group50" 1 1 1 1 1
"051_Group51" 1 1 1 1 1
"052_Group52" 1 1 1 1 1
"053_Group53" 1 1 1 1 1
"054_Group54" 1 1 1 1 1
"055_Group55" 1 1 1 1 1
"056_Group56" 1 1 1 1 1
"057_Group57" 1 1 1 1 1
"058_Group58" 1 1 1 1 1
"059_Group59" 1 1 1 1 1
"060_Group60" 1 1 1 1 1
"061_Group61" 1 1 1 1 1
"062_Group62" 1 1 1 1 1
"063_Group63" 1 1 1 1 1
"064_Group64" 1 1 1 1 1
"065_Group65" 1 1 1 1 1
"066_Group66" 1 1 1 1 1
"067_Group67" 1 1 1 1 1
"068_Group68" 1 1 1 1 1
"069_Group69" 1 1 1 1 1
"070_Group70" 1 1 1 1 1
"071_Group71" 1 1 1 1 1
"072_Group72" 1 1 1 1 1
"073_Group73" 1 1 1 1 1
"074_Group74" 1 1 1 1 1
"075_Group75" 1 1 1 1 1
"076_Group76" 1 1 1 1 1
"077_Group77" 1 1 1 1 1
"078_Group78" 1 1 1 1 1
"079_Group79" 1 1 1 1 1
"080_Group80" 1 1 1 1 1
"081_Group81" 1 1 1 1 1
"082_Group82" 1 1 1 1 1
"083_Group83" 1 1 1 1 1
"084_Group84" 1 1 1 1 1
"085_Group85" 1 1 1 1 1
"086_Group86" 1 1 1 1 1
"087_Group87" 1 1 1 1 1
"088_Group88" 1 1 1 1 1
"089_Group89" 1 1 1 1 1
"090_Group90" 1 1 1 1 1
"091_Group91" 1 1 1 1 1
"092_Group92" 1 1 1 1 1
"093_Group93" 1 1 1 1 1
"094_Group94" 1 1 1 1 1
"095_Group95" 1 1 1 1 1

"<<<<<< Number of Samples per Acquisition Interval [1unit=500values] >>>>>>"
Time[m] 2 4 6 8 10 
#Samples 2 2 2 2 2 

"<<<<<< Average Temperature [°C] >>>>>>"
Time[m] 2 4 6 8 10 
Temp[°C] 19.8 19.8 20.0 19.9 20.0 

"<<<<<< Well Activity >>>>>>"
Well Group/Time[m] 2 4 6 8 10
A1 "000_Group0" 55 27 17 26 6
B1 "001_Group1" 11 20 32 20 18
C1 "002_Group2" 25 37 29 28 30
D1 "003_Group3" 24 48 33 28 46
E1 "004_Group4" 35 20 33 44 16
F1 "005_Group5" 42 47 18 41 18
G1 "006_Group6" 11 30 32 24 16
H1 "007_Group7" 28 25 21 16 27
A2 "008_Group8" 12 26 18 19 17
B2 "009_Group9" 6 31 25 39 21
C2 "010_Group10" 14 29 29 32 24
D2 "011_Group11" 23 39 32 27 28
E2 "012_Group12" 13 24 29 31 23
F2 "013_Group13" 16 26 36 15 23
G2 "014_Group14" 19 33 33 16 19
H2 "015_Group15" 21 32 41 29 23
A3 "016_Group16" 25 28 17 16 18
B3 "017_Group17" 5 21 13 12 15
C3 "018_Group18" 17 12 6 9 10
D3 "019_Group19" 0 0 0 0 0
E3 "020_Group20" 12 12 19 11 14
F3 "021_Group21" 6 13 16 7 12
G3 "022_Group22" 11 11 15 15 6
H3 "023_Group23" 11 8 39 37 28
A4 "024_Group24" 22 20 21 16 10
B4 "025_Group25" 14 9 7 11 11
C4 "026_Group26" 24 20 17 13 20
D4 "027_Group27" 16 15 8 7 10
E4 "028_Group28" 21 18 13 11 5
F4 "029_Group29" 37 33 21 23 18
G4 "030_Group30" 22 18 11 6 12
H4 "031_Group31" 8 28 22 15 17
A5 "032_Group32" 29 14 14 21 14
B5 "033_Group33" 10 13 15 30 9
C5 "034_Group34" 6 8 10 11 6
D5 "035_Group35" 17 14 10 7 9
E5 "036_Group36" 9 13 8 12 13
F5 "037_Group37" 13 27 17 22 11
G5 "038_Group38" 7 14 6 12 10
H5 "039_Group39" 6 6 9 10 14
A6 "040_Group40" 14 15 7 20 11
B6 "041_Group41" 9 8 13 12 7
C6 "042_Group42" 10 7 15 11 22
D6 "043_Group43" 38 8 6 18 7
E6 "044_Group44" 12 10 12 19 17
F6 "045_Group45" 11 17 22 10 7
G6 "046_Group46" 18 14 11 22 14
H6 "047_Group47" 7 10 11 7 8
A7 "048_Group48" 17 14 7 6 13
B7 "049_Group49" 22 33 22 11 5
C7 "050_Group50" 22 42 13 8 15
D7 "051_Group51" 16 39 22 8 14
E7 "052_Group52" 10 6 6 7 11
F7 "053_Group53" 14 6 11 2 7
G7 "054_Group54" 23 41 19 12 10
H7 "055_Group55" 28 24 16 8 9
A8 "056_Group56" 23 37 23 20 18
B8 "057_Group57" 49 27 28 8 11
C8 "058_Group58" 33 45 26 7 20
D8 "059_Group59" 23 34 15 4 11
E8 "060_Group60" 11 18 29 19 15
F8 "061_Group61" 40 20 21 8 8
G8 "062_Group62" 51 29 33 14 19
H8 "063_Group63" 33 51 30 19 19
A9 "064_Group64" 15 23 32 22 10
B9 "065_Group65" 29 21 16 13 24
C9 "066_Group66" 0 0 0 0 0
D9 "067_Group67" 40 41 39 23 17
E9 "068_Group68" 0 0 0 0 0
F9 "069_Group69" 26 29 42 31 20
G9 "070_Group70" 18 18 27 11 7
H9 "071_Group71" 13 13 28 22 14
A10 "072_Group72" 18 22 16 18 12
B10 "073_Group73" 18 17 20 12 7
C10 "074_Group74" 13 20 22 20 14
D10 "075_Group75" 5 15 32 18 11
E10 "076_Group76" 16 21 24 17 12
F10 "077_Group77" 36 23 14 23 26
G10 "078_Group78" 9 10 15 21 10
H10 "079_Group79" 14 12 22 26 12
A11 "080_Group80" 16 9 11 12 5
B11 "081_Group81" 15 19 14 8 11
C11 "082_Group82" 21 10 5 12 14
D11 "083_Group83" 14 10 12 21 10
E11 "084_Group84" 9 11 10 9 11
F11 "085_Group85" 10 22 11 11 9
G11 "086_Group86" 13 15 9 13 5
H11 "087_Group87" 9 11 13 4 18
A12 "088_Group88" 4 13 7 11 5
B12 "089_Group89" 8 16 12 9 5
C12 "090_Group90" 11 15 19 12 10
D12 "091_Group91" 8 8 5 21 9
E12 "092_Group92" 15 14 11 12 11
F12 "093_Group93" 10 4 3 11 8
G12 "094_Group94" 9 14 23 10 18
H12 "095_Group95" 9 10 11 14 16

"<<<<<< Channel Activity >>>>>>"
Channel Well Group/Time[m] 2 4 6 8 10
CH0 A1.0 "000_Group0" 55 27 17 26 6
CH2 B1.0 "001_Group1" 11 20 32 20 18
CH4 C1.0 "002_Group2" 25 37 29 28 30
CH6 D1.0 "003_Group3" 24 48 33 28 46
CH8 E1.0 "004_Group4" 35 20 33 44 16
CH10 F1.0 "005_Group5" 42 47 18 41 18
CH12 G1.0 "006_Group6" 11 30 32 24 16
CH14 H1.0 "007_Group7" 28 25 21 16 27
CH32 A2.0 "008_Group8" 12 26 18 19 17
CH34 B2.0 "009_Group9" 6 31 25 39 21
CH36 C2.0 "010_Group10" 14 29 29 32 24
CH38 D2.0 "011_Group11" 23 39 32 27 28
CH40 E2.0 "012_Group12" 13 24 29 31 23
CH42 F2.0 "013_Group13" 16 26 36 15 23
CH44 G2.0 "014_Group14" 19 33 33 16 19
CH46 H2.0 "015_Group15" 21 32 41 29 23
CH64 A3.0 "016_Group16" 25 28 17 16 18
CH66 B3.0 "017_Group17" 5 21 13 12 15
CH68 C3.0 "018_Group18" 17 12 6 9 10
CH70 D3.0 "019_Group19" 0 0 0 0 0
CH72 E3.0 "020_Group20" 12 12 19 11 14
CH74 F3.0 "021_Group21" 6 13 16 7 12
CH76 G3.0 "022_Group22" 11 11 15 15 6
CH78 H3.0 "023_Group23" 11 8 39 37 28
CH96 A4.0 "024_Group24" 22 20 21 16 10
CH98 B4.0 "025_Group25" 14 9 7 11 11
CH100 C4.0 "026_Group26" 24 20 17 13 20
CH102 D4.0 "027_Group27" 16 15 8 7 10
CH104 E4.0 "028_Group28" 21 18 13 11 5
CH106 F4.0 "029_Group29" 37 33 21 23 18
CH108 G4.0 "030_Group30" 22 18 11 6 12
CH110 H4.0 "031_Group31" 8 28 22 15 17
CH128 A5.0 "032_Group32" 29 14 14 21 14
CH130 B5.0 "033_Group33" 10 13 15 30 9
CH132 C5.0 "034_Group34" 6 8 10 11 6
CH134 D5.0 "035_Group35" 17 14 10 7 9
CH136 E5.0 "036_Group36" 9 13 8 12 13
CH138 F5.0 "037_Group37" 13 27 17 22 11
CH140 G5.0 "038_Group38" 7 14 6 12 10
CH142 H5.0 "039_Group39" 6 6 9 10 14
CH160 A6.0 "040_Group40" 14 15 7 20 11
CH162 B6.0 "041_Group41" 9 8 13 12 7
CH164 C6.0 "042_Group42" 10 7 15 11 22
CH166 D6.0 "043_Group43" 38 8 6 18 7
CH168 E6.0 "044_Group44" 12 10 12 19 17
CH170 F6.0 "045_Group45" 11 17 22 10 7
CH172 G6.0 "046_Group46" 18 14 11 22 14
CH174 H6.0 "047_Group47" 7 10 11 7 8
CH192 A7.0 "048_Group48" 17 14 7 6 13
CH194 B7.0 "049_Group49" 22 33 22 11 5
CH196 C7.0 "050_Group50" 22 42 13 8 15
CH198 D7.0 "051_Group51" 16 39 22 8 14
CH200 E7.0 "052_Group52" 10 6 6 7 11
CH202 F7.0 "053_Group53" 14 6 11 2 7
CH204 G7.0 "054_Group54" 23 41 19 12 10
CH206 H7.0 "055_Group55" 28 24 16 8 9
CH224 A8.0 "056_Group56" 23 37 23 20 18
CH226 B8.0 "057_Group57" 49 27 28 8 11
CH228 C8.0 "058_Group58" 33 45 26 7 20
CH230 D8.0 "059_Group59" 23 34 15 4 11
CH232 E8.0 "060_Group60" 11 18 29 19 15
CH234 F8.0 "061_Group61" 40 20 21 8 8
CH236 G8.0 "062_Group62" 51 29 33 14 19
CH238 H8.0 "063_Group63" 33 51 30 19 19
CH256 A9.0 "064_Group64" 15 23 32 22 10
CH258 B9.0 "065_Group65" 29 21 16 13 24
CH260 C9.0 "066_Group66" 0 0 0 0 0
CH262 D9.0 "067_Group67" 40 41 39 23 17
CH264 E9.0 "068_Group68" 0 0 0 0 0
CH266 F9.0 "069_Group69" 26 29 42 31 20
CH268 G9.0 "070_Group70" 18 18 27 11 7
CH270 H9.0 "071_Group71" 13 13 28 22 14
CH288 A10.0 "072_Group72" 18 22 16 18 12
CH290 B10.0 "073_Group73" 18 17 20 12 7
CH292 C10.0 "074_Group74" 13 20 22 20 14
CH294 D10.0 "075_Group75" 5 15 32 18 11
CH296 E10.0 "076_Group76" 16 21 24 17 12
CH298 F10.0 "077_Group77" 36 23 14 23 26
CH300 G10.0 "078_Group78" 9 10 15 21 10
CH302 H10.0 "079_Group79" 14 12 22 26 12
CH320 A11.0 "080_Group80" 16 9 11 12 5
CH322 B11.0 "081_Group81" 15 19 14 8 11
CH324 C11.0 "082_Group82" 21 10 5 12 14
CH326 D11.0 "083_Group83" 14 10 12 21 10
CH328 E11.0 "084_Group84" 9 11 10 9 11
CH330 F11.0 "085_Group85" 10 22 11 11 9
CH332 G11.0 "086_Group86" 13 15 9 13 5
CH334 H11.0 "087_Group87" 9 11 13 4 18
CH352 A12.0 "088_Group88" 4 13 7 11 5
CH354 B12.0 "089_Group89" 8 16 12 9 5
CH356 C12.0 "090_Group90" 11 15 19 12 10
CH358 D12.0 "091_Group91" 8 8 5 21 9
CH360 E12.0 "092_Group92" 15 14 11 12 11
CH362 F12.0 "093_Group93" 10 4 3 11 8
CH364 G12.0 "094_Group94" 9 14 23 10 18
CH366 H12.0 "095_Group95" 9 10 11 14 16
