"DATE:" "3/8/2015 9:43:15 AM"
"FILE:" "C:\Users\AndersenLab\Desktop\wmicrotracker\p00011\20150308_0931"
"SUBPROJECT:" "20150308_Longevity_4_3mgmL"

"<<<<<< Group Activity: Average Activity Counts per Data Interval>>>>>>"
Group/Time[m] 2 4 6 8 10
"000_Group0" 2 10 5 6 3
"001_Group1" 9 1 0 0 6
"002_Group2" 5 8 8 9 5
"003_Group3" 9 4 4 11 1
"004_Group4" 12 6 14 5 2
"005_Group5" 6 5 6 6 5
"006_Group6" 0 1 0 0 2
"007_Group7" 0 0 0 0 0
"008_Group8" 1 0 0 0 0
"009_Group9" 0 0 0 0 0
"010_Group10" 4 7 11 3 6
"011_Group11" 7 5 8 10 5
"012_Group12" 13 8 7 4 7
"013_Group13" 10 9 9 7 2
"014_Group14" 14 13 9 11 7
"015_Group15" 3 4 2 6 3
"016_Group16" 16 13 8 6 6
"017_Group17" 9 11 2 8 14
"018_Group18" 4 9 7 7 9
"019_Group19" 0 0 0 0 0
"020_Group20" 4 5 3 5 1
"021_Group21" 0 0 0 0 0
"022_Group22" 2 8 7 4 4
"023_Group23" 9 3 5 9 1
"024_Group24" 6 7 1 0 0
"025_Group25" 0 0 0 0 0
"026_Group26" 10 12 8 9 5
"027_Group27" 4 7 2 2 6
"028_Group28" 0 0 0 0 0
"029_Group29" 9 2 10 11 8
"030_Group30" 0 0 0 0 0
"031_Group31" 10 11 5 1 6
"032_Group32" 0 10 0 0 0
"033_Group33" 12 11 13 7 5
"034_Group34" 7 9 5 2 3
"035_Group35" 10 21 11 18 8
"036_Group36" 9 14 10 7 11
"037_Group37" 18 3 4 6 2
"038_Group38" 9 10 15 8 11
"039_Group39" 18 9 5 2 10
"040_Group40" 5 9 5 11 0
"041_Group41" 5 0 1 0 1
"042_Group42" 5 2 6 7 5
"043_Group43" 6 11 1 4 2
"044_Group44" 14 6 13 1 3
"045_Group45" 0 0 0 0 0
"046_Group46" 0 4 6 7 0
"047_Group47" 12 7 1 0 0
"048_Group48" 7 9 3 0 2
"049_Group49" 9 5 4 7 7
"050_Group50" 0 0 0 0 0
"051_Group51" 0 0 0 0 0
"052_Group52" 0 0 0 0 0
"053_Group53" 0 0 0 0 0
"054_Group54" 6 0 1 0 1
"055_Group55" 1 0 0 0 0
"056_Group56" 0 0 0 0 0
"057_Group57" 6 4 4 12 8
"058_Group58" 7 2 5 9 7
"059_Group59" 9 10 11 9 11
"060_Group60" 6 13 7 7 5
"061_Group61" 9 16 11 11 8
"062_Group62" 5 14 4 8 6
"063_Group63" 7 9 5 12 4
"064_Group64" 13 10 16 8 14
"065_Group65" 17 8 2 4 5
"066_Group66" 0 0 0 0 0
"067_Group67" 10 7 1 2 1
"068_Group68" 0 0 0 0 0
"069_Group69" 2 6 6 2 3
"070_Group70" 23 14 14 17 14
"071_Group71" 16 14 12 8 3
"072_Group72" 3 9 17 3 1
"073_Group73" 0 1 0 0 0
"074_Group74" 13 2 1 1 4
"075_Group75" 9 4 4 7 18
"076_Group76" 11 6 8 0 6
"077_Group77" 9 9 15 16 1
"078_Group78" 12 5 4 7 2
"079_Group79" 3 1 0 2 0
"080_Group80" 0 0 0 1 0
"081_Group81" 6 3 5 3 10
"082_Group82" 0 2 7 0 1
"083_Group83" 0 0 7 7 7
"084_Group84" 2 6 0 1 0
"085_Group85" 5 7 3 5 7
"086_Group86" 7 0 0 0 0
"087_Group87" 4 3 3 6 2
"088_Group88" 8 11 0 4 1
"089_Group89" 8 5 0 1 1
"090_Group90" 12 4 1 4 1
"091_Group91" 7 8 0 10 3
"092_Group92" 0 0 0 0 0
"093_Group93" 0 3 6 6 5
"094_Group94" 5 9 9 6 2
"095_Group95" 12 7 7 2 8

"<<<<<< Group Activity: Number of wells/group >>>>>>"
Group/Time[m] 2 4 6 8 10
"000_Group0" 1 1 1 1 1
"001_Group1" 1 1 1 1 1
"002_Group2" 1 1 1 1 1
"003_Group3" 1 1 1 1 1
"004_Group4" 1 1 1 1 1
"005_Group5" 1 1 1 1 1
"006_Group6" 1 1 1 1 1
"007_Group7" 1 1 1 1 1
"008_Group8" 1 1 1 1 1
"009_Group9" 1 1 1 1 1
"010_Group10" 1 1 1 1 1
"011_Group11" 1 1 1 1 1
"012_Group12" 1 1 1 1 1
"013_Group13" 1 1 1 1 1
"014_Group14" 1 1 1 1 1
"015_Group15" 1 1 1 1 1
"016_Group16" 1 1 1 1 1
"017_Group17" 1 1 1 1 1
"018_Group18" 1 1 1 1 1
"019_Group19" 1 1 1 1 1
"020_Group20" 1 1 1 1 1
"021_Group21" 1 1 1 1 1
"022_Group22" 1 1 1 1 1
"023_Group23" 1 1 1 1 1
"024_Group24" 1 1 1 1 1
"025_Group25" 1 1 1 1 1
"026_Group26" 1 1 1 1 1
"027_Group27" 1 1 1 1 1
"028_Group28" 1 1 1 1 1
"029_Group29" 1 1 1 1 1
"030_Group30" 1 1 1 1 1
"031_Group31" 1 1 1 1 1
"032_Group32" 1 1 1 1 1
"033_Group33" 1 1 1 1 1
"034_Group34" 1 1 1 1 1
"035_Group35" 1 1 1 1 1
"036_Group36" 1 1 1 1 1
"037_Group37" 1 1 1 1 1
"038_Group38" 1 1 1 1 1
"039_Group39" 1 1 1 1 1
"040_Group40" 1 1 1 1 1
"041_Group41" 1 1 1 1 1
"042_Group42" 1 1 1 1 1
"043_Group43" 1 1 1 1 1
"044_Group44" 1 1 1 1 1
"045_Group45" 1 1 1 1 1
"046_Group46" 1 1 1 1 1
"047_Group47" 1 1 1 1 1
"048_Group48" 1 1 1 1 1
"049_Group49" 1 1 1 1 1
"050_Group50" 1 1 1 1 1
"051_Group51" 1 1 1 1 1
"052_Group52" 1 1 1 1 1
"053_Group53" 1 1 1 1 1
"054_Group54" 1 1 1 1 1
"055_Group55" 1 1 1 1 1
"056_Group56" 1 1 1 1 1
"057_Group57" 1 1 1 1 1
"058_Group58" 1 1 1 1 1
"059_Group59" 1 1 1 1 1
"060_Group60" 1 1 1 1 1
"061_Group61" 1 1 1 1 1
"062_Group62" 1 1 1 1 1
"063_Group63" 1 1 1 1 1
"064_Group64" 1 1 1 1 1
"065_Group65" 1 1 1 1 1
"066_Group66" 1 1 1 1 1
"067_Group67" 1 1 1 1 1
"068_Group68" 1 1 1 1 1
"069_Group69" 1 1 1 1 1
"070_Group70" 1 1 1 1 1
"071_Group71" 1 1 1 1 1
"072_Group72" 1 1 1 1 1
"073_Group73" 1 1 1 1 1
"074_Group74" 1 1 1 1 1
"075_Group75" 1 1 1 1 1
"076_Group76" 1 1 1 1 1
"077_Group77" 1 1 1 1 1
"078_Group78" 1 1 1 1 1
"079_Group79" 1 1 1 1 1
"080_Group80" 1 1 1 1 1
"081_Group81" 1 1 1 1 1
"082_Group82" 1 1 1 1 1
"083_Group83" 1 1 1 1 1
"084_Group84" 1 1 1 1 1
"085_Group85" 1 1 1 1 1
"086_Group86" 1 1 1 1 1
"087_Group87" 1 1 1 1 1
"088_Group88" 1 1 1 1 1
"089_Group89" 1 1 1 1 1
"090_Group90" 1 1 1 1 1
"091_Group91" 1 1 1 1 1
"092_Group92" 1 1 1 1 1
"093_Group93" 1 1 1 1 1
"094_Group94" 1 1 1 1 1
"095_Group95" 1 1 1 1 1

"<<<<<< Number of Samples per Acquisition Interval [1unit=500values] >>>>>>"
Time[m] 2 4 6 8 10 
#Samples 2 2 2 2 2 

"<<<<<< Average Temperature [°C] >>>>>>"
Time[m] 2 4 6 8 10 
Temp[°C] 22.0 22.0 22.0 22.0 22.1 

"<<<<<< Well Activity >>>>>>"
Well Group/Time[m] 2 4 6 8 10
A1 "000_Group0" 2 10 5 6 3
B1 "001_Group1" 9 1 0 0 6
C1 "002_Group2" 5 8 8 9 5
D1 "003_Group3" 9 4 4 11 1
E1 "004_Group4" 12 6 14 5 2
F1 "005_Group5" 6 5 6 6 5
G1 "006_Group6" 0 1 0 0 2
H1 "007_Group7" 0 0 0 0 0
A2 "008_Group8" 1 0 0 0 0
B2 "009_Group9" 0 0 0 0 0
C2 "010_Group10" 4 7 11 3 6
D2 "011_Group11" 7 5 8 10 5
E2 "012_Group12" 13 8 7 4 7
F2 "013_Group13" 10 9 9 7 2
G2 "014_Group14" 14 13 9 11 7
H2 "015_Group15" 3 4 2 6 3
A3 "016_Group16" 16 13 8 6 6
B3 "017_Group17" 9 11 2 8 14
C3 "018_Group18" 4 9 7 7 9
D3 "019_Group19" 0 0 0 0 0
E3 "020_Group20" 4 5 3 5 1
F3 "021_Group21" 0 0 0 0 0
G3 "022_Group22" 2 8 7 4 4
H3 "023_Group23" 9 3 5 9 1
A4 "024_Group24" 6 7 1 0 0
B4 "025_Group25" 0 0 0 0 0
C4 "026_Group26" 10 12 8 9 5
D4 "027_Group27" 4 7 2 2 6
E4 "028_Group28" 0 0 0 0 0
F4 "029_Group29" 9 2 10 11 8
G4 "030_Group30" 0 0 0 0 0
H4 "031_Group31" 10 11 5 1 6
A5 "032_Group32" 0 10 0 0 0
B5 "033_Group33" 12 11 13 7 5
C5 "034_Group34" 7 9 5 2 3
D5 "035_Group35" 10 21 11 18 8
E5 "036_Group36" 9 14 10 7 11
F5 "037_Group37" 18 3 4 6 2
G5 "038_Group38" 9 10 15 8 11
H5 "039_Group39" 18 9 5 2 10
A6 "040_Group40" 5 9 5 11 0
B6 "041_Group41" 5 0 1 0 1
C6 "042_Group42" 5 2 6 7 5
D6 "043_Group43" 6 11 1 4 2
E6 "044_Group44" 14 6 13 1 3
F6 "045_Group45" 0 0 0 0 0
G6 "046_Group46" 0 4 6 7 0
H6 "047_Group47" 12 7 1 0 0
A7 "048_Group48" 7 9 3 0 2
B7 "049_Group49" 9 5 4 7 7
C7 "050_Group50" 0 0 0 0 0
D7 "051_Group51" 0 0 0 0 0
E7 "052_Group52" 0 0 0 0 0
F7 "053_Group53" 0 0 0 0 0
G7 "054_Group54" 6 0 1 0 1
H7 "055_Group55" 1 0 0 0 0
A8 "056_Group56" 0 0 0 0 0
B8 "057_Group57" 6 4 4 12 8
C8 "058_Group58" 7 2 5 9 7
D8 "059_Group59" 9 10 11 9 11
E8 "060_Group60" 6 13 7 7 5
F8 "061_Group61" 9 16 11 11 8
G8 "062_Group62" 5 14 4 8 6
H8 "063_Group63" 7 9 5 12 4
A9 "064_Group64" 13 10 16 8 14
B9 "065_Group65" 17 8 2 4 5
C9 "066_Group66" 0 0 0 0 0
D9 "067_Group67" 10 7 1 2 1
E9 "068_Group68" 0 0 0 0 0
F9 "069_Group69" 2 6 6 2 3
G9 "070_Group70" 23 14 14 17 14
H9 "071_Group71" 16 14 12 8 3
A10 "072_Group72" 3 9 17 3 1
B10 "073_Group73" 0 1 0 0 0
C10 "074_Group74" 13 2 1 1 4
D10 "075_Group75" 9 4 4 7 18
E10 "076_Group76" 11 6 8 0 6
F10 "077_Group77" 9 9 15 16 1
G10 "078_Group78" 12 5 4 7 2
H10 "079_Group79" 3 1 0 2 0
A11 "080_Group80" 0 0 0 1 0
B11 "081_Group81" 6 3 5 3 10
C11 "082_Group82" 0 2 7 0 1
D11 "083_Group83" 0 0 7 7 7
E11 "084_Group84" 2 6 0 1 0
F11 "085_Group85" 5 7 3 5 7
G11 "086_Group86" 7 0 0 0 0
H11 "087_Group87" 4 3 3 6 2
A12 "088_Group88" 8 11 0 4 1
B12 "089_Group89" 8 5 0 1 1
C12 "090_Group90" 12 4 1 4 1
D12 "091_Group91" 7 8 0 10 3
E12 "092_Group92" 0 0 0 0 0
F12 "093_Group93" 0 3 6 6 5
G12 "094_Group94" 5 9 9 6 2
H12 "095_Group95" 12 7 7 2 8

"<<<<<< Channel Activity >>>>>>"
Channel Well Group/Time[m] 2 4 6 8 10
CH0 A1.0 "000_Group0" 2 10 5 6 3
CH2 B1.0 "001_Group1" 9 1 0 0 6
CH4 C1.0 "002_Group2" 5 8 8 9 5
CH6 D1.0 "003_Group3" 9 4 4 11 1
CH8 E1.0 "004_Group4" 12 6 14 5 2
CH10 F1.0 "005_Group5" 6 5 6 6 5
CH12 G1.0 "006_Group6" 0 1 0 0 2
CH14 H1.0 "007_Group7" 0 0 0 0 0
CH32 A2.0 "008_Group8" 1 0 0 0 0
CH34 B2.0 "009_Group9" 0 0 0 0 0
CH36 C2.0 "010_Group10" 4 7 11 3 6
CH38 D2.0 "011_Group11" 7 5 8 10 5
CH40 E2.0 "012_Group12" 13 8 7 4 7
CH42 F2.0 "013_Group13" 10 9 9 7 2
CH44 G2.0 "014_Group14" 14 13 9 11 7
CH46 H2.0 "015_Group15" 3 4 2 6 3
CH64 A3.0 "016_Group16" 16 13 8 6 6
CH66 B3.0 "017_Group17" 9 11 2 8 14
CH68 C3.0 "018_Group18" 4 9 7 7 9
CH70 D3.0 "019_Group19" 0 0 0 0 0
CH72 E3.0 "020_Group20" 4 5 3 5 1
CH74 F3.0 "021_Group21" 0 0 0 0 0
CH76 G3.0 "022_Group22" 2 8 7 4 4
CH78 H3.0 "023_Group23" 9 3 5 9 1
CH96 A4.0 "024_Group24" 6 7 1 0 0
CH98 B4.0 "025_Group25" 0 0 0 0 0
CH100 C4.0 "026_Group26" 10 12 8 9 5
CH102 D4.0 "027_Group27" 4 7 2 2 6
CH104 E4.0 "028_Group28" 0 0 0 0 0
CH106 F4.0 "029_Group29" 9 2 10 11 8
CH108 G4.0 "030_Group30" 0 0 0 0 0
CH110 H4.0 "031_Group31" 10 11 5 1 6
CH128 A5.0 "032_Group32" 0 10 0 0 0
CH130 B5.0 "033_Group33" 12 11 13 7 5
CH132 C5.0 "034_Group34" 7 9 5 2 3
CH134 D5.0 "035_Group35" 10 21 11 18 8
CH136 E5.0 "036_Group36" 9 14 10 7 11
CH138 F5.0 "037_Group37" 18 3 4 6 2
CH140 G5.0 "038_Group38" 9 10 15 8 11
CH142 H5.0 "039_Group39" 18 9 5 2 10
CH160 A6.0 "040_Group40" 5 9 5 11 0
CH162 B6.0 "041_Group41" 5 0 1 0 1
CH164 C6.0 "042_Group42" 5 2 6 7 5
CH166 D6.0 "043_Group43" 6 11 1 4 2
CH168 E6.0 "044_Group44" 14 6 13 1 3
CH170 F6.0 "045_Group45" 0 0 0 0 0
CH172 G6.0 "046_Group46" 0 4 6 7 0
CH174 H6.0 "047_Group47" 12 7 1 0 0
CH192 A7.0 "048_Group48" 7 9 3 0 2
CH194 B7.0 "049_Group49" 9 5 4 7 7
CH196 C7.0 "050_Group50" 0 0 0 0 0
CH198 D7.0 "051_Group51" 0 0 0 0 0
CH200 E7.0 "052_Group52" 0 0 0 0 0
CH202 F7.0 "053_Group53" 0 0 0 0 0
CH204 G7.0 "054_Group54" 6 0 1 0 1
CH206 H7.0 "055_Group55" 1 0 0 0 0
CH224 A8.0 "056_Group56" 0 0 0 0 0
CH226 B8.0 "057_Group57" 6 4 4 12 8
CH228 C8.0 "058_Group58" 7 2 5 9 7
CH230 D8.0 "059_Group59" 9 10 11 9 11
CH232 E8.0 "060_Group60" 6 13 7 7 5
CH234 F8.0 "061_Group61" 9 16 11 11 8
CH236 G8.0 "062_Group62" 5 14 4 8 6
CH238 H8.0 "063_Group63" 7 9 5 12 4
CH256 A9.0 "064_Group64" 13 10 16 8 14
CH258 B9.0 "065_Group65" 17 8 2 4 5
CH260 C9.0 "066_Group66" 0 0 0 0 0
CH262 D9.0 "067_Group67" 10 7 1 2 1
CH264 E9.0 "068_Group68" 0 0 0 0 0
CH266 F9.0 "069_Group69" 2 6 6 2 3
CH268 G9.0 "070_Group70" 23 14 14 17 14
CH270 H9.0 "071_Group71" 16 14 12 8 3
CH288 A10.0 "072_Group72" 3 9 17 3 1
CH290 B10.0 "073_Group73" 0 1 0 0 0
CH292 C10.0 "074_Group74" 13 2 1 1 4
CH294 D10.0 "075_Group75" 9 4 4 7 18
CH296 E10.0 "076_Group76" 11 6 8 0 6
CH298 F10.0 "077_Group77" 9 9 15 16 1
CH300 G10.0 "078_Group78" 12 5 4 7 2
CH302 H10.0 "079_Group79" 3 1 0 2 0
CH320 A11.0 "080_Group80" 0 0 0 1 0
CH322 B11.0 "081_Group81" 6 3 5 3 10
CH324 C11.0 "082_Group82" 0 2 7 0 1
CH326 D11.0 "083_Group83" 0 0 7 7 7
CH328 E11.0 "084_Group84" 2 6 0 1 0
CH330 F11.0 "085_Group85" 5 7 3 5 7
CH332 G11.0 "086_Group86" 7 0 0 0 0
CH334 H11.0 "087_Group87" 4 3 3 6 2
CH352 A12.0 "088_Group88" 8 11 0 4 1
CH354 B12.0 "089_Group89" 8 5 0 1 1
CH356 C12.0 "090_Group90" 12 4 1 4 1
CH358 D12.0 "091_Group91" 7 8 0 10 3
CH360 E12.0 "092_Group92" 0 0 0 0 0
CH362 F12.0 "093_Group93" 0 3 6 6 5
CH364 G12.0 "094_Group94" 5 9 9 6 2
CH366 H12.0 "095_Group95" 12 7 7 2 8
