"DATE:" "2/27/2015 8:44:13 AM"
"FILE:" "C:\Users\AndersenLab\Desktop\wmicrotracker\p00011\20150227_0832"
"SUBPROJECT:" "20150227_Longevity_4_3mgmL"

"<<<<<< Group Activity: Average Activity Counts per Data Interval>>>>>>"
Group/Time[m] 2 4 6 8 10
"000_Group0" 14 33 16 9 18
"001_Group1" 18 19 23 29 20
"002_Group2" 24 29 22 24 20
"003_Group3" 28 33 16 9 12
"004_Group4" 21 27 20 27 22
"005_Group5" 12 20 18 16 17
"006_Group6" 6 21 32 9 3
"007_Group7" 29 30 22 34 24
"008_Group8" 21 32 22 15 10
"009_Group9" 29 26 25 20 11
"010_Group10" 32 12 6 14 20
"011_Group11" 16 23 17 10 15
"012_Group12" 42 19 21 12 8
"013_Group13" 23 23 25 10 21
"014_Group14" 20 27 32 30 7
"015_Group15" 26 34 19 13 20
"016_Group16" 19 16 21 23 3
"017_Group17" 31 31 9 8 8
"018_Group18" 21 23 31 7 6
"019_Group19" 0 0 0 0 0
"020_Group20" 28 43 18 18 20
"021_Group21" 5 15 7 5 13
"022_Group22" 25 22 13 11 7
"023_Group23" 25 8 22 11 11
"024_Group24" 27 15 21 19 8
"025_Group25" 21 19 20 11 8
"026_Group26" 44 24 33 20 13
"027_Group27" 36 18 13 15 8
"028_Group28" 1 3 1 1 2
"029_Group29" 23 26 24 15 11
"030_Group30" 19 15 12 16 5
"031_Group31" 30 27 26 19 8
"032_Group32" 23 20 24 12 19
"033_Group33" 3 9 8 0 3
"034_Group34" 40 33 18 7 8
"035_Group35" 26 41 22 10 12
"036_Group36" 27 16 9 12 8
"037_Group37" 8 18 8 7 7
"038_Group38" 23 26 12 14 6
"039_Group39" 14 18 7 5 11
"040_Group40" 21 25 3 22 3
"041_Group41" 8 9 5 1 1
"042_Group42" 10 11 10 6 4
"043_Group43" 12 16 16 11 12
"044_Group44" 12 15 7 1 4
"045_Group45" 2 2 8 2 2
"046_Group46" 20 27 15 3 5
"047_Group47" 21 27 22 8 13
"048_Group48" 8 7 9 12 15
"049_Group49" 40 19 15 11 9
"050_Group50" 22 7 11 10 7
"051_Group51" 22 13 13 3 2
"052_Group52" 15 13 13 3 4
"053_Group53" 38 16 16 9 12
"054_Group54" 18 4 8 7 5
"055_Group55" 17 9 19 8 8
"056_Group56" 28 20 11 16 14
"057_Group57" 34 29 21 8 13
"058_Group58" 32 29 19 11 6
"059_Group59" 35 35 9 16 7
"060_Group60" 25 7 9 10 5
"061_Group61" 29 26 19 8 8
"062_Group62" 30 25 29 20 9
"063_Group63" 18 12 15 10 9
"064_Group64" 29 27 23 28 16
"065_Group65" 44 32 40 27 24
"066_Group66" 0 0 0 0 0
"067_Group67" 38 35 15 18 18
"068_Group68" 0 0 0 0 0
"069_Group69" 34 42 26 21 36
"070_Group70" 34 30 34 32 29
"071_Group71" 23 28 24 28 4
"072_Group72" 38 22 21 24 10
"073_Group73" 23 17 12 20 13
"074_Group74" 28 31 23 25 7
"075_Group75" 24 32 19 16 9
"076_Group76" 28 16 20 10 14
"077_Group77" 19 16 20 9 9
"078_Group78" 29 25 19 16 15
"079_Group79" 25 28 20 18 22
"080_Group80" 15 9 11 12 15
"081_Group81" 21 14 17 8 10
"082_Group82" 33 18 13 13 8
"083_Group83" 13 12 7 18 16
"084_Group84" 30 13 14 13 11
"085_Group85" 27 22 12 13 13
"086_Group86" 8 0 1 0 7
"087_Group87" 29 18 15 10 15
"088_Group88" 12 15 9 15 6
"089_Group89" 20 13 12 9 6
"090_Group90" 10 10 4 9 7
"091_Group91" 11 12 6 4 11
"092_Group92" 27 27 19 20 19
"093_Group93" 8 6 8 9 7
"094_Group94" 14 15 7 6 7
"095_Group95" 27 28 17 12 13

"<<<<<< Group Activity: Number of wells/group >>>>>>"
Group/Time[m] 2 4 6 8 10
"000_Group0" 1 1 1 1 1
"001_Group1" 1 1 1 1 1
"002_Group2" 1 1 1 1 1
"003_Group3" 1 1 1 1 1
"004_Group4" 1 1 1 1 1
"005_Group5" 1 1 1 1 1
"006_Group6" 1 1 1 1 1
"007_Group7" 1 1 1 1 1
"008_Group8" 1 1 1 1 1
"009_Group9" 1 1 1 1 1
"010_Group10" 1 1 1 1 1
"011_Group11" 1 1 1 1 1
"012_Group12" 1 1 1 1 1
"013_Group13" 1 1 1 1 1
"014_Group14" 1 1 1 1 1
"015_Group15" 1 1 1 1 1
"016_Group16" 1 1 1 1 1
"017_Group17" 1 1 1 1 1
"018_Group18" 1 1 1 1 1
"019_Group19" 1 1 1 1 1
"020_Group20" 1 1 1 1 1
"021_Group21" 1 1 1 1 1
"022_Group22" 1 1 1 1 1
"023_Group23" 1 1 1 1 1
"024_Group24" 1 1 1 1 1
"025_Group25" 1 1 1 1 1
"026_Group26" 1 1 1 1 1
"027_Group27" 1 1 1 1 1
"028_Group28" 1 1 1 1 1
"029_Group29" 1 1 1 1 1
"030_Group30" 1 1 1 1 1
"031_Group31" 1 1 1 1 1
"032_Group32" 1 1 1 1 1
"033_Group33" 1 1 1 1 1
"034_Group34" 1 1 1 1 1
"035_Group35" 1 1 1 1 1
"036_Group36" 1 1 1 1 1
"037_Group37" 1 1 1 1 1
"038_Group38" 1 1 1 1 1
"039_Group39" 1 1 1 1 1
"040_Group40" 1 1 1 1 1
"041_Group41" 1 1 1 1 1
"042_Group42" 1 1 1 1 1
"043_Group43" 1 1 1 1 1
"044_Group44" 1 1 1 1 1
"045_Group45" 1 1 1 1 1
"046_Group46" 1 1 1 1 1
"047_Group47" 1 1 1 1 1
"048_Group48" 1 1 1 1 1
"049_Group49" 1 1 1 1 1
"050_Group50" 1 1 1 1 1
"051_Group51" 1 1 1 1 1
"052_Group52" 1 1 1 1 1
"053_Group53" 1 1 1 1 1
"054_Group54" 1 1 1 1 1
"055_Group55" 1 1 1 1 1
"056_Group56" 1 1 1 1 1
"057_Group57" 1 1 1 1 1
"058_Group58" 1 1 1 1 1
"059_Group59" 1 1 1 1 1
"060_Group60" 1 1 1 1 1
"061_Group61" 1 1 1 1 1
"062_Group62" 1 1 1 1 1
"063_Group63" 1 1 1 1 1
"064_Group64" 1 1 1 1 1
"065_Group65" 1 1 1 1 1
"066_Group66" 1 1 1 1 1
"067_Group67" 1 1 1 1 1
"068_Group68" 1 1 1 1 1
"069_Group69" 1 1 1 1 1
"070_Group70" 1 1 1 1 1
"071_Group71" 1 1 1 1 1
"072_Group72" 1 1 1 1 1
"073_Group73" 1 1 1 1 1
"074_Group74" 1 1 1 1 1
"075_Group75" 1 1 1 1 1
"076_Group76" 1 1 1 1 1
"077_Group77" 1 1 1 1 1
"078_Group78" 1 1 1 1 1
"079_Group79" 1 1 1 1 1
"080_Group80" 1 1 1 1 1
"081_Group81" 1 1 1 1 1
"082_Group82" 1 1 1 1 1
"083_Group83" 1 1 1 1 1
"084_Group84" 1 1 1 1 1
"085_Group85" 1 1 1 1 1
"086_Group86" 1 1 1 1 1
"087_Group87" 1 1 1 1 1
"088_Group88" 1 1 1 1 1
"089_Group89" 1 1 1 1 1
"090_Group90" 1 1 1 1 1
"091_Group91" 1 1 1 1 1
"092_Group92" 1 1 1 1 1
"093_Group93" 1 1 1 1 1
"094_Group94" 1 1 1 1 1
"095_Group95" 1 1 1 1 1

"<<<<<< Number of Samples per Acquisition Interval [1unit=500values] >>>>>>"
Time[m] 2 4 6 8 10 
#Samples 2 2 2 2 2 

"<<<<<< Average Temperature [°C] >>>>>>"
Time[m] 2 4 6 8 10 
Temp[°C] 20.5 20.5 20.6 20.6 20.7 

"<<<<<< Well Activity >>>>>>"
Well Group/Time[m] 2 4 6 8 10
A1 "000_Group0" 14 33 16 9 18
B1 "001_Group1" 18 19 23 29 20
C1 "002_Group2" 24 29 22 24 20
D1 "003_Group3" 28 33 16 9 12
E1 "004_Group4" 21 27 20 27 22
F1 "005_Group5" 12 20 18 16 17
G1 "006_Group6" 6 21 32 9 3
H1 "007_Group7" 29 30 22 34 24
A2 "008_Group8" 21 32 22 15 10
B2 "009_Group9" 29 26 25 20 11
C2 "010_Group10" 32 12 6 14 20
D2 "011_Group11" 16 23 17 10 15
E2 "012_Group12" 42 19 21 12 8
F2 "013_Group13" 23 23 25 10 21
G2 "014_Group14" 20 27 32 30 7
H2 "015_Group15" 26 34 19 13 20
A3 "016_Group16" 19 16 21 23 3
B3 "017_Group17" 31 31 9 8 8
C3 "018_Group18" 21 23 31 7 6
D3 "019_Group19" 0 0 0 0 0
E3 "020_Group20" 28 43 18 18 20
F3 "021_Group21" 5 15 7 5 13
G3 "022_Group22" 25 22 13 11 7
H3 "023_Group23" 25 8 22 11 11
A4 "024_Group24" 27 15 21 19 8
B4 "025_Group25" 21 19 20 11 8
C4 "026_Group26" 44 24 33 20 13
D4 "027_Group27" 36 18 13 15 8
E4 "028_Group28" 1 3 1 1 2
F4 "029_Group29" 23 26 24 15 11
G4 "030_Group30" 19 15 12 16 5
H4 "031_Group31" 30 27 26 19 8
A5 "032_Group32" 23 20 24 12 19
B5 "033_Group33" 3 9 8 0 3
C5 "034_Group34" 40 33 18 7 8
D5 "035_Group35" 26 41 22 10 12
E5 "036_Group36" 27 16 9 12 8
F5 "037_Group37" 8 18 8 7 7
G5 "038_Group38" 23 26 12 14 6
H5 "039_Group39" 14 18 7 5 11
A6 "040_Group40" 21 25 3 22 3
B6 "041_Group41" 8 9 5 1 1
C6 "042_Group42" 10 11 10 6 4
D6 "043_Group43" 12 16 16 11 12
E6 "044_Group44" 12 15 7 1 4
F6 "045_Group45" 2 2 8 2 2
G6 "046_Group46" 20 27 15 3 5
H6 "047_Group47" 21 27 22 8 13
A7 "048_Group48" 8 7 9 12 15
B7 "049_Group49" 40 19 15 11 9
C7 "050_Group50" 22 7 11 10 7
D7 "051_Group51" 22 13 13 3 2
E7 "052_Group52" 15 13 13 3 4
F7 "053_Group53" 38 16 16 9 12
G7 "054_Group54" 18 4 8 7 5
H7 "055_Group55" 17 9 19 8 8
A8 "056_Group56" 28 20 11 16 14
B8 "057_Group57" 34 29 21 8 13
C8 "058_Group58" 32 29 19 11 6
D8 "059_Group59" 35 35 9 16 7
E8 "060_Group60" 25 7 9 10 5
F8 "061_Group61" 29 26 19 8 8
G8 "062_Group62" 30 25 29 20 9
H8 "063_Group63" 18 12 15 10 9
A9 "064_Group64" 29 27 23 28 16
B9 "065_Group65" 44 32 40 27 24
C9 "066_Group66" 0 0 0 0 0
D9 "067_Group67" 38 35 15 18 18
E9 "068_Group68" 0 0 0 0 0
F9 "069_Group69" 34 42 26 21 36
G9 "070_Group70" 34 30 34 32 29
H9 "071_Group71" 23 28 24 28 4
A10 "072_Group72" 38 22 21 24 10
B10 "073_Group73" 23 17 12 20 13
C10 "074_Group74" 28 31 23 25 7
D10 "075_Group75" 24 32 19 16 9
E10 "076_Group76" 28 16 20 10 14
F10 "077_Group77" 19 16 20 9 9
G10 "078_Group78" 29 25 19 16 15
H10 "079_Group79" 25 28 20 18 22
A11 "080_Group80" 15 9 11 12 15
B11 "081_Group81" 21 14 17 8 10
C11 "082_Group82" 33 18 13 13 8
D11 "083_Group83" 13 12 7 18 16
E11 "084_Group84" 30 13 14 13 11
F11 "085_Group85" 27 22 12 13 13
G11 "086_Group86" 8 0 1 0 7
H11 "087_Group87" 29 18 15 10 15
A12 "088_Group88" 12 15 9 15 6
B12 "089_Group89" 20 13 12 9 6
C12 "090_Group90" 10 10 4 9 7
D12 "091_Group91" 11 12 6 4 11
E12 "092_Group92" 27 27 19 20 19
F12 "093_Group93" 8 6 8 9 7
G12 "094_Group94" 14 15 7 6 7
H12 "095_Group95" 27 28 17 12 13

"<<<<<< Channel Activity >>>>>>"
Channel Well Group/Time[m] 2 4 6 8 10
CH0 A1.0 "000_Group0" 14 33 16 9 18
CH2 B1.0 "001_Group1" 18 19 23 29 20
CH4 C1.0 "002_Group2" 24 29 22 24 20
CH6 D1.0 "003_Group3" 28 33 16 9 12
CH8 E1.0 "004_Group4" 21 27 20 27 22
CH10 F1.0 "005_Group5" 12 20 18 16 17
CH12 G1.0 "006_Group6" 6 21 32 9 3
CH14 H1.0 "007_Group7" 29 30 22 34 24
CH32 A2.0 "008_Group8" 21 32 22 15 10
CH34 B2.0 "009_Group9" 29 26 25 20 11
CH36 C2.0 "010_Group10" 32 12 6 14 20
CH38 D2.0 "011_Group11" 16 23 17 10 15
CH40 E2.0 "012_Group12" 42 19 21 12 8
CH42 F2.0 "013_Group13" 23 23 25 10 21
CH44 G2.0 "014_Group14" 20 27 32 30 7
CH46 H2.0 "015_Group15" 26 34 19 13 20
CH64 A3.0 "016_Group16" 19 16 21 23 3
CH66 B3.0 "017_Group17" 31 31 9 8 8
CH68 C3.0 "018_Group18" 21 23 31 7 6
CH70 D3.0 "019_Group19" 0 0 0 0 0
CH72 E3.0 "020_Group20" 28 43 18 18 20
CH74 F3.0 "021_Group21" 5 15 7 5 13
CH76 G3.0 "022_Group22" 25 22 13 11 7
CH78 H3.0 "023_Group23" 25 8 22 11 11
CH96 A4.0 "024_Group24" 27 15 21 19 8
CH98 B4.0 "025_Group25" 21 19 20 11 8
CH100 C4.0 "026_Group26" 44 24 33 20 13
CH102 D4.0 "027_Group27" 36 18 13 15 8
CH104 E4.0 "028_Group28" 1 3 1 1 2
CH106 F4.0 "029_Group29" 23 26 24 15 11
CH108 G4.0 "030_Group30" 19 15 12 16 5
CH110 H4.0 "031_Group31" 30 27 26 19 8
CH128 A5.0 "032_Group32" 23 20 24 12 19
CH130 B5.0 "033_Group33" 3 9 8 0 3
CH132 C5.0 "034_Group34" 40 33 18 7 8
CH134 D5.0 "035_Group35" 26 41 22 10 12
CH136 E5.0 "036_Group36" 27 16 9 12 8
CH138 F5.0 "037_Group37" 8 18 8 7 7
CH140 G5.0 "038_Group38" 23 26 12 14 6
CH142 H5.0 "039_Group39" 14 18 7 5 11
CH160 A6.0 "040_Group40" 21 25 3 22 3
CH162 B6.0 "041_Group41" 8 9 5 1 1
CH164 C6.0 "042_Group42" 10 11 10 6 4
CH166 D6.0 "043_Group43" 12 16 16 11 12
CH168 E6.0 "044_Group44" 12 15 7 1 4
CH170 F6.0 "045_Group45" 2 2 8 2 2
CH172 G6.0 "046_Group46" 20 27 15 3 5
CH174 H6.0 "047_Group47" 21 27 22 8 13
CH192 A7.0 "048_Group48" 8 7 9 12 15
CH194 B7.0 "049_Group49" 40 19 15 11 9
CH196 C7.0 "050_Group50" 22 7 11 10 7
CH198 D7.0 "051_Group51" 22 13 13 3 2
CH200 E7.0 "052_Group52" 15 13 13 3 4
CH202 F7.0 "053_Group53" 38 16 16 9 12
CH204 G7.0 "054_Group54" 18 4 8 7 5
CH206 H7.0 "055_Group55" 17 9 19 8 8
CH224 A8.0 "056_Group56" 28 20 11 16 14
CH226 B8.0 "057_Group57" 34 29 21 8 13
CH228 C8.0 "058_Group58" 32 29 19 11 6
CH230 D8.0 "059_Group59" 35 35 9 16 7
CH232 E8.0 "060_Group60" 25 7 9 10 5
CH234 F8.0 "061_Group61" 29 26 19 8 8
CH236 G8.0 "062_Group62" 30 25 29 20 9
CH238 H8.0 "063_Group63" 18 12 15 10 9
CH256 A9.0 "064_Group64" 29 27 23 28 16
CH258 B9.0 "065_Group65" 44 32 40 27 24
CH260 C9.0 "066_Group66" 0 0 0 0 0
CH262 D9.0 "067_Group67" 38 35 15 18 18
CH264 E9.0 "068_Group68" 0 0 0 0 0
CH266 F9.0 "069_Group69" 34 42 26 21 36
CH268 G9.0 "070_Group70" 34 30 34 32 29
CH270 H9.0 "071_Group71" 23 28 24 28 4
CH288 A10.0 "072_Group72" 38 22 21 24 10
CH290 B10.0 "073_Group73" 23 17 12 20 13
CH292 C10.0 "074_Group74" 28 31 23 25 7
CH294 D10.0 "075_Group75" 24 32 19 16 9
CH296 E10.0 "076_Group76" 28 16 20 10 14
CH298 F10.0 "077_Group77" 19 16 20 9 9
CH300 G10.0 "078_Group78" 29 25 19 16 15
CH302 H10.0 "079_Group79" 25 28 20 18 22
CH320 A11.0 "080_Group80" 15 9 11 12 15
CH322 B11.0 "081_Group81" 21 14 17 8 10
CH324 C11.0 "082_Group82" 33 18 13 13 8
CH326 D11.0 "083_Group83" 13 12 7 18 16
CH328 E11.0 "084_Group84" 30 13 14 13 11
CH330 F11.0 "085_Group85" 27 22 12 13 13
CH332 G11.0 "086_Group86" 8 0 1 0 7
CH334 H11.0 "087_Group87" 29 18 15 10 15
CH352 A12.0 "088_Group88" 12 15 9 15 6
CH354 B12.0 "089_Group89" 20 13 12 9 6
CH356 C12.0 "090_Group90" 10 10 4 9 7
CH358 D12.0 "091_Group91" 11 12 6 4 11
CH360 E12.0 "092_Group92" 27 27 19 20 19
CH362 F12.0 "093_Group93" 8 6 8 9 7
CH364 G12.0 "094_Group94" 14 15 7 6 7
CH366 H12.0 "095_Group95" 27 28 17 12 13
