"DATE:" "2/20/2015 8:45:14 AM"
"FILE:" "C:\Users\AndersenLab\Desktop\wmicrotracker\p00011\20150220_0833"
"SUBPROJECT:" "20150220_Longevity_4_3mgmL"

"<<<<<< Group Activity: Average Activity Counts per Data Interval>>>>>>"
Group/Time[m] 2 4 6 8 10
"000_Group0" 46 45 31 36 33
"001_Group1" 36 43 27 27 31
"002_Group2" 21 26 28 13 21
"003_Group3" 25 35 44 34 16
"004_Group4" 27 42 34 24 42
"005_Group5" 34 37 28 18 23
"006_Group6" 14 22 27 12 30
"007_Group7" 43 36 29 22 21
"008_Group8" 28 32 40 30 24
"009_Group9" 24 22 36 22 31
"010_Group10" 29 33 44 36 40
"011_Group11" 25 46 36 39 33
"012_Group12" 29 31 31 35 37
"013_Group13" 36 34 28 35 21
"014_Group14" 30 37 42 24 28
"015_Group15" 21 32 47 31 32
"016_Group16" 33 33 29 34 26
"017_Group17" 19 19 38 28 35
"018_Group18" 33 38 34 18 18
"019_Group19" 0 0 0 0 0
"020_Group20" 19 29 42 29 30
"021_Group21" 24 19 24 23 29
"022_Group22" 23 26 29 18 12
"023_Group23" 33 40 32 34 26
"024_Group24" 48 19 21 12 9
"025_Group25" 35 20 33 19 14
"026_Group26" 16 39 23 27 15
"027_Group27" 30 37 35 14 21
"028_Group28" 34 37 23 28 36
"029_Group29" 19 20 19 21 23
"030_Group30" 21 25 21 19 32
"031_Group31" 30 22 33 17 18
"032_Group32" 19 34 24 20 15
"033_Group33" 8 36 13 17 7
"034_Group34" 23 21 31 34 28
"035_Group35" 24 25 20 24 23
"036_Group36" 19 29 25 36 22
"037_Group37" 23 21 14 25 11
"038_Group38" 16 32 40 30 32
"039_Group39" 44 37 37 32 17
"040_Group40" 20 10 18 12 10
"041_Group41" 16 16 6 19 24
"042_Group42" 33 21 30 24 14
"043_Group43" 15 20 20 14 21
"044_Group44" 22 36 19 17 12
"045_Group45" 24 39 14 16 8
"046_Group46" 20 25 16 18 14
"047_Group47" 22 18 17 15 18
"048_Group48" 36 24 26 29 30
"049_Group49" 3 24 17 25 26
"050_Group50" 30 20 30 8 10
"051_Group51" 24 27 32 17 18
"052_Group52" 25 23 32 26 34
"053_Group53" 3 4 12 19 16
"054_Group54" 30 23 24 24 18
"055_Group55" 22 22 10 27 18
"056_Group56" 49 36 16 23 8
"057_Group57" 40 33 31 12 18
"058_Group58" 30 33 23 20 16
"059_Group59" 27 26 41 28 14
"060_Group60" 25 27 21 12 7
"061_Group61" 24 23 21 26 13
"062_Group62" 40 37 23 28 3
"063_Group63" 44 39 48 16 10
"064_Group64" 27 27 39 28 39
"065_Group65" 37 35 44 34 40
"066_Group66" 0 0 0 0 0
"067_Group67" 28 44 46 49 40
"068_Group68" 0 0 0 0 0
"069_Group69" 40 42 28 36 36
"070_Group70" 41 41 47 32 55
"071_Group71" 31 25 26 26 31
"072_Group72" 38 20 44 22 23
"073_Group73" 48 41 26 41 16
"074_Group74" 21 39 41 34 28
"075_Group75" 20 29 23 16 26
"076_Group76" 36 42 36 32 26
"077_Group77" 35 24 35 37 40
"078_Group78" 32 30 32 18 31
"079_Group79" 34 31 24 17 30
"080_Group80" 16 5 16 10 9
"081_Group81" 14 8 18 7 9
"082_Group82" 4 10 8 9 9
"083_Group83" 16 15 15 19 11
"084_Group84" 8 14 22 7 12
"085_Group85" 14 8 8 15 13
"086_Group86" 7 10 17 9 12
"087_Group87" 21 21 18 11 13
"088_Group88" 21 17 9 13 11
"089_Group89" 17 22 16 16 20
"090_Group90" 17 11 24 12 14
"091_Group91" 13 14 11 7 15
"092_Group92" 8 16 14 10 12
"093_Group93" 21 19 23 40 24
"094_Group94" 20 26 26 15 11
"095_Group95" 19 9 17 13 18

"<<<<<< Group Activity: Number of wells/group >>>>>>"
Group/Time[m] 2 4 6 8 10
"000_Group0" 1 1 1 1 1
"001_Group1" 1 1 1 1 1
"002_Group2" 1 1 1 1 1
"003_Group3" 1 1 1 1 1
"004_Group4" 1 1 1 1 1
"005_Group5" 1 1 1 1 1
"006_Group6" 1 1 1 1 1
"007_Group7" 1 1 1 1 1
"008_Group8" 1 1 1 1 1
"009_Group9" 1 1 1 1 1
"010_Group10" 1 1 1 1 1
"011_Group11" 1 1 1 1 1
"012_Group12" 1 1 1 1 1
"013_Group13" 1 1 1 1 1
"014_Group14" 1 1 1 1 1
"015_Group15" 1 1 1 1 1
"016_Group16" 1 1 1 1 1
"017_Group17" 1 1 1 1 1
"018_Group18" 1 1 1 1 1
"019_Group19" 1 1 1 1 1
"020_Group20" 1 1 1 1 1
"021_Group21" 1 1 1 1 1
"022_Group22" 1 1 1 1 1
"023_Group23" 1 1 1 1 1
"024_Group24" 1 1 1 1 1
"025_Group25" 1 1 1 1 1
"026_Group26" 1 1 1 1 1
"027_Group27" 1 1 1 1 1
"028_Group28" 1 1 1 1 1
"029_Group29" 1 1 1 1 1
"030_Group30" 1 1 1 1 1
"031_Group31" 1 1 1 1 1
"032_Group32" 1 1 1 1 1
"033_Group33" 1 1 1 1 1
"034_Group34" 1 1 1 1 1
"035_Group35" 1 1 1 1 1
"036_Group36" 1 1 1 1 1
"037_Group37" 1 1 1 1 1
"038_Group38" 1 1 1 1 1
"039_Group39" 1 1 1 1 1
"040_Group40" 1 1 1 1 1
"041_Group41" 1 1 1 1 1
"042_Group42" 1 1 1 1 1
"043_Group43" 1 1 1 1 1
"044_Group44" 1 1 1 1 1
"045_Group45" 1 1 1 1 1
"046_Group46" 1 1 1 1 1
"047_Group47" 1 1 1 1 1
"048_Group48" 1 1 1 1 1
"049_Group49" 1 1 1 1 1
"050_Group50" 1 1 1 1 1
"051_Group51" 1 1 1 1 1
"052_Group52" 1 1 1 1 1
"053_Group53" 1 1 1 1 1
"054_Group54" 1 1 1 1 1
"055_Group55" 1 1 1 1 1
"056_Group56" 1 1 1 1 1
"057_Group57" 1 1 1 1 1
"058_Group58" 1 1 1 1 1
"059_Group59" 1 1 1 1 1
"060_Group60" 1 1 1 1 1
"061_Group61" 1 1 1 1 1
"062_Group62" 1 1 1 1 1
"063_Group63" 1 1 1 1 1
"064_Group64" 1 1 1 1 1
"065_Group65" 1 1 1 1 1
"066_Group66" 1 1 1 1 1
"067_Group67" 1 1 1 1 1
"068_Group68" 1 1 1 1 1
"069_Group69" 1 1 1 1 1
"070_Group70" 1 1 1 1 1
"071_Group71" 1 1 1 1 1
"072_Group72" 1 1 1 1 1
"073_Group73" 1 1 1 1 1
"074_Group74" 1 1 1 1 1
"075_Group75" 1 1 1 1 1
"076_Group76" 1 1 1 1 1
"077_Group77" 1 1 1 1 1
"078_Group78" 1 1 1 1 1
"079_Group79" 1 1 1 1 1
"080_Group80" 1 1 1 1 1
"081_Group81" 1 1 1 1 1
"082_Group82" 1 1 1 1 1
"083_Group83" 1 1 1 1 1
"084_Group84" 1 1 1 1 1
"085_Group85" 1 1 1 1 1
"086_Group86" 1 1 1 1 1
"087_Group87" 1 1 1 1 1
"088_Group88" 1 1 1 1 1
"089_Group89" 1 1 1 1 1
"090_Group90" 1 1 1 1 1
"091_Group91" 1 1 1 1 1
"092_Group92" 1 1 1 1 1
"093_Group93" 1 1 1 1 1
"094_Group94" 1 1 1 1 1
"095_Group95" 1 1 1 1 1

"<<<<<< Number of Samples per Acquisition Interval [1unit=500values] >>>>>>"
Time[m] 2 4 6 8 10 
#Samples 2 2 2 2 2 

"<<<<<< Average Temperature [°C] >>>>>>"
Time[m] 2 4 6 8 10 
Temp[°C] 20.3 20.3 20.5 20.5 20.5 

"<<<<<< Well Activity >>>>>>"
Well Group/Time[m] 2 4 6 8 10
A1 "000_Group0" 46 45 31 36 33
B1 "001_Group1" 36 43 27 27 31
C1 "002_Group2" 21 26 28 13 21
D1 "003_Group3" 25 35 44 34 16
E1 "004_Group4" 27 42 34 24 42
F1 "005_Group5" 34 37 28 18 23
G1 "006_Group6" 14 22 27 12 30
H1 "007_Group7" 43 36 29 22 21
A2 "008_Group8" 28 32 40 30 24
B2 "009_Group9" 24 22 36 22 31
C2 "010_Group10" 29 33 44 36 40
D2 "011_Group11" 25 46 36 39 33
E2 "012_Group12" 29 31 31 35 37
F2 "013_Group13" 36 34 28 35 21
G2 "014_Group14" 30 37 42 24 28
H2 "015_Group15" 21 32 47 31 32
A3 "016_Group16" 33 33 29 34 26
B3 "017_Group17" 19 19 38 28 35
C3 "018_Group18" 33 38 34 18 18
D3 "019_Group19" 0 0 0 0 0
E3 "020_Group20" 19 29 42 29 30
F3 "021_Group21" 24 19 24 23 29
G3 "022_Group22" 23 26 29 18 12
H3 "023_Group23" 33 40 32 34 26
A4 "024_Group24" 48 19 21 12 9
B4 "025_Group25" 35 20 33 19 14
C4 "026_Group26" 16 39 23 27 15
D4 "027_Group27" 30 37 35 14 21
E4 "028_Group28" 34 37 23 28 36
F4 "029_Group29" 19 20 19 21 23
G4 "030_Group30" 21 25 21 19 32
H4 "031_Group31" 30 22 33 17 18
A5 "032_Group32" 19 34 24 20 15
B5 "033_Group33" 8 36 13 17 7
C5 "034_Group34" 23 21 31 34 28
D5 "035_Group35" 24 25 20 24 23
E5 "036_Group36" 19 29 25 36 22
F5 "037_Group37" 23 21 14 25 11
G5 "038_Group38" 16 32 40 30 32
H5 "039_Group39" 44 37 37 32 17
A6 "040_Group40" 20 10 18 12 10
B6 "041_Group41" 16 16 6 19 24
C6 "042_Group42" 33 21 30 24 14
D6 "043_Group43" 15 20 20 14 21
E6 "044_Group44" 22 36 19 17 12
F6 "045_Group45" 24 39 14 16 8
G6 "046_Group46" 20 25 16 18 14
H6 "047_Group47" 22 18 17 15 18
A7 "048_Group48" 36 24 26 29 30
B7 "049_Group49" 3 24 17 25 26
C7 "050_Group50" 30 20 30 8 10
D7 "051_Group51" 24 27 32 17 18
E7 "052_Group52" 25 23 32 26 34
F7 "053_Group53" 3 4 12 19 16
G7 "054_Group54" 30 23 24 24 18
H7 "055_Group55" 22 22 10 27 18
A8 "056_Group56" 49 36 16 23 8
B8 "057_Group57" 40 33 31 12 18
C8 "058_Group58" 30 33 23 20 16
D8 "059_Group59" 27 26 41 28 14
E8 "060_Group60" 25 27 21 12 7
F8 "061_Group61" 24 23 21 26 13
G8 "062_Group62" 40 37 23 28 3
H8 "063_Group63" 44 39 48 16 10
A9 "064_Group64" 27 27 39 28 39
B9 "065_Group65" 37 35 44 34 40
C9 "066_Group66" 0 0 0 0 0
D9 "067_Group67" 28 44 46 49 40
E9 "068_Group68" 0 0 0 0 0
F9 "069_Group69" 40 42 28 36 36
G9 "070_Group70" 41 41 47 32 55
H9 "071_Group71" 31 25 26 26 31
A10 "072_Group72" 38 20 44 22 23
B10 "073_Group73" 48 41 26 41 16
C10 "074_Group74" 21 39 41 34 28
D10 "075_Group75" 20 29 23 16 26
E10 "076_Group76" 36 42 36 32 26
F10 "077_Group77" 35 24 35 37 40
G10 "078_Group78" 32 30 32 18 31
H10 "079_Group79" 34 31 24 17 30
A11 "080_Group80" 16 5 16 10 9
B11 "081_Group81" 14 8 18 7 9
C11 "082_Group82" 4 10 8 9 9
D11 "083_Group83" 16 15 15 19 11
E11 "084_Group84" 8 14 22 7 12
F11 "085_Group85" 14 8 8 15 13
G11 "086_Group86" 7 10 17 9 12
H11 "087_Group87" 21 21 18 11 13
A12 "088_Group88" 21 17 9 13 11
B12 "089_Group89" 17 22 16 16 20
C12 "090_Group90" 17 11 24 12 14
D12 "091_Group91" 13 14 11 7 15
E12 "092_Group92" 8 16 14 10 12
F12 "093_Group93" 21 19 23 40 24
G12 "094_Group94" 20 26 26 15 11
H12 "095_Group95" 19 9 17 13 18

"<<<<<< Channel Activity >>>>>>"
Channel Well Group/Time[m] 2 4 6 8 10
CH0 A1.0 "000_Group0" 46 45 31 36 33
CH2 B1.0 "001_Group1" 36 43 27 27 31
CH4 C1.0 "002_Group2" 21 26 28 13 21
CH6 D1.0 "003_Group3" 25 35 44 34 16
CH8 E1.0 "004_Group4" 27 42 34 24 42
CH10 F1.0 "005_Group5" 34 37 28 18 23
CH12 G1.0 "006_Group6" 14 22 27 12 30
CH14 H1.0 "007_Group7" 43 36 29 22 21
CH32 A2.0 "008_Group8" 28 32 40 30 24
CH34 B2.0 "009_Group9" 24 22 36 22 31
CH36 C2.0 "010_Group10" 29 33 44 36 40
CH38 D2.0 "011_Group11" 25 46 36 39 33
CH40 E2.0 "012_Group12" 29 31 31 35 37
CH42 F2.0 "013_Group13" 36 34 28 35 21
CH44 G2.0 "014_Group14" 30 37 42 24 28
CH46 H2.0 "015_Group15" 21 32 47 31 32
CH64 A3.0 "016_Group16" 33 33 29 34 26
CH66 B3.0 "017_Group17" 19 19 38 28 35
CH68 C3.0 "018_Group18" 33 38 34 18 18
CH70 D3.0 "019_Group19" 0 0 0 0 0
CH72 E3.0 "020_Group20" 19 29 42 29 30
CH74 F3.0 "021_Group21" 24 19 24 23 29
CH76 G3.0 "022_Group22" 23 26 29 18 12
CH78 H3.0 "023_Group23" 33 40 32 34 26
CH96 A4.0 "024_Group24" 48 19 21 12 9
CH98 B4.0 "025_Group25" 35 20 33 19 14
CH100 C4.0 "026_Group26" 16 39 23 27 15
CH102 D4.0 "027_Group27" 30 37 35 14 21
CH104 E4.0 "028_Group28" 34 37 23 28 36
CH106 F4.0 "029_Group29" 19 20 19 21 23
CH108 G4.0 "030_Group30" 21 25 21 19 32
CH110 H4.0 "031_Group31" 30 22 33 17 18
CH128 A5.0 "032_Group32" 19 34 24 20 15
CH130 B5.0 "033_Group33" 8 36 13 17 7
CH132 C5.0 "034_Group34" 23 21 31 34 28
CH134 D5.0 "035_Group35" 24 25 20 24 23
CH136 E5.0 "036_Group36" 19 29 25 36 22
CH138 F5.0 "037_Group37" 23 21 14 25 11
CH140 G5.0 "038_Group38" 16 32 40 30 32
CH142 H5.0 "039_Group39" 44 37 37 32 17
CH160 A6.0 "040_Group40" 20 10 18 12 10
CH162 B6.0 "041_Group41" 16 16 6 19 24
CH164 C6.0 "042_Group42" 33 21 30 24 14
CH166 D6.0 "043_Group43" 15 20 20 14 21
CH168 E6.0 "044_Group44" 22 36 19 17 12
CH170 F6.0 "045_Group45" 24 39 14 16 8
CH172 G6.0 "046_Group46" 20 25 16 18 14
CH174 H6.0 "047_Group47" 22 18 17 15 18
CH192 A7.0 "048_Group48" 36 24 26 29 30
CH194 B7.0 "049_Group49" 3 24 17 25 26
CH196 C7.0 "050_Group50" 30 20 30 8 10
CH198 D7.0 "051_Group51" 24 27 32 17 18
CH200 E7.0 "052_Group52" 25 23 32 26 34
CH202 F7.0 "053_Group53" 3 4 12 19 16
CH204 G7.0 "054_Group54" 30 23 24 24 18
CH206 H7.0 "055_Group55" 22 22 10 27 18
CH224 A8.0 "056_Group56" 49 36 16 23 8
CH226 B8.0 "057_Group57" 40 33 31 12 18
CH228 C8.0 "058_Group58" 30 33 23 20 16
CH230 D8.0 "059_Group59" 27 26 41 28 14
CH232 E8.0 "060_Group60" 25 27 21 12 7
CH234 F8.0 "061_Group61" 24 23 21 26 13
CH236 G8.0 "062_Group62" 40 37 23 28 3
CH238 H8.0 "063_Group63" 44 39 48 16 10
CH256 A9.0 "064_Group64" 27 27 39 28 39
CH258 B9.0 "065_Group65" 37 35 44 34 40
CH260 C9.0 "066_Group66" 0 0 0 0 0
CH262 D9.0 "067_Group67" 28 44 46 49 40
CH264 E9.0 "068_Group68" 0 0 0 0 0
CH266 F9.0 "069_Group69" 40 42 28 36 36
CH268 G9.0 "070_Group70" 41 41 47 32 55
CH270 H9.0 "071_Group71" 31 25 26 26 31
CH288 A10.0 "072_Group72" 38 20 44 22 23
CH290 B10.0 "073_Group73" 48 41 26 41 16
CH292 C10.0 "074_Group74" 21 39 41 34 28
CH294 D10.0 "075_Group75" 20 29 23 16 26
CH296 E10.0 "076_Group76" 36 42 36 32 26
CH298 F10.0 "077_Group77" 35 24 35 37 40
CH300 G10.0 "078_Group78" 32 30 32 18 31
CH302 H10.0 "079_Group79" 34 31 24 17 30
CH320 A11.0 "080_Group80" 16 5 16 10 9
CH322 B11.0 "081_Group81" 14 8 18 7 9
CH324 C11.0 "082_Group82" 4 10 8 9 9
CH326 D11.0 "083_Group83" 16 15 15 19 11
CH328 E11.0 "084_Group84" 8 14 22 7 12
CH330 F11.0 "085_Group85" 14 8 8 15 13
CH332 G11.0 "086_Group86" 7 10 17 9 12
CH334 H11.0 "087_Group87" 21 21 18 11 13
CH352 A12.0 "088_Group88" 21 17 9 13 11
CH354 B12.0 "089_Group89" 17 22 16 16 20
CH356 C12.0 "090_Group90" 17 11 24 12 14
CH358 D12.0 "091_Group91" 13 14 11 7 15
CH360 E12.0 "092_Group92" 8 16 14 10 12
CH362 F12.0 "093_Group93" 21 19 23 40 24
CH364 G12.0 "094_Group94" 20 26 26 15 11
CH366 H12.0 "095_Group95" 19 9 17 13 18
