"DATE:" "3/3/2015 8:44:30 AM"
"FILE:" "C:\Users\AndersenLab\Desktop\wmicrotracker\p00011\20150303_0833"
"SUBPROJECT:" "20150303_Longevity_4_3mgmL"

"<<<<<< Group Activity: Average Activity Counts per Data Interval>>>>>>"
Group/Time[m] 2 4 6 8 10
"000_Group0" 14 23 16 19 12
"001_Group1" 9 16 14 9 5
"002_Group2" 23 23 16 25 14
"003_Group3" 10 28 10 26 26
"004_Group4" 29 21 23 23 20
"005_Group5" 23 20 18 15 10
"006_Group6" 16 8 10 12 14
"007_Group7" 16 4 15 2 5
"008_Group8" 6 11 8 11 3
"009_Group9" 7 6 5 3 4
"010_Group10" 6 8 12 9 5
"011_Group11" 9 11 10 5 6
"012_Group12" 13 7 6 7 12
"013_Group13" 12 23 19 10 10
"014_Group14" 13 24 23 12 7
"015_Group15" 11 12 5 10 8
"016_Group16" 8 8 14 0 7
"017_Group17" 9 12 3 4 4
"018_Group18" 10 6 4 9 7
"019_Group19" 0 0 0 0 0
"020_Group20" 6 5 8 3 5
"021_Group21" 8 14 10 5 11
"022_Group22" 15 15 5 1 5
"023_Group23" 8 13 5 6 8
"024_Group24" 9 9 14 9 12
"025_Group25" 20 18 4 1 7
"026_Group26" 9 15 15 25 15
"027_Group27" 10 15 8 4 3
"028_Group28" 0 0 2 1 2
"029_Group29" 19 19 8 25 11
"030_Group30" 5 6 4 2 1
"031_Group31" 11 8 6 5 6
"032_Group32" 17 14 11 20 16
"033_Group33" 12 10 0 3 0
"034_Group34" 11 3 0 7 7
"035_Group35" 17 16 15 20 11
"036_Group36" 17 15 18 16 9
"037_Group37" 10 1 8 0 0
"038_Group38" 21 14 9 1 6
"039_Group39" 18 5 0 0 2
"040_Group40" 22 18 18 25 23
"041_Group41" 8 9 9 13 4
"042_Group42" 10 16 4 11 4
"043_Group43" 14 14 15 15 15
"044_Group44" 12 6 10 0 5
"045_Group45" 0 0 3 0 1
"046_Group46" 14 27 13 11 10
"047_Group47" 17 16 13 9 16
"048_Group48" 5 15 7 16 6
"049_Group49" 14 5 5 2 2
"050_Group50" 4 7 2 17 6
"051_Group51" 1 0 9 8 4
"052_Group52" 10 4 10 3 7
"053_Group53" 10 8 6 7 16
"054_Group54" 11 7 6 17 4
"055_Group55" 15 3 8 2 0
"056_Group56" 17 8 12 7 5
"057_Group57" 14 19 4 10 10
"058_Group58" 12 8 1 4 3
"059_Group59" 22 26 18 6 12
"060_Group60" 7 13 7 10 3
"061_Group61" 35 26 10 15 14
"062_Group62" 14 16 11 10 4
"063_Group63" 6 6 1 2 0
"064_Group64" 10 19 6 1 3
"065_Group65" 27 22 21 15 11
"066_Group66" 0 0 0 0 0
"067_Group67" 22 20 11 8 12
"068_Group68" 0 0 0 0 0
"069_Group69" 12 10 7 2 9
"070_Group70" 19 21 27 16 12
"071_Group71" 8 17 21 17 19
"072_Group72" 24 24 19 9 20
"073_Group73" 8 23 19 18 9
"074_Group74" 18 20 19 15 6
"075_Group75" 20 40 39 28 13
"076_Group76" 12 24 10 13 8
"077_Group77" 19 12 11 19 35
"078_Group78" 24 28 14 13 17
"079_Group79" 9 20 12 23 2
"080_Group80" 9 9 2 2 1
"081_Group81" 14 5 8 3 19
"082_Group82" 13 12 8 9 3
"083_Group83" 4 7 3 1 8
"084_Group84" 15 8 10 0 1
"085_Group85" 21 13 8 11 2
"086_Group86" 7 1 0 0 0
"087_Group87" 11 9 10 2 8
"088_Group88" 3 7 2 1 0
"089_Group89" 12 6 7 2 8
"090_Group90" 11 5 0 2 3
"091_Group91" 15 8 5 8 9
"092_Group92" 0 0 1 0 0
"093_Group93" 5 6 2 2 2
"094_Group94" 9 11 2 6 5
"095_Group95" 11 9 2 0 2

"<<<<<< Group Activity: Number of wells/group >>>>>>"
Group/Time[m] 2 4 6 8 10
"000_Group0" 1 1 1 1 1
"001_Group1" 1 1 1 1 1
"002_Group2" 1 1 1 1 1
"003_Group3" 1 1 1 1 1
"004_Group4" 1 1 1 1 1
"005_Group5" 1 1 1 1 1
"006_Group6" 1 1 1 1 1
"007_Group7" 1 1 1 1 1
"008_Group8" 1 1 1 1 1
"009_Group9" 1 1 1 1 1
"010_Group10" 1 1 1 1 1
"011_Group11" 1 1 1 1 1
"012_Group12" 1 1 1 1 1
"013_Group13" 1 1 1 1 1
"014_Group14" 1 1 1 1 1
"015_Group15" 1 1 1 1 1
"016_Group16" 1 1 1 1 1
"017_Group17" 1 1 1 1 1
"018_Group18" 1 1 1 1 1
"019_Group19" 1 1 1 1 1
"020_Group20" 1 1 1 1 1
"021_Group21" 1 1 1 1 1
"022_Group22" 1 1 1 1 1
"023_Group23" 1 1 1 1 1
"024_Group24" 1 1 1 1 1
"025_Group25" 1 1 1 1 1
"026_Group26" 1 1 1 1 1
"027_Group27" 1 1 1 1 1
"028_Group28" 1 1 1 1 1
"029_Group29" 1 1 1 1 1
"030_Group30" 1 1 1 1 1
"031_Group31" 1 1 1 1 1
"032_Group32" 1 1 1 1 1
"033_Group33" 1 1 1 1 1
"034_Group34" 1 1 1 1 1
"035_Group35" 1 1 1 1 1
"036_Group36" 1 1 1 1 1
"037_Group37" 1 1 1 1 1
"038_Group38" 1 1 1 1 1
"039_Group39" 1 1 1 1 1
"040_Group40" 1 1 1 1 1
"041_Group41" 1 1 1 1 1
"042_Group42" 1 1 1 1 1
"043_Group43" 1 1 1 1 1
"044_Group44" 1 1 1 1 1
"045_Group45" 1 1 1 1 1
"046_Group46" 1 1 1 1 1
"047_Group47" 1 1 1 1 1
"048_Group48" 1 1 1 1 1
"049_Group49" 1 1 1 1 1
"050_Group50" 1 1 1 1 1
"051_Group51" 1 1 1 1 1
"052_Group52" 1 1 1 1 1
"053_Group53" 1 1 1 1 1
"054_Group54" 1 1 1 1 1
"055_Group55" 1 1 1 1 1
"056_Group56" 1 1 1 1 1
"057_Group57" 1 1 1 1 1
"058_Group58" 1 1 1 1 1
"059_Group59" 1 1 1 1 1
"060_Group60" 1 1 1 1 1
"061_Group61" 1 1 1 1 1
"062_Group62" 1 1 1 1 1
"063_Group63" 1 1 1 1 1
"064_Group64" 1 1 1 1 1
"065_Group65" 1 1 1 1 1
"066_Group66" 1 1 1 1 1
"067_Group67" 1 1 1 1 1
"068_Group68" 1 1 1 1 1
"069_Group69" 1 1 1 1 1
"070_Group70" 1 1 1 1 1
"071_Group71" 1 1 1 1 1
"072_Group72" 1 1 1 1 1
"073_Group73" 1 1 1 1 1
"074_Group74" 1 1 1 1 1
"075_Group75" 1 1 1 1 1
"076_Group76" 1 1 1 1 1
"077_Group77" 1 1 1 1 1
"078_Group78" 1 1 1 1 1
"079_Group79" 1 1 1 1 1
"080_Group80" 1 1 1 1 1
"081_Group81" 1 1 1 1 1
"082_Group82" 1 1 1 1 1
"083_Group83" 1 1 1 1 1
"084_Group84" 1 1 1 1 1
"085_Group85" 1 1 1 1 1
"086_Group86" 1 1 1 1 1
"087_Group87" 1 1 1 1 1
"088_Group88" 1 1 1 1 1
"089_Group89" 1 1 1 1 1
"090_Group90" 1 1 1 1 1
"091_Group91" 1 1 1 1 1
"092_Group92" 1 1 1 1 1
"093_Group93" 1 1 1 1 1
"094_Group94" 1 1 1 1 1
"095_Group95" 1 1 1 1 1

"<<<<<< Number of Samples per Acquisition Interval [1unit=500values] >>>>>>"
Time[m] 2 4 6 8 10 
#Samples 2 2 2 2 2 

"<<<<<< Average Temperature [°C] >>>>>>"
Time[m] 2 4 6 8 10 
Temp[°C] 21.1 21.2 21.4 21.4 21.4 

"<<<<<< Well Activity >>>>>>"
Well Group/Time[m] 2 4 6 8 10
A1 "000_Group0" 14 23 16 19 12
B1 "001_Group1" 9 16 14 9 5
C1 "002_Group2" 23 23 16 25 14
D1 "003_Group3" 10 28 10 26 26
E1 "004_Group4" 29 21 23 23 20
F1 "005_Group5" 23 20 18 15 10
G1 "006_Group6" 16 8 10 12 14
H1 "007_Group7" 16 4 15 2 5
A2 "008_Group8" 6 11 8 11 3
B2 "009_Group9" 7 6 5 3 4
C2 "010_Group10" 6 8 12 9 5
D2 "011_Group11" 9 11 10 5 6
E2 "012_Group12" 13 7 6 7 12
F2 "013_Group13" 12 23 19 10 10
G2 "014_Group14" 13 24 23 12 7
H2 "015_Group15" 11 12 5 10 8
A3 "016_Group16" 8 8 14 0 7
B3 "017_Group17" 9 12 3 4 4
C3 "018_Group18" 10 6 4 9 7
D3 "019_Group19" 0 0 0 0 0
E3 "020_Group20" 6 5 8 3 5
F3 "021_Group21" 8 14 10 5 11
G3 "022_Group22" 15 15 5 1 5
H3 "023_Group23" 8 13 5 6 8
A4 "024_Group24" 9 9 14 9 12
B4 "025_Group25" 20 18 4 1 7
C4 "026_Group26" 9 15 15 25 15
D4 "027_Group27" 10 15 8 4 3
E4 "028_Group28" 0 0 2 1 2
F4 "029_Group29" 19 19 8 25 11
G4 "030_Group30" 5 6 4 2 1
H4 "031_Group31" 11 8 6 5 6
A5 "032_Group32" 17 14 11 20 16
B5 "033_Group33" 12 10 0 3 0
C5 "034_Group34" 11 3 0 7 7
D5 "035_Group35" 17 16 15 20 11
E5 "036_Group36" 17 15 18 16 9
F5 "037_Group37" 10 1 8 0 0
G5 "038_Group38" 21 14 9 1 6
H5 "039_Group39" 18 5 0 0 2
A6 "040_Group40" 22 18 18 25 23
B6 "041_Group41" 8 9 9 13 4
C6 "042_Group42" 10 16 4 11 4
D6 "043_Group43" 14 14 15 15 15
E6 "044_Group44" 12 6 10 0 5
F6 "045_Group45" 0 0 3 0 1
G6 "046_Group46" 14 27 13 11 10
H6 "047_Group47" 17 16 13 9 16
A7 "048_Group48" 5 15 7 16 6
B7 "049_Group49" 14 5 5 2 2
C7 "050_Group50" 4 7 2 17 6
D7 "051_Group51" 1 0 9 8 4
E7 "052_Group52" 10 4 10 3 7
F7 "053_Group53" 10 8 6 7 16
G7 "054_Group54" 11 7 6 17 4
H7 "055_Group55" 15 3 8 2 0
A8 "056_Group56" 17 8 12 7 5
B8 "057_Group57" 14 19 4 10 10
C8 "058_Group58" 12 8 1 4 3
D8 "059_Group59" 22 26 18 6 12
E8 "060_Group60" 7 13 7 10 3
F8 "061_Group61" 35 26 10 15 14
G8 "062_Group62" 14 16 11 10 4
H8 "063_Group63" 6 6 1 2 0
A9 "064_Group64" 10 19 6 1 3
B9 "065_Group65" 27 22 21 15 11
C9 "066_Group66" 0 0 0 0 0
D9 "067_Group67" 22 20 11 8 12
E9 "068_Group68" 0 0 0 0 0
F9 "069_Group69" 12 10 7 2 9
G9 "070_Group70" 19 21 27 16 12
H9 "071_Group71" 8 17 21 17 19
A10 "072_Group72" 24 24 19 9 20
B10 "073_Group73" 8 23 19 18 9
C10 "074_Group74" 18 20 19 15 6
D10 "075_Group75" 20 40 39 28 13
E10 "076_Group76" 12 24 10 13 8
F10 "077_Group77" 19 12 11 19 35
G10 "078_Group78" 24 28 14 13 17
H10 "079_Group79" 9 20 12 23 2
A11 "080_Group80" 9 9 2 2 1
B11 "081_Group81" 14 5 8 3 19
C11 "082_Group82" 13 12 8 9 3
D11 "083_Group83" 4 7 3 1 8
E11 "084_Group84" 15 8 10 0 1
F11 "085_Group85" 21 13 8 11 2
G11 "086_Group86" 7 1 0 0 0
H11 "087_Group87" 11 9 10 2 8
A12 "088_Group88" 3 7 2 1 0
B12 "089_Group89" 12 6 7 2 8
C12 "090_Group90" 11 5 0 2 3
D12 "091_Group91" 15 8 5 8 9
E12 "092_Group92" 0 0 1 0 0
F12 "093_Group93" 5 6 2 2 2
G12 "094_Group94" 9 11 2 6 5
H12 "095_Group95" 11 9 2 0 2

"<<<<<< Channel Activity >>>>>>"
Channel Well Group/Time[m] 2 4 6 8 10
CH0 A1.0 "000_Group0" 14 23 16 19 12
CH2 B1.0 "001_Group1" 9 16 14 9 5
CH4 C1.0 "002_Group2" 23 23 16 25 14
CH6 D1.0 "003_Group3" 10 28 10 26 26
CH8 E1.0 "004_Group4" 29 21 23 23 20
CH10 F1.0 "005_Group5" 23 20 18 15 10
CH12 G1.0 "006_Group6" 16 8 10 12 14
CH14 H1.0 "007_Group7" 16 4 15 2 5
CH32 A2.0 "008_Group8" 6 11 8 11 3
CH34 B2.0 "009_Group9" 7 6 5 3 4
CH36 C2.0 "010_Group10" 6 8 12 9 5
CH38 D2.0 "011_Group11" 9 11 10 5 6
CH40 E2.0 "012_Group12" 13 7 6 7 12
CH42 F2.0 "013_Group13" 12 23 19 10 10
CH44 G2.0 "014_Group14" 13 24 23 12 7
CH46 H2.0 "015_Group15" 11 12 5 10 8
CH64 A3.0 "016_Group16" 8 8 14 0 7
CH66 B3.0 "017_Group17" 9 12 3 4 4
CH68 C3.0 "018_Group18" 10 6 4 9 7
CH70 D3.0 "019_Group19" 0 0 0 0 0
CH72 E3.0 "020_Group20" 6 5 8 3 5
CH74 F3.0 "021_Group21" 8 14 10 5 11
CH76 G3.0 "022_Group22" 15 15 5 1 5
CH78 H3.0 "023_Group23" 8 13 5 6 8
CH96 A4.0 "024_Group24" 9 9 14 9 12
CH98 B4.0 "025_Group25" 20 18 4 1 7
CH100 C4.0 "026_Group26" 9 15 15 25 15
CH102 D4.0 "027_Group27" 10 15 8 4 3
CH104 E4.0 "028_Group28" 0 0 2 1 2
CH106 F4.0 "029_Group29" 19 19 8 25 11
CH108 G4.0 "030_Group30" 5 6 4 2 1
CH110 H4.0 "031_Group31" 11 8 6 5 6
CH128 A5.0 "032_Group32" 17 14 11 20 16
CH130 B5.0 "033_Group33" 12 10 0 3 0
CH132 C5.0 "034_Group34" 11 3 0 7 7
CH134 D5.0 "035_Group35" 17 16 15 20 11
CH136 E5.0 "036_Group36" 17 15 18 16 9
CH138 F5.0 "037_Group37" 10 1 8 0 0
CH140 G5.0 "038_Group38" 21 14 9 1 6
CH142 H5.0 "039_Group39" 18 5 0 0 2
CH160 A6.0 "040_Group40" 22 18 18 25 23
CH162 B6.0 "041_Group41" 8 9 9 13 4
CH164 C6.0 "042_Group42" 10 16 4 11 4
CH166 D6.0 "043_Group43" 14 14 15 15 15
CH168 E6.0 "044_Group44" 12 6 10 0 5
CH170 F6.0 "045_Group45" 0 0 3 0 1
CH172 G6.0 "046_Group46" 14 27 13 11 10
CH174 H6.0 "047_Group47" 17 16 13 9 16
CH192 A7.0 "048_Group48" 5 15 7 16 6
CH194 B7.0 "049_Group49" 14 5 5 2 2
CH196 C7.0 "050_Group50" 4 7 2 17 6
CH198 D7.0 "051_Group51" 1 0 9 8 4
CH200 E7.0 "052_Group52" 10 4 10 3 7
CH202 F7.0 "053_Group53" 10 8 6 7 16
CH204 G7.0 "054_Group54" 11 7 6 17 4
CH206 H7.0 "055_Group55" 15 3 8 2 0
CH224 A8.0 "056_Group56" 17 8 12 7 5
CH226 B8.0 "057_Group57" 14 19 4 10 10
CH228 C8.0 "058_Group58" 12 8 1 4 3
CH230 D8.0 "059_Group59" 22 26 18 6 12
CH232 E8.0 "060_Group60" 7 13 7 10 3
CH234 F8.0 "061_Group61" 35 26 10 15 14
CH236 G8.0 "062_Group62" 14 16 11 10 4
CH238 H8.0 "063_Group63" 6 6 1 2 0
CH256 A9.0 "064_Group64" 10 19 6 1 3
CH258 B9.0 "065_Group65" 27 22 21 15 11
CH260 C9.0 "066_Group66" 0 0 0 0 0
CH262 D9.0 "067_Group67" 22 20 11 8 12
CH264 E9.0 "068_Group68" 0 0 0 0 0
CH266 F9.0 "069_Group69" 12 10 7 2 9
CH268 G9.0 "070_Group70" 19 21 27 16 12
CH270 H9.0 "071_Group71" 8 17 21 17 19
CH288 A10.0 "072_Group72" 24 24 19 9 20
CH290 B10.0 "073_Group73" 8 23 19 18 9
CH292 C10.0 "074_Group74" 18 20 19 15 6
CH294 D10.0 "075_Group75" 20 40 39 28 13
CH296 E10.0 "076_Group76" 12 24 10 13 8
CH298 F10.0 "077_Group77" 19 12 11 19 35
CH300 G10.0 "078_Group78" 24 28 14 13 17
CH302 H10.0 "079_Group79" 9 20 12 23 2
CH320 A11.0 "080_Group80" 9 9 2 2 1
CH322 B11.0 "081_Group81" 14 5 8 3 19
CH324 C11.0 "082_Group82" 13 12 8 9 3
CH326 D11.0 "083_Group83" 4 7 3 1 8
CH328 E11.0 "084_Group84" 15 8 10 0 1
CH330 F11.0 "085_Group85" 21 13 8 11 2
CH332 G11.0 "086_Group86" 7 1 0 0 0
CH334 H11.0 "087_Group87" 11 9 10 2 8
CH352 A12.0 "088_Group88" 3 7 2 1 0
CH354 B12.0 "089_Group89" 12 6 7 2 8
CH356 C12.0 "090_Group90" 11 5 0 2 3
CH358 D12.0 "091_Group91" 15 8 5 8 9
CH360 E12.0 "092_Group92" 0 0 1 0 0
CH362 F12.0 "093_Group93" 5 6 2 2 2
CH364 G12.0 "094_Group94" 9 11 2 6 5
CH366 H12.0 "095_Group95" 11 9 2 0 2
