"DATE:" "2/22/2015 8:54:04 AM"
"FILE:" "C:\Users\AndersenLab\Desktop\wmicrotracker\p00011\20150222_0842"
"SUBPROJECT:" "20150222_Longevity_4_3mgmL"

"<<<<<< Group Activity: Average Activity Counts per Data Interval>>>>>>"
Group/Time[m] 2 4 6 8 10
"000_Group0" 51 33 36 20 20
"001_Group1" 30 36 23 26 38
"002_Group2" 33 36 28 33 28
"003_Group3" 26 30 54 27 18
"004_Group4" 31 44 38 32 24
"005_Group5" 22 29 29 29 38
"006_Group6" 17 37 24 37 27
"007_Group7" 46 42 40 25 12
"008_Group8" 10 21 33 32 18
"009_Group9" 21 31 30 26 32
"010_Group10" 27 45 25 31 21
"011_Group11" 14 40 36 29 41
"012_Group12" 9 17 35 42 30
"013_Group13" 37 34 39 30 25
"014_Group14" 32 35 31 31 29
"015_Group15" 14 40 28 29 26
"016_Group16" 9 13 7 11 14
"017_Group17" 6 31 16 15 9
"018_Group18" 12 24 17 35 22
"019_Group19" 0 0 0 0 0
"020_Group20" 11 36 45 32 34
"021_Group21" 8 19 20 11 17
"022_Group22" 19 30 27 32 37
"023_Group23" 37 29 34 23 16
"024_Group24" 39 23 19 25 24
"025_Group25" 7 14 12 14 8
"026_Group26" 14 13 20 13 3
"027_Group27" 23 45 21 19 21
"028_Group28" 9 21 17 16 10
"029_Group29" 8 26 26 30 24
"030_Group30" 6 14 8 13 2
"031_Group31" 14 8 17 22 15
"032_Group32" 19 30 22 23 22
"033_Group33" 12 4 15 14 20
"034_Group34" 15 11 10 13 13
"035_Group35" 12 10 9 14 17
"036_Group36" 14 18 26 24 18
"037_Group37" 6 6 10 7 12
"038_Group38" 8 13 10 15 13
"039_Group39" 10 8 8 5 9
"040_Group40" 10 17 21 14 8
"041_Group41" 11 16 14 12 4
"042_Group42" 13 16 7 8 9
"043_Group43" 7 13 12 12 9
"044_Group44" 5 15 16 13 14
"045_Group45" 12 12 10 16 11
"046_Group46" 10 12 17 7 13
"047_Group47" 22 19 11 8 11
"048_Group48" 7 21 11 5 11
"049_Group49" 3 12 14 18 18
"050_Group50" 18 11 25 13 8
"051_Group51" 27 29 23 9 8
"052_Group52" 16 12 12 15 9
"053_Group53" 22 34 23 27 16
"054_Group54" 5 35 38 11 20
"055_Group55" 19 2 17 6 7
"056_Group56" 26 18 16 20 15
"057_Group57" 23 18 29 12 21
"058_Group58" 32 22 24 12 12
"059_Group59" 15 10 14 17 9
"060_Group60" 7 7 18 31 20
"061_Group61" 29 16 16 8 8
"062_Group62" 36 55 26 15 8
"063_Group63" 14 11 8 8 11
"064_Group64" 7 22 14 15 14
"065_Group65" 34 29 33 19 21
"066_Group66" 0 0 0 0 0
"067_Group67" 13 14 22 19 24
"068_Group68" 0 0 0 0 0
"069_Group69" 42 47 34 26 8
"070_Group70" 26 22 35 30 14
"071_Group71" 15 16 27 39 35
"072_Group72" 26 36 15 13 20
"073_Group73" 11 31 26 18 14
"074_Group74" 16 32 24 20 13
"075_Group75" 23 33 28 29 8
"076_Group76" 22 42 26 21 33
"077_Group77" 14 31 25 18 5
"078_Group78" 11 29 30 23 19
"079_Group79" 31 37 44 30 29
"080_Group80" 10 10 8 13 7
"081_Group81" 25 12 7 11 6
"082_Group82" 7 11 14 8 8
"083_Group83" 11 9 12 20 12
"084_Group84" 11 9 12 7 10
"085_Group85" 15 21 12 11 6
"086_Group86" 5 8 6 14 12
"087_Group87" 6 14 9 10 11
"088_Group88" 10 4 9 12 6
"089_Group89" 5 16 9 12 15
"090_Group90" 13 8 6 5 9
"091_Group91" 14 15 17 5 8
"092_Group92" 3 17 15 7 8
"093_Group93" 4 12 15 16 15
"094_Group94" 5 21 14 15 9
"095_Group95" 21 11 5 13 7

"<<<<<< Group Activity: Number of wells/group >>>>>>"
Group/Time[m] 2 4 6 8 10
"000_Group0" 1 1 1 1 1
"001_Group1" 1 1 1 1 1
"002_Group2" 1 1 1 1 1
"003_Group3" 1 1 1 1 1
"004_Group4" 1 1 1 1 1
"005_Group5" 1 1 1 1 1
"006_Group6" 1 1 1 1 1
"007_Group7" 1 1 1 1 1
"008_Group8" 1 1 1 1 1
"009_Group9" 1 1 1 1 1
"010_Group10" 1 1 1 1 1
"011_Group11" 1 1 1 1 1
"012_Group12" 1 1 1 1 1
"013_Group13" 1 1 1 1 1
"014_Group14" 1 1 1 1 1
"015_Group15" 1 1 1 1 1
"016_Group16" 1 1 1 1 1
"017_Group17" 1 1 1 1 1
"018_Group18" 1 1 1 1 1
"019_Group19" 1 1 1 1 1
"020_Group20" 1 1 1 1 1
"021_Group21" 1 1 1 1 1
"022_Group22" 1 1 1 1 1
"023_Group23" 1 1 1 1 1
"024_Group24" 1 1 1 1 1
"025_Group25" 1 1 1 1 1
"026_Group26" 1 1 1 1 1
"027_Group27" 1 1 1 1 1
"028_Group28" 1 1 1 1 1
"029_Group29" 1 1 1 1 1
"030_Group30" 1 1 1 1 1
"031_Group31" 1 1 1 1 1
"032_Group32" 1 1 1 1 1
"033_Group33" 1 1 1 1 1
"034_Group34" 1 1 1 1 1
"035_Group35" 1 1 1 1 1
"036_Group36" 1 1 1 1 1
"037_Group37" 1 1 1 1 1
"038_Group38" 1 1 1 1 1
"039_Group39" 1 1 1 1 1
"040_Group40" 1 1 1 1 1
"041_Group41" 1 1 1 1 1
"042_Group42" 1 1 1 1 1
"043_Group43" 1 1 1 1 1
"044_Group44" 1 1 1 1 1
"045_Group45" 1 1 1 1 1
"046_Group46" 1 1 1 1 1
"047_Group47" 1 1 1 1 1
"048_Group48" 1 1 1 1 1
"049_Group49" 1 1 1 1 1
"050_Group50" 1 1 1 1 1
"051_Group51" 1 1 1 1 1
"052_Group52" 1 1 1 1 1
"053_Group53" 1 1 1 1 1
"054_Group54" 1 1 1 1 1
"055_Group55" 1 1 1 1 1
"056_Group56" 1 1 1 1 1
"057_Group57" 1 1 1 1 1
"058_Group58" 1 1 1 1 1
"059_Group59" 1 1 1 1 1
"060_Group60" 1 1 1 1 1
"061_Group61" 1 1 1 1 1
"062_Group62" 1 1 1 1 1
"063_Group63" 1 1 1 1 1
"064_Group64" 1 1 1 1 1
"065_Group65" 1 1 1 1 1
"066_Group66" 1 1 1 1 1
"067_Group67" 1 1 1 1 1
"068_Group68" 1 1 1 1 1
"069_Group69" 1 1 1 1 1
"070_Group70" 1 1 1 1 1
"071_Group71" 1 1 1 1 1
"072_Group72" 1 1 1 1 1
"073_Group73" 1 1 1 1 1
"074_Group74" 1 1 1 1 1
"075_Group75" 1 1 1 1 1
"076_Group76" 1 1 1 1 1
"077_Group77" 1 1 1 1 1
"078_Group78" 1 1 1 1 1
"079_Group79" 1 1 1 1 1
"080_Group80" 1 1 1 1 1
"081_Group81" 1 1 1 1 1
"082_Group82" 1 1 1 1 1
"083_Group83" 1 1 1 1 1
"084_Group84" 1 1 1 1 1
"085_Group85" 1 1 1 1 1
"086_Group86" 1 1 1 1 1
"087_Group87" 1 1 1 1 1
"088_Group88" 1 1 1 1 1
"089_Group89" 1 1 1 1 1
"090_Group90" 1 1 1 1 1
"091_Group91" 1 1 1 1 1
"092_Group92" 1 1 1 1 1
"093_Group93" 1 1 1 1 1
"094_Group94" 1 1 1 1 1
"095_Group95" 1 1 1 1 1

"<<<<<< Number of Samples per Acquisition Interval [1unit=500values] >>>>>>"
Time[m] 2 4 6 8 10 
#Samples 2 2 2 2 2 

"<<<<<< Average Temperature [°C] >>>>>>"
Time[m] 2 4 6 8 10 
Temp[°C] 20.9 20.9 20.9 20.9 20.9 

"<<<<<< Well Activity >>>>>>"
Well Group/Time[m] 2 4 6 8 10
A1 "000_Group0" 51 33 36 20 20
B1 "001_Group1" 30 36 23 26 38
C1 "002_Group2" 33 36 28 33 28
D1 "003_Group3" 26 30 54 27 18
E1 "004_Group4" 31 44 38 32 24
F1 "005_Group5" 22 29 29 29 38
G1 "006_Group6" 17 37 24 37 27
H1 "007_Group7" 46 42 40 25 12
A2 "008_Group8" 10 21 33 32 18
B2 "009_Group9" 21 31 30 26 32
C2 "010_Group10" 27 45 25 31 21
D2 "011_Group11" 14 40 36 29 41
E2 "012_Group12" 9 17 35 42 30
F2 "013_Group13" 37 34 39 30 25
G2 "014_Group14" 32 35 31 31 29
H2 "015_Group15" 14 40 28 29 26
A3 "016_Group16" 9 13 7 11 14
B3 "017_Group17" 6 31 16 15 9
C3 "018_Group18" 12 24 17 35 22
D3 "019_Group19" 0 0 0 0 0
E3 "020_Group20" 11 36 45 32 34
F3 "021_Group21" 8 19 20 11 17
G3 "022_Group22" 19 30 27 32 37
H3 "023_Group23" 37 29 34 23 16
A4 "024_Group24" 39 23 19 25 24
B4 "025_Group25" 7 14 12 14 8
C4 "026_Group26" 14 13 20 13 3
D4 "027_Group27" 23 45 21 19 21
E4 "028_Group28" 9 21 17 16 10
F4 "029_Group29" 8 26 26 30 24
G4 "030_Group30" 6 14 8 13 2
H4 "031_Group31" 14 8 17 22 15
A5 "032_Group32" 19 30 22 23 22
B5 "033_Group33" 12 4 15 14 20
C5 "034_Group34" 15 11 10 13 13
D5 "035_Group35" 12 10 9 14 17
E5 "036_Group36" 14 18 26 24 18
F5 "037_Group37" 6 6 10 7 12
G5 "038_Group38" 8 13 10 15 13
H5 "039_Group39" 10 8 8 5 9
A6 "040_Group40" 10 17 21 14 8
B6 "041_Group41" 11 16 14 12 4
C6 "042_Group42" 13 16 7 8 9
D6 "043_Group43" 7 13 12 12 9
E6 "044_Group44" 5 15 16 13 14
F6 "045_Group45" 12 12 10 16 11
G6 "046_Group46" 10 12 17 7 13
H6 "047_Group47" 22 19 11 8 11
A7 "048_Group48" 7 21 11 5 11
B7 "049_Group49" 3 12 14 18 18
C7 "050_Group50" 18 11 25 13 8
D7 "051_Group51" 27 29 23 9 8
E7 "052_Group52" 16 12 12 15 9
F7 "053_Group53" 22 34 23 27 16
G7 "054_Group54" 5 35 38 11 20
H7 "055_Group55" 19 2 17 6 7
A8 "056_Group56" 26 18 16 20 15
B8 "057_Group57" 23 18 29 12 21
C8 "058_Group58" 32 22 24 12 12
D8 "059_Group59" 15 10 14 17 9
E8 "060_Group60" 7 7 18 31 20
F8 "061_Group61" 29 16 16 8 8
G8 "062_Group62" 36 55 26 15 8
H8 "063_Group63" 14 11 8 8 11
A9 "064_Group64" 7 22 14 15 14
B9 "065_Group65" 34 29 33 19 21
C9 "066_Group66" 0 0 0 0 0
D9 "067_Group67" 13 14 22 19 24
E9 "068_Group68" 0 0 0 0 0
F9 "069_Group69" 42 47 34 26 8
G9 "070_Group70" 26 22 35 30 14
H9 "071_Group71" 15 16 27 39 35
A10 "072_Group72" 26 36 15 13 20
B10 "073_Group73" 11 31 26 18 14
C10 "074_Group74" 16 32 24 20 13
D10 "075_Group75" 23 33 28 29 8
E10 "076_Group76" 22 42 26 21 33
F10 "077_Group77" 14 31 25 18 5
G10 "078_Group78" 11 29 30 23 19
H10 "079_Group79" 31 37 44 30 29
A11 "080_Group80" 10 10 8 13 7
B11 "081_Group81" 25 12 7 11 6
C11 "082_Group82" 7 11 14 8 8
D11 "083_Group83" 11 9 12 20 12
E11 "084_Group84" 11 9 12 7 10
F11 "085_Group85" 15 21 12 11 6
G11 "086_Group86" 5 8 6 14 12
H11 "087_Group87" 6 14 9 10 11
A12 "088_Group88" 10 4 9 12 6
B12 "089_Group89" 5 16 9 12 15
C12 "090_Group90" 13 8 6 5 9
D12 "091_Group91" 14 15 17 5 8
E12 "092_Group92" 3 17 15 7 8
F12 "093_Group93" 4 12 15 16 15
G12 "094_Group94" 5 21 14 15 9
H12 "095_Group95" 21 11 5 13 7

"<<<<<< Channel Activity >>>>>>"
Channel Well Group/Time[m] 2 4 6 8 10
CH0 A1.0 "000_Group0" 51 33 36 20 20
CH2 B1.0 "001_Group1" 30 36 23 26 38
CH4 C1.0 "002_Group2" 33 36 28 33 28
CH6 D1.0 "003_Group3" 26 30 54 27 18
CH8 E1.0 "004_Group4" 31 44 38 32 24
CH10 F1.0 "005_Group5" 22 29 29 29 38
CH12 G1.0 "006_Group6" 17 37 24 37 27
CH14 H1.0 "007_Group7" 46 42 40 25 12
CH32 A2.0 "008_Group8" 10 21 33 32 18
CH34 B2.0 "009_Group9" 21 31 30 26 32
CH36 C2.0 "010_Group10" 27 45 25 31 21
CH38 D2.0 "011_Group11" 14 40 36 29 41
CH40 E2.0 "012_Group12" 9 17 35 42 30
CH42 F2.0 "013_Group13" 37 34 39 30 25
CH44 G2.0 "014_Group14" 32 35 31 31 29
CH46 H2.0 "015_Group15" 14 40 28 29 26
CH64 A3.0 "016_Group16" 9 13 7 11 14
CH66 B3.0 "017_Group17" 6 31 16 15 9
CH68 C3.0 "018_Group18" 12 24 17 35 22
CH70 D3.0 "019_Group19" 0 0 0 0 0
CH72 E3.0 "020_Group20" 11 36 45 32 34
CH74 F3.0 "021_Group21" 8 19 20 11 17
CH76 G3.0 "022_Group22" 19 30 27 32 37
CH78 H3.0 "023_Group23" 37 29 34 23 16
CH96 A4.0 "024_Group24" 39 23 19 25 24
CH98 B4.0 "025_Group25" 7 14 12 14 8
CH100 C4.0 "026_Group26" 14 13 20 13 3
CH102 D4.0 "027_Group27" 23 45 21 19 21
CH104 E4.0 "028_Group28" 9 21 17 16 10
CH106 F4.0 "029_Group29" 8 26 26 30 24
CH108 G4.0 "030_Group30" 6 14 8 13 2
CH110 H4.0 "031_Group31" 14 8 17 22 15
CH128 A5.0 "032_Group32" 19 30 22 23 22
CH130 B5.0 "033_Group33" 12 4 15 14 20
CH132 C5.0 "034_Group34" 15 11 10 13 13
CH134 D5.0 "035_Group35" 12 10 9 14 17
CH136 E5.0 "036_Group36" 14 18 26 24 18
CH138 F5.0 "037_Group37" 6 6 10 7 12
CH140 G5.0 "038_Group38" 8 13 10 15 13
CH142 H5.0 "039_Group39" 10 8 8 5 9
CH160 A6.0 "040_Group40" 10 17 21 14 8
CH162 B6.0 "041_Group41" 11 16 14 12 4
CH164 C6.0 "042_Group42" 13 16 7 8 9
CH166 D6.0 "043_Group43" 7 13 12 12 9
CH168 E6.0 "044_Group44" 5 15 16 13 14
CH170 F6.0 "045_Group45" 12 12 10 16 11
CH172 G6.0 "046_Group46" 10 12 17 7 13
CH174 H6.0 "047_Group47" 22 19 11 8 11
CH192 A7.0 "048_Group48" 7 21 11 5 11
CH194 B7.0 "049_Group49" 3 12 14 18 18
CH196 C7.0 "050_Group50" 18 11 25 13 8
CH198 D7.0 "051_Group51" 27 29 23 9 8
CH200 E7.0 "052_Group52" 16 12 12 15 9
CH202 F7.0 "053_Group53" 22 34 23 27 16
CH204 G7.0 "054_Group54" 5 35 38 11 20
CH206 H7.0 "055_Group55" 19 2 17 6 7
CH224 A8.0 "056_Group56" 26 18 16 20 15
CH226 B8.0 "057_Group57" 23 18 29 12 21
CH228 C8.0 "058_Group58" 32 22 24 12 12
CH230 D8.0 "059_Group59" 15 10 14 17 9
CH232 E8.0 "060_Group60" 7 7 18 31 20
CH234 F8.0 "061_Group61" 29 16 16 8 8
CH236 G8.0 "062_Group62" 36 55 26 15 8
CH238 H8.0 "063_Group63" 14 11 8 8 11
CH256 A9.0 "064_Group64" 7 22 14 15 14
CH258 B9.0 "065_Group65" 34 29 33 19 21
CH260 C9.0 "066_Group66" 0 0 0 0 0
CH262 D9.0 "067_Group67" 13 14 22 19 24
CH264 E9.0 "068_Group68" 0 0 0 0 0
CH266 F9.0 "069_Group69" 42 47 34 26 8
CH268 G9.0 "070_Group70" 26 22 35 30 14
CH270 H9.0 "071_Group71" 15 16 27 39 35
CH288 A10.0 "072_Group72" 26 36 15 13 20
CH290 B10.0 "073_Group73" 11 31 26 18 14
CH292 C10.0 "074_Group74" 16 32 24 20 13
CH294 D10.0 "075_Group75" 23 33 28 29 8
CH296 E10.0 "076_Group76" 22 42 26 21 33
CH298 F10.0 "077_Group77" 14 31 25 18 5
CH300 G10.0 "078_Group78" 11 29 30 23 19
CH302 H10.0 "079_Group79" 31 37 44 30 29
CH320 A11.0 "080_Group80" 10 10 8 13 7
CH322 B11.0 "081_Group81" 25 12 7 11 6
CH324 C11.0 "082_Group82" 7 11 14 8 8
CH326 D11.0 "083_Group83" 11 9 12 20 12
CH328 E11.0 "084_Group84" 11 9 12 7 10
CH330 F11.0 "085_Group85" 15 21 12 11 6
CH332 G11.0 "086_Group86" 5 8 6 14 12
CH334 H11.0 "087_Group87" 6 14 9 10 11
CH352 A12.0 "088_Group88" 10 4 9 12 6
CH354 B12.0 "089_Group89" 5 16 9 12 15
CH356 C12.0 "090_Group90" 13 8 6 5 9
CH358 D12.0 "091_Group91" 14 15 17 5 8
CH360 E12.0 "092_Group92" 3 17 15 7 8
CH362 F12.0 "093_Group93" 4 12 15 16 15
CH364 G12.0 "094_Group94" 5 21 14 15 9
CH366 H12.0 "095_Group95" 21 11 5 13 7
