"DATE:" "2/24/2015 8:47:53 AM"
"FILE:" "C:\Users\AndersenLab\Desktop\wmicrotracker\p00011\20150224_0834"
"SUBPROJECT:" "20150224_Longevity_4_3mgmL"

"<<<<<< Group Activity: Average Activity Counts per Data Interval>>>>>>"
Group/Time[m] 2 4 6 8 10
"000_Group0" 21 25 27 22 19
"001_Group1" 34 35 30 25 8
"002_Group2" 31 38 14 17 29
"003_Group3" 30 38 27 38 32
"004_Group4" 41 34 26 31 37
"005_Group5" 46 29 29 36 29
"006_Group6" 29 29 8 14 13
"007_Group7" 29 38 30 31 22
"008_Group8" 25 14 24 13 10
"009_Group9" 14 12 6 13 11
"010_Group10" 18 28 25 20 21
"011_Group11" 16 38 28 27 25
"012_Group12" 4 25 37 22 24
"013_Group13" 31 23 22 14 7
"014_Group14" 26 48 34 28 25
"015_Group15" 33 36 30 26 23
"016_Group16" 29 19 23 28 13
"017_Group17" 14 20 29 14 7
"018_Group18" 23 34 24 5 8
"019_Group19" 0 0 0 0 0
"020_Group20" 31 19 8 24 11
"021_Group21" 22 12 26 19 23
"022_Group22" 22 16 14 18 10
"023_Group23" 7 8 30 29 27
"024_Group24" 29 31 12 12 7
"025_Group25" 21 22 11 4 9
"026_Group26" 37 35 8 32 18
"027_Group27" 40 42 42 33 23
"028_Group28" 11 10 4 6 9
"029_Group29" 25 30 25 16 21
"030_Group30" 44 18 8 7 13
"031_Group31" 38 32 21 13 14
"032_Group32" 24 22 15 9 15
"033_Group33" 13 8 6 8 5
"034_Group34" 8 7 4 11 8
"035_Group35" 13 9 13 10 12
"036_Group36" 7 19 11 18 19
"037_Group37" 7 2 12 14 5
"038_Group38" 8 10 8 9 15
"039_Group39" 4 12 5 6 14
"040_Group40" 17 10 13 12 12
"041_Group41" 10 7 11 10 7
"042_Group42" 14 28 11 13 2
"043_Group43" 11 15 7 10 5
"044_Group44" 17 9 9 9 12
"045_Group45" 9 14 8 12 8
"046_Group46" 24 19 12 15 10
"047_Group47" 24 15 13 7 12
"048_Group48" 45 21 29 14 9
"049_Group49" 24 35 16 6 8
"050_Group50" 31 21 32 17 11
"051_Group51" 41 23 12 9 10
"052_Group52" 13 26 10 18 13
"053_Group53" 16 10 15 19 10
"054_Group54" 43 26 18 11 8
"055_Group55" 50 18 22 12 8
"056_Group56" 36 18 18 15 18
"057_Group57" 34 36 26 10 13
"058_Group58" 27 21 17 21 12
"059_Group59" 35 29 18 12 10
"060_Group60" 35 30 24 33 17
"061_Group61" 16 12 9 8 8
"062_Group62" 45 28 20 15 3
"063_Group63" 11 9 7 7 10
"064_Group64" 39 28 26 18 20
"065_Group65" 34 45 21 25 25
"066_Group66" 0 0 0 0 0
"067_Group67" 35 37 32 32 21
"068_Group68" 0 0 0 0 0
"069_Group69" 35 33 25 22 12
"070_Group70" 44 33 10 14 16
"071_Group71" 27 25 40 23 15
"072_Group72" 31 44 27 32 12
"073_Group73" 18 9 11 6 13
"074_Group74" 29 19 21 17 18
"075_Group75" 40 39 23 9 10
"076_Group76" 29 13 18 18 12
"077_Group77" 14 15 12 12 9
"078_Group78" 15 31 21 20 22
"079_Group79" 43 34 21 18 23
"080_Group80" 9 10 12 7 9
"081_Group81" 13 10 6 7 5
"082_Group82" 13 9 10 17 10
"083_Group83" 17 6 8 6 16
"084_Group84" 12 10 11 11 9
"085_Group85" 10 12 14 7 9
"086_Group86" 9 13 10 4 16
"087_Group87" 21 11 14 5 14
"088_Group88" 15 13 10 6 8
"089_Group89" 6 6 11 7 9
"090_Group90" 14 13 10 15 6
"091_Group91" 13 4 9 14 15
"092_Group92" 16 24 5 17 13
"093_Group93" 9 11 8 11 17
"094_Group94" 14 12 12 5 11
"095_Group95" 10 11 6 3 10

"<<<<<< Group Activity: Number of wells/group >>>>>>"
Group/Time[m] 2 4 6 8 10
"000_Group0" 1 1 1 1 1
"001_Group1" 1 1 1 1 1
"002_Group2" 1 1 1 1 1
"003_Group3" 1 1 1 1 1
"004_Group4" 1 1 1 1 1
"005_Group5" 1 1 1 1 1
"006_Group6" 1 1 1 1 1
"007_Group7" 1 1 1 1 1
"008_Group8" 1 1 1 1 1
"009_Group9" 1 1 1 1 1
"010_Group10" 1 1 1 1 1
"011_Group11" 1 1 1 1 1
"012_Group12" 1 1 1 1 1
"013_Group13" 1 1 1 1 1
"014_Group14" 1 1 1 1 1
"015_Group15" 1 1 1 1 1
"016_Group16" 1 1 1 1 1
"017_Group17" 1 1 1 1 1
"018_Group18" 1 1 1 1 1
"019_Group19" 1 1 1 1 1
"020_Group20" 1 1 1 1 1
"021_Group21" 1 1 1 1 1
"022_Group22" 1 1 1 1 1
"023_Group23" 1 1 1 1 1
"024_Group24" 1 1 1 1 1
"025_Group25" 1 1 1 1 1
"026_Group26" 1 1 1 1 1
"027_Group27" 1 1 1 1 1
"028_Group28" 1 1 1 1 1
"029_Group29" 1 1 1 1 1
"030_Group30" 1 1 1 1 1
"031_Group31" 1 1 1 1 1
"032_Group32" 1 1 1 1 1
"033_Group33" 1 1 1 1 1
"034_Group34" 1 1 1 1 1
"035_Group35" 1 1 1 1 1
"036_Group36" 1 1 1 1 1
"037_Group37" 1 1 1 1 1
"038_Group38" 1 1 1 1 1
"039_Group39" 1 1 1 1 1
"040_Group40" 1 1 1 1 1
"041_Group41" 1 1 1 1 1
"042_Group42" 1 1 1 1 1
"043_Group43" 1 1 1 1 1
"044_Group44" 1 1 1 1 1
"045_Group45" 1 1 1 1 1
"046_Group46" 1 1 1 1 1
"047_Group47" 1 1 1 1 1
"048_Group48" 1 1 1 1 1
"049_Group49" 1 1 1 1 1
"050_Group50" 1 1 1 1 1
"051_Group51" 1 1 1 1 1
"052_Group52" 1 1 1 1 1
"053_Group53" 1 1 1 1 1
"054_Group54" 1 1 1 1 1
"055_Group55" 1 1 1 1 1
"056_Group56" 1 1 1 1 1
"057_Group57" 1 1 1 1 1
"058_Group58" 1 1 1 1 1
"059_Group59" 1 1 1 1 1
"060_Group60" 1 1 1 1 1
"061_Group61" 1 1 1 1 1
"062_Group62" 1 1 1 1 1
"063_Group63" 1 1 1 1 1
"064_Group64" 1 1 1 1 1
"065_Group65" 1 1 1 1 1
"066_Group66" 1 1 1 1 1
"067_Group67" 1 1 1 1 1
"068_Group68" 1 1 1 1 1
"069_Group69" 1 1 1 1 1
"070_Group70" 1 1 1 1 1
"071_Group71" 1 1 1 1 1
"072_Group72" 1 1 1 1 1
"073_Group73" 1 1 1 1 1
"074_Group74" 1 1 1 1 1
"075_Group75" 1 1 1 1 1
"076_Group76" 1 1 1 1 1
"077_Group77" 1 1 1 1 1
"078_Group78" 1 1 1 1 1
"079_Group79" 1 1 1 1 1
"080_Group80" 1 1 1 1 1
"081_Group81" 1 1 1 1 1
"082_Group82" 1 1 1 1 1
"083_Group83" 1 1 1 1 1
"084_Group84" 1 1 1 1 1
"085_Group85" 1 1 1 1 1
"086_Group86" 1 1 1 1 1
"087_Group87" 1 1 1 1 1
"088_Group88" 1 1 1 1 1
"089_Group89" 1 1 1 1 1
"090_Group90" 1 1 1 1 1
"091_Group91" 1 1 1 1 1
"092_Group92" 1 1 1 1 1
"093_Group93" 1 1 1 1 1
"094_Group94" 1 1 1 1 1
"095_Group95" 1 1 1 1 1

"<<<<<< Number of Samples per Acquisition Interval [1unit=500values] >>>>>>"
Time[m] 2 4 6 8 10 
#Samples 2 2 2 2 2 

"<<<<<< Average Temperature [°C] >>>>>>"
Time[m] 2 4 6 8 10 
Temp[°C] 20.6 20.7 20.7 20.7 20.7 

"<<<<<< Well Activity >>>>>>"
Well Group/Time[m] 2 4 6 8 10
A1 "000_Group0" 21 25 27 22 19
B1 "001_Group1" 34 35 30 25 8
C1 "002_Group2" 31 38 14 17 29
D1 "003_Group3" 30 38 27 38 32
E1 "004_Group4" 41 34 26 31 37
F1 "005_Group5" 46 29 29 36 29
G1 "006_Group6" 29 29 8 14 13
H1 "007_Group7" 29 38 30 31 22
A2 "008_Group8" 25 14 24 13 10
B2 "009_Group9" 14 12 6 13 11
C2 "010_Group10" 18 28 25 20 21
D2 "011_Group11" 16 38 28 27 25
E2 "012_Group12" 4 25 37 22 24
F2 "013_Group13" 31 23 22 14 7
G2 "014_Group14" 26 48 34 28 25
H2 "015_Group15" 33 36 30 26 23
A3 "016_Group16" 29 19 23 28 13
B3 "017_Group17" 14 20 29 14 7
C3 "018_Group18" 23 34 24 5 8
D3 "019_Group19" 0 0 0 0 0
E3 "020_Group20" 31 19 8 24 11
F3 "021_Group21" 22 12 26 19 23
G3 "022_Group22" 22 16 14 18 10
H3 "023_Group23" 7 8 30 29 27
A4 "024_Group24" 29 31 12 12 7
B4 "025_Group25" 21 22 11 4 9
C4 "026_Group26" 37 35 8 32 18
D4 "027_Group27" 40 42 42 33 23
E4 "028_Group28" 11 10 4 6 9
F4 "029_Group29" 25 30 25 16 21
G4 "030_Group30" 44 18 8 7 13
H4 "031_Group31" 38 32 21 13 14
A5 "032_Group32" 24 22 15 9 15
B5 "033_Group33" 13 8 6 8 5
C5 "034_Group34" 8 7 4 11 8
D5 "035_Group35" 13 9 13 10 12
E5 "036_Group36" 7 19 11 18 19
F5 "037_Group37" 7 2 12 14 5
G5 "038_Group38" 8 10 8 9 15
H5 "039_Group39" 4 12 5 6 14
A6 "040_Group40" 17 10 13 12 12
B6 "041_Group41" 10 7 11 10 7
C6 "042_Group42" 14 28 11 13 2
D6 "043_Group43" 11 15 7 10 5
E6 "044_Group44" 17 9 9 9 12
F6 "045_Group45" 9 14 8 12 8
G6 "046_Group46" 24 19 12 15 10
H6 "047_Group47" 24 15 13 7 12
A7 "048_Group48" 45 21 29 14 9
B7 "049_Group49" 24 35 16 6 8
C7 "050_Group50" 31 21 32 17 11
D7 "051_Group51" 41 23 12 9 10
E7 "052_Group52" 13 26 10 18 13
F7 "053_Group53" 16 10 15 19 10
G7 "054_Group54" 43 26 18 11 8
H7 "055_Group55" 50 18 22 12 8
A8 "056_Group56" 36 18 18 15 18
B8 "057_Group57" 34 36 26 10 13
C8 "058_Group58" 27 21 17 21 12
D8 "059_Group59" 35 29 18 12 10
E8 "060_Group60" 35 30 24 33 17
F8 "061_Group61" 16 12 9 8 8
G8 "062_Group62" 45 28 20 15 3
H8 "063_Group63" 11 9 7 7 10
A9 "064_Group64" 39 28 26 18 20
B9 "065_Group65" 34 45 21 25 25
C9 "066_Group66" 0 0 0 0 0
D9 "067_Group67" 35 37 32 32 21
E9 "068_Group68" 0 0 0 0 0
F9 "069_Group69" 35 33 25 22 12
G9 "070_Group70" 44 33 10 14 16
H9 "071_Group71" 27 25 40 23 15
A10 "072_Group72" 31 44 27 32 12
B10 "073_Group73" 18 9 11 6 13
C10 "074_Group74" 29 19 21 17 18
D10 "075_Group75" 40 39 23 9 10
E10 "076_Group76" 29 13 18 18 12
F10 "077_Group77" 14 15 12 12 9
G10 "078_Group78" 15 31 21 20 22
H10 "079_Group79" 43 34 21 18 23
A11 "080_Group80" 9 10 12 7 9
B11 "081_Group81" 13 10 6 7 5
C11 "082_Group82" 13 9 10 17 10
D11 "083_Group83" 17 6 8 6 16
E11 "084_Group84" 12 10 11 11 9
F11 "085_Group85" 10 12 14 7 9
G11 "086_Group86" 9 13 10 4 16
H11 "087_Group87" 21 11 14 5 14
A12 "088_Group88" 15 13 10 6 8
B12 "089_Group89" 6 6 11 7 9
C12 "090_Group90" 14 13 10 15 6
D12 "091_Group91" 13 4 9 14 15
E12 "092_Group92" 16 24 5 17 13
F12 "093_Group93" 9 11 8 11 17
G12 "094_Group94" 14 12 12 5 11
H12 "095_Group95" 10 11 6 3 10

"<<<<<< Channel Activity >>>>>>"
Channel Well Group/Time[m] 2 4 6 8 10
CH0 A1.0 "000_Group0" 21 25 27 22 19
CH2 B1.0 "001_Group1" 34 35 30 25 8
CH4 C1.0 "002_Group2" 31 38 14 17 29
CH6 D1.0 "003_Group3" 30 38 27 38 32
CH8 E1.0 "004_Group4" 41 34 26 31 37
CH10 F1.0 "005_Group5" 46 29 29 36 29
CH12 G1.0 "006_Group6" 29 29 8 14 13
CH14 H1.0 "007_Group7" 29 38 30 31 22
CH32 A2.0 "008_Group8" 25 14 24 13 10
CH34 B2.0 "009_Group9" 14 12 6 13 11
CH36 C2.0 "010_Group10" 18 28 25 20 21
CH38 D2.0 "011_Group11" 16 38 28 27 25
CH40 E2.0 "012_Group12" 4 25 37 22 24
CH42 F2.0 "013_Group13" 31 23 22 14 7
CH44 G2.0 "014_Group14" 26 48 34 28 25
CH46 H2.0 "015_Group15" 33 36 30 26 23
CH64 A3.0 "016_Group16" 29 19 23 28 13
CH66 B3.0 "017_Group17" 14 20 29 14 7
CH68 C3.0 "018_Group18" 23 34 24 5 8
CH70 D3.0 "019_Group19" 0 0 0 0 0
CH72 E3.0 "020_Group20" 31 19 8 24 11
CH74 F3.0 "021_Group21" 22 12 26 19 23
CH76 G3.0 "022_Group22" 22 16 14 18 10
CH78 H3.0 "023_Group23" 7 8 30 29 27
CH96 A4.0 "024_Group24" 29 31 12 12 7
CH98 B4.0 "025_Group25" 21 22 11 4 9
CH100 C4.0 "026_Group26" 37 35 8 32 18
CH102 D4.0 "027_Group27" 40 42 42 33 23
CH104 E4.0 "028_Group28" 11 10 4 6 9
CH106 F4.0 "029_Group29" 25 30 25 16 21
CH108 G4.0 "030_Group30" 44 18 8 7 13
CH110 H4.0 "031_Group31" 38 32 21 13 14
CH128 A5.0 "032_Group32" 24 22 15 9 15
CH130 B5.0 "033_Group33" 13 8 6 8 5
CH132 C5.0 "034_Group34" 8 7 4 11 8
CH134 D5.0 "035_Group35" 13 9 13 10 12
CH136 E5.0 "036_Group36" 7 19 11 18 19
CH138 F5.0 "037_Group37" 7 2 12 14 5
CH140 G5.0 "038_Group38" 8 10 8 9 15
CH142 H5.0 "039_Group39" 4 12 5 6 14
CH160 A6.0 "040_Group40" 17 10 13 12 12
CH162 B6.0 "041_Group41" 10 7 11 10 7
CH164 C6.0 "042_Group42" 14 28 11 13 2
CH166 D6.0 "043_Group43" 11 15 7 10 5
CH168 E6.0 "044_Group44" 17 9 9 9 12
CH170 F6.0 "045_Group45" 9 14 8 12 8
CH172 G6.0 "046_Group46" 24 19 12 15 10
CH174 H6.0 "047_Group47" 24 15 13 7 12
CH192 A7.0 "048_Group48" 45 21 29 14 9
CH194 B7.0 "049_Group49" 24 35 16 6 8
CH196 C7.0 "050_Group50" 31 21 32 17 11
CH198 D7.0 "051_Group51" 41 23 12 9 10
CH200 E7.0 "052_Group52" 13 26 10 18 13
CH202 F7.0 "053_Group53" 16 10 15 19 10
CH204 G7.0 "054_Group54" 43 26 18 11 8
CH206 H7.0 "055_Group55" 50 18 22 12 8
CH224 A8.0 "056_Group56" 36 18 18 15 18
CH226 B8.0 "057_Group57" 34 36 26 10 13
CH228 C8.0 "058_Group58" 27 21 17 21 12
CH230 D8.0 "059_Group59" 35 29 18 12 10
CH232 E8.0 "060_Group60" 35 30 24 33 17
CH234 F8.0 "061_Group61" 16 12 9 8 8
CH236 G8.0 "062_Group62" 45 28 20 15 3
CH238 H8.0 "063_Group63" 11 9 7 7 10
CH256 A9.0 "064_Group64" 39 28 26 18 20
CH258 B9.0 "065_Group65" 34 45 21 25 25
CH260 C9.0 "066_Group66" 0 0 0 0 0
CH262 D9.0 "067_Group67" 35 37 32 32 21
CH264 E9.0 "068_Group68" 0 0 0 0 0
CH266 F9.0 "069_Group69" 35 33 25 22 12
CH268 G9.0 "070_Group70" 44 33 10 14 16
CH270 H9.0 "071_Group71" 27 25 40 23 15
CH288 A10.0 "072_Group72" 31 44 27 32 12
CH290 B10.0 "073_Group73" 18 9 11 6 13
CH292 C10.0 "074_Group74" 29 19 21 17 18
CH294 D10.0 "075_Group75" 40 39 23 9 10
CH296 E10.0 "076_Group76" 29 13 18 18 12
CH298 F10.0 "077_Group77" 14 15 12 12 9
CH300 G10.0 "078_Group78" 15 31 21 20 22
CH302 H10.0 "079_Group79" 43 34 21 18 23
CH320 A11.0 "080_Group80" 9 10 12 7 9
CH322 B11.0 "081_Group81" 13 10 6 7 5
CH324 C11.0 "082_Group82" 13 9 10 17 10
CH326 D11.0 "083_Group83" 17 6 8 6 16
CH328 E11.0 "084_Group84" 12 10 11 11 9
CH330 F11.0 "085_Group85" 10 12 14 7 9
CH332 G11.0 "086_Group86" 9 13 10 4 16
CH334 H11.0 "087_Group87" 21 11 14 5 14
CH352 A12.0 "088_Group88" 15 13 10 6 8
CH354 B12.0 "089_Group89" 6 6 11 7 9
CH356 C12.0 "090_Group90" 14 13 10 15 6
CH358 D12.0 "091_Group91" 13 4 9 14 15
CH360 E12.0 "092_Group92" 16 24 5 17 13
CH362 F12.0 "093_Group93" 9 11 8 11 17
CH364 G12.0 "094_Group94" 14 12 12 5 11
CH366 H12.0 "095_Group95" 10 11 6 3 10
