"DATE:" "2/25/2015 8:41:45 AM"
"FILE:" "C:\Users\AndersenLab\Desktop\wmicrotracker\p00011\20150225_0828"
"SUBPROJECT:" "20150225_Longevity_4_3mgmL"

"<<<<<< Group Activity: Average Activity Counts per Data Interval>>>>>>"
Group/Time[m] 2 4 6 8 10
"000_Group0" 25 27 24 24 19
"001_Group1" 41 44 31 29 25
"002_Group2" 45 22 23 28 11
"003_Group3" 24 44 44 25 29
"004_Group4" 26 50 32 22 24
"005_Group5" 46 46 24 30 19
"006_Group6" 10 22 13 32 11
"007_Group7" 30 28 41 25 20
"008_Group8" 32 23 32 18 17
"009_Group9" 21 23 18 23 9
"010_Group10" 24 22 21 9 21
"011_Group11" 29 37 25 37 28
"012_Group12" 22 19 38 21 28
"013_Group13" 28 28 23 11 16
"014_Group14" 20 16 14 17 10
"015_Group15" 34 35 25 26 21
"016_Group16" 25 23 27 15 18
"017_Group17" 18 13 12 13 11
"018_Group18" 30 18 16 9 11
"019_Group19" 0 0 0 0 0
"020_Group20" 17 22 8 8 10
"021_Group21" 21 19 22 11 14
"022_Group22" 38 24 21 12 11
"023_Group23" 13 11 6 8 7
"024_Group24" 27 30 17 35 21
"025_Group25" 36 16 25 15 13
"026_Group26" 22 29 16 7 9
"027_Group27" 36 39 18 24 24
"028_Group28" 14 10 9 4 0
"029_Group29" 26 24 22 17 8
"030_Group30" 5 12 6 4 5
"031_Group31" 32 26 23 34 24
"032_Group32" 17 12 16 8 10
"033_Group33" 5 9 10 8 7
"034_Group34" 16 7 6 13 8
"035_Group35" 7 11 10 7 5
"036_Group36" 12 13 17 9 10
"037_Group37" 16 15 13 15 6
"038_Group38" 10 16 6 10 20
"039_Group39" 35 12 10 13 8
"040_Group40" 12 31 11 24 8
"041_Group41" 17 8 16 6 13
"042_Group42" 15 5 15 4 12
"043_Group43" 11 10 9 10 8
"044_Group44" 14 23 21 8 11
"045_Group45" 24 18 13 16 17
"046_Group46" 26 21 11 7 8
"047_Group47" 14 13 12 10 4
"048_Group48" 30 22 29 12 18
"049_Group49" 29 28 19 11 12
"050_Group50" 10 25 10 7 13
"051_Group51" 33 21 13 14 5
"052_Group52" 10 15 4 11 10
"053_Group53" 34 34 12 18 8
"054_Group54" 45 49 15 8 9
"055_Group55" 30 22 16 16 10
"056_Group56" 29 31 32 16 26
"057_Group57" 42 17 9 10 12
"058_Group58" 23 14 15 19 4
"059_Group59" 43 32 9 17 16
"060_Group60" 42 31 16 12 16
"061_Group61" 36 40 30 25 23
"062_Group62" 36 22 14 6 16
"063_Group63" 37 22 10 20 16
"064_Group64" 36 32 34 22 23
"065_Group65" 34 30 35 23 6
"066_Group66" 0 0 0 0 0
"067_Group67" 40 37 45 23 12
"068_Group68" 0 0 0 0 0
"069_Group69" 37 27 32 26 12
"070_Group70" 39 29 26 25 8
"071_Group71" 10 13 8 10 8
"072_Group72" 38 33 33 18 30
"073_Group73" 39 28 15 17 22
"074_Group74" 29 27 16 18 26
"075_Group75" 42 24 24 9 12
"076_Group76" 32 26 21 16 14
"077_Group77" 39 32 23 25 10
"078_Group78" 18 31 13 6 11
"079_Group79" 13 9 13 7 4
"080_Group80" 40 10 18 12 18
"081_Group81" 11 9 6 5 5
"082_Group82" 29 25 12 10 8
"083_Group83" 17 20 5 11 15
"084_Group84" 31 22 15 11 13
"085_Group85" 19 19 9 12 13
"086_Group86" 9 2 4 4 0
"087_Group87" 42 14 8 8 9
"088_Group88" 15 12 13 6 14
"089_Group89" 25 16 15 5 11
"090_Group90" 12 18 18 12 8
"091_Group91" 16 11 18 10 5
"092_Group92" 13 27 22 16 9
"093_Group93" 4 12 9 13 8
"094_Group94" 4 12 10 9 14
"095_Group95" 12 14 11 5 11

"<<<<<< Group Activity: Number of wells/group >>>>>>"
Group/Time[m] 2 4 6 8 10
"000_Group0" 1 1 1 1 1
"001_Group1" 1 1 1 1 1
"002_Group2" 1 1 1 1 1
"003_Group3" 1 1 1 1 1
"004_Group4" 1 1 1 1 1
"005_Group5" 1 1 1 1 1
"006_Group6" 1 1 1 1 1
"007_Group7" 1 1 1 1 1
"008_Group8" 1 1 1 1 1
"009_Group9" 1 1 1 1 1
"010_Group10" 1 1 1 1 1
"011_Group11" 1 1 1 1 1
"012_Group12" 1 1 1 1 1
"013_Group13" 1 1 1 1 1
"014_Group14" 1 1 1 1 1
"015_Group15" 1 1 1 1 1
"016_Group16" 1 1 1 1 1
"017_Group17" 1 1 1 1 1
"018_Group18" 1 1 1 1 1
"019_Group19" 1 1 1 1 1
"020_Group20" 1 1 1 1 1
"021_Group21" 1 1 1 1 1
"022_Group22" 1 1 1 1 1
"023_Group23" 1 1 1 1 1
"024_Group24" 1 1 1 1 1
"025_Group25" 1 1 1 1 1
"026_Group26" 1 1 1 1 1
"027_Group27" 1 1 1 1 1
"028_Group28" 1 1 1 1 1
"029_Group29" 1 1 1 1 1
"030_Group30" 1 1 1 1 1
"031_Group31" 1 1 1 1 1
"032_Group32" 1 1 1 1 1
"033_Group33" 1 1 1 1 1
"034_Group34" 1 1 1 1 1
"035_Group35" 1 1 1 1 1
"036_Group36" 1 1 1 1 1
"037_Group37" 1 1 1 1 1
"038_Group38" 1 1 1 1 1
"039_Group39" 1 1 1 1 1
"040_Group40" 1 1 1 1 1
"041_Group41" 1 1 1 1 1
"042_Group42" 1 1 1 1 1
"043_Group43" 1 1 1 1 1
"044_Group44" 1 1 1 1 1
"045_Group45" 1 1 1 1 1
"046_Group46" 1 1 1 1 1
"047_Group47" 1 1 1 1 1
"048_Group48" 1 1 1 1 1
"049_Group49" 1 1 1 1 1
"050_Group50" 1 1 1 1 1
"051_Group51" 1 1 1 1 1
"052_Group52" 1 1 1 1 1
"053_Group53" 1 1 1 1 1
"054_Group54" 1 1 1 1 1
"055_Group55" 1 1 1 1 1
"056_Group56" 1 1 1 1 1
"057_Group57" 1 1 1 1 1
"058_Group58" 1 1 1 1 1
"059_Group59" 1 1 1 1 1
"060_Group60" 1 1 1 1 1
"061_Group61" 1 1 1 1 1
"062_Group62" 1 1 1 1 1
"063_Group63" 1 1 1 1 1
"064_Group64" 1 1 1 1 1
"065_Group65" 1 1 1 1 1
"066_Group66" 1 1 1 1 1
"067_Group67" 1 1 1 1 1
"068_Group68" 1 1 1 1 1
"069_Group69" 1 1 1 1 1
"070_Group70" 1 1 1 1 1
"071_Group71" 1 1 1 1 1
"072_Group72" 1 1 1 1 1
"073_Group73" 1 1 1 1 1
"074_Group74" 1 1 1 1 1
"075_Group75" 1 1 1 1 1
"076_Group76" 1 1 1 1 1
"077_Group77" 1 1 1 1 1
"078_Group78" 1 1 1 1 1
"079_Group79" 1 1 1 1 1
"080_Group80" 1 1 1 1 1
"081_Group81" 1 1 1 1 1
"082_Group82" 1 1 1 1 1
"083_Group83" 1 1 1 1 1
"084_Group84" 1 1 1 1 1
"085_Group85" 1 1 1 1 1
"086_Group86" 1 1 1 1 1
"087_Group87" 1 1 1 1 1
"088_Group88" 1 1 1 1 1
"089_Group89" 1 1 1 1 1
"090_Group90" 1 1 1 1 1
"091_Group91" 1 1 1 1 1
"092_Group92" 1 1 1 1 1
"093_Group93" 1 1 1 1 1
"094_Group94" 1 1 1 1 1
"095_Group95" 1 1 1 1 1

"<<<<<< Number of Samples per Acquisition Interval [1unit=500values] >>>>>>"
Time[m] 2 4 6 8 10 
#Samples 2 2 2 2 2 

"<<<<<< Average Temperature [°C] >>>>>>"
Time[m] 2 4 6 8 10 
Temp[°C] 20.9 21.0 20.9 21.1 21.1 

"<<<<<< Well Activity >>>>>>"
Well Group/Time[m] 2 4 6 8 10
A1 "000_Group0" 25 27 24 24 19
B1 "001_Group1" 41 44 31 29 25
C1 "002_Group2" 45 22 23 28 11
D1 "003_Group3" 24 44 44 25 29
E1 "004_Group4" 26 50 32 22 24
F1 "005_Group5" 46 46 24 30 19
G1 "006_Group6" 10 22 13 32 11
H1 "007_Group7" 30 28 41 25 20
A2 "008_Group8" 32 23 32 18 17
B2 "009_Group9" 21 23 18 23 9
C2 "010_Group10" 24 22 21 9 21
D2 "011_Group11" 29 37 25 37 28
E2 "012_Group12" 22 19 38 21 28
F2 "013_Group13" 28 28 23 11 16
G2 "014_Group14" 20 16 14 17 10
H2 "015_Group15" 34 35 25 26 21
A3 "016_Group16" 25 23 27 15 18
B3 "017_Group17" 18 13 12 13 11
C3 "018_Group18" 30 18 16 9 11
D3 "019_Group19" 0 0 0 0 0
E3 "020_Group20" 17 22 8 8 10
F3 "021_Group21" 21 19 22 11 14
G3 "022_Group22" 38 24 21 12 11
H3 "023_Group23" 13 11 6 8 7
A4 "024_Group24" 27 30 17 35 21
B4 "025_Group25" 36 16 25 15 13
C4 "026_Group26" 22 29 16 7 9
D4 "027_Group27" 36 39 18 24 24
E4 "028_Group28" 14 10 9 4 0
F4 "029_Group29" 26 24 22 17 8
G4 "030_Group30" 5 12 6 4 5
H4 "031_Group31" 32 26 23 34 24
A5 "032_Group32" 17 12 16 8 10
B5 "033_Group33" 5 9 10 8 7
C5 "034_Group34" 16 7 6 13 8
D5 "035_Group35" 7 11 10 7 5
E5 "036_Group36" 12 13 17 9 10
F5 "037_Group37" 16 15 13 15 6
G5 "038_Group38" 10 16 6 10 20
H5 "039_Group39" 35 12 10 13 8
A6 "040_Group40" 12 31 11 24 8
B6 "041_Group41" 17 8 16 6 13
C6 "042_Group42" 15 5 15 4 12
D6 "043_Group43" 11 10 9 10 8
E6 "044_Group44" 14 23 21 8 11
F6 "045_Group45" 24 18 13 16 17
G6 "046_Group46" 26 21 11 7 8
H6 "047_Group47" 14 13 12 10 4
A7 "048_Group48" 30 22 29 12 18
B7 "049_Group49" 29 28 19 11 12
C7 "050_Group50" 10 25 10 7 13
D7 "051_Group51" 33 21 13 14 5
E7 "052_Group52" 10 15 4 11 10
F7 "053_Group53" 34 34 12 18 8
G7 "054_Group54" 45 49 15 8 9
H7 "055_Group55" 30 22 16 16 10
A8 "056_Group56" 29 31 32 16 26
B8 "057_Group57" 42 17 9 10 12
C8 "058_Group58" 23 14 15 19 4
D8 "059_Group59" 43 32 9 17 16
E8 "060_Group60" 42 31 16 12 16
F8 "061_Group61" 36 40 30 25 23
G8 "062_Group62" 36 22 14 6 16
H8 "063_Group63" 37 22 10 20 16
A9 "064_Group64" 36 32 34 22 23
B9 "065_Group65" 34 30 35 23 6
C9 "066_Group66" 0 0 0 0 0
D9 "067_Group67" 40 37 45 23 12
E9 "068_Group68" 0 0 0 0 0
F9 "069_Group69" 37 27 32 26 12
G9 "070_Group70" 39 29 26 25 8
H9 "071_Group71" 10 13 8 10 8
A10 "072_Group72" 38 33 33 18 30
B10 "073_Group73" 39 28 15 17 22
C10 "074_Group74" 29 27 16 18 26
D10 "075_Group75" 42 24 24 9 12
E10 "076_Group76" 32 26 21 16 14
F10 "077_Group77" 39 32 23 25 10
G10 "078_Group78" 18 31 13 6 11
H10 "079_Group79" 13 9 13 7 4
A11 "080_Group80" 40 10 18 12 18
B11 "081_Group81" 11 9 6 5 5
C11 "082_Group82" 29 25 12 10 8
D11 "083_Group83" 17 20 5 11 15
E11 "084_Group84" 31 22 15 11 13
F11 "085_Group85" 19 19 9 12 13
G11 "086_Group86" 9 2 4 4 0
H11 "087_Group87" 42 14 8 8 9
A12 "088_Group88" 15 12 13 6 14
B12 "089_Group89" 25 16 15 5 11
C12 "090_Group90" 12 18 18 12 8
D12 "091_Group91" 16 11 18 10 5
E12 "092_Group92" 13 27 22 16 9
F12 "093_Group93" 4 12 9 13 8
G12 "094_Group94" 4 12 10 9 14
H12 "095_Group95" 12 14 11 5 11

"<<<<<< Channel Activity >>>>>>"
Channel Well Group/Time[m] 2 4 6 8 10
CH0 A1.0 "000_Group0" 25 27 24 24 19
CH2 B1.0 "001_Group1" 41 44 31 29 25
CH4 C1.0 "002_Group2" 45 22 23 28 11
CH6 D1.0 "003_Group3" 24 44 44 25 29
CH8 E1.0 "004_Group4" 26 50 32 22 24
CH10 F1.0 "005_Group5" 46 46 24 30 19
CH12 G1.0 "006_Group6" 10 22 13 32 11
CH14 H1.0 "007_Group7" 30 28 41 25 20
CH32 A2.0 "008_Group8" 32 23 32 18 17
CH34 B2.0 "009_Group9" 21 23 18 23 9
CH36 C2.0 "010_Group10" 24 22 21 9 21
CH38 D2.0 "011_Group11" 29 37 25 37 28
CH40 E2.0 "012_Group12" 22 19 38 21 28
CH42 F2.0 "013_Group13" 28 28 23 11 16
CH44 G2.0 "014_Group14" 20 16 14 17 10
CH46 H2.0 "015_Group15" 34 35 25 26 21
CH64 A3.0 "016_Group16" 25 23 27 15 18
CH66 B3.0 "017_Group17" 18 13 12 13 11
CH68 C3.0 "018_Group18" 30 18 16 9 11
CH70 D3.0 "019_Group19" 0 0 0 0 0
CH72 E3.0 "020_Group20" 17 22 8 8 10
CH74 F3.0 "021_Group21" 21 19 22 11 14
CH76 G3.0 "022_Group22" 38 24 21 12 11
CH78 H3.0 "023_Group23" 13 11 6 8 7
CH96 A4.0 "024_Group24" 27 30 17 35 21
CH98 B4.0 "025_Group25" 36 16 25 15 13
CH100 C4.0 "026_Group26" 22 29 16 7 9
CH102 D4.0 "027_Group27" 36 39 18 24 24
CH104 E4.0 "028_Group28" 14 10 9 4 0
CH106 F4.0 "029_Group29" 26 24 22 17 8
CH108 G4.0 "030_Group30" 5 12 6 4 5
CH110 H4.0 "031_Group31" 32 26 23 34 24
CH128 A5.0 "032_Group32" 17 12 16 8 10
CH130 B5.0 "033_Group33" 5 9 10 8 7
CH132 C5.0 "034_Group34" 16 7 6 13 8
CH134 D5.0 "035_Group35" 7 11 10 7 5
CH136 E5.0 "036_Group36" 12 13 17 9 10
CH138 F5.0 "037_Group37" 16 15 13 15 6
CH140 G5.0 "038_Group38" 10 16 6 10 20
CH142 H5.0 "039_Group39" 35 12 10 13 8
CH160 A6.0 "040_Group40" 12 31 11 24 8
CH162 B6.0 "041_Group41" 17 8 16 6 13
CH164 C6.0 "042_Group42" 15 5 15 4 12
CH166 D6.0 "043_Group43" 11 10 9 10 8
CH168 E6.0 "044_Group44" 14 23 21 8 11
CH170 F6.0 "045_Group45" 24 18 13 16 17
CH172 G6.0 "046_Group46" 26 21 11 7 8
CH174 H6.0 "047_Group47" 14 13 12 10 4
CH192 A7.0 "048_Group48" 30 22 29 12 18
CH194 B7.0 "049_Group49" 29 28 19 11 12
CH196 C7.0 "050_Group50" 10 25 10 7 13
CH198 D7.0 "051_Group51" 33 21 13 14 5
CH200 E7.0 "052_Group52" 10 15 4 11 10
CH202 F7.0 "053_Group53" 34 34 12 18 8
CH204 G7.0 "054_Group54" 45 49 15 8 9
CH206 H7.0 "055_Group55" 30 22 16 16 10
CH224 A8.0 "056_Group56" 29 31 32 16 26
CH226 B8.0 "057_Group57" 42 17 9 10 12
CH228 C8.0 "058_Group58" 23 14 15 19 4
CH230 D8.0 "059_Group59" 43 32 9 17 16
CH232 E8.0 "060_Group60" 42 31 16 12 16
CH234 F8.0 "061_Group61" 36 40 30 25 23
CH236 G8.0 "062_Group62" 36 22 14 6 16
CH238 H8.0 "063_Group63" 37 22 10 20 16
CH256 A9.0 "064_Group64" 36 32 34 22 23
CH258 B9.0 "065_Group65" 34 30 35 23 6
CH260 C9.0 "066_Group66" 0 0 0 0 0
CH262 D9.0 "067_Group67" 40 37 45 23 12
CH264 E9.0 "068_Group68" 0 0 0 0 0
CH266 F9.0 "069_Group69" 37 27 32 26 12
CH268 G9.0 "070_Group70" 39 29 26 25 8
CH270 H9.0 "071_Group71" 10 13 8 10 8
CH288 A10.0 "072_Group72" 38 33 33 18 30
CH290 B10.0 "073_Group73" 39 28 15 17 22
CH292 C10.0 "074_Group74" 29 27 16 18 26
CH294 D10.0 "075_Group75" 42 24 24 9 12
CH296 E10.0 "076_Group76" 32 26 21 16 14
CH298 F10.0 "077_Group77" 39 32 23 25 10
CH300 G10.0 "078_Group78" 18 31 13 6 11
CH302 H10.0 "079_Group79" 13 9 13 7 4
CH320 A11.0 "080_Group80" 40 10 18 12 18
CH322 B11.0 "081_Group81" 11 9 6 5 5
CH324 C11.0 "082_Group82" 29 25 12 10 8
CH326 D11.0 "083_Group83" 17 20 5 11 15
CH328 E11.0 "084_Group84" 31 22 15 11 13
CH330 F11.0 "085_Group85" 19 19 9 12 13
CH332 G11.0 "086_Group86" 9 2 4 4 0
CH334 H11.0 "087_Group87" 42 14 8 8 9
CH352 A12.0 "088_Group88" 15 12 13 6 14
CH354 B12.0 "089_Group89" 25 16 15 5 11
CH356 C12.0 "090_Group90" 12 18 18 12 8
CH358 D12.0 "091_Group91" 16 11 18 10 5
CH360 E12.0 "092_Group92" 13 27 22 16 9
CH362 F12.0 "093_Group93" 4 12 9 13 8
CH364 G12.0 "094_Group94" 4 12 10 9 14
CH366 H12.0 "095_Group95" 12 14 11 5 11
