"DATE:" "3/6/2015 8:44:39 AM"
"FILE:" "C:\Users\AndersenLab\Desktop\wmicrotracker\p00011\20150306_0831"
"SUBPROJECT:" "20150306_Longevity_4_3mgmL"

"<<<<<< Group Activity: Average Activity Counts per Data Interval>>>>>>"
Group/Time[m] 2 4 6 8 10
"000_Group0" 7 9 7 2 2
"001_Group1" 7 12 12 3 12
"002_Group2" 13 8 16 9 2
"003_Group3" 10 13 15 18 18
"004_Group4" 18 6 12 9 5
"005_Group5" 7 8 7 8 6
"006_Group6" 6 6 9 5 2
"007_Group7" 8 0 0 0 0
"008_Group8" 8 2 1 4 0
"009_Group9" 5 3 4 0 1
"010_Group10" 14 3 11 9 11
"011_Group11" 17 11 11 6 11
"012_Group12" 5 9 6 6 8
"013_Group13" 4 6 7 6 9
"014_Group14" 5 12 11 13 12
"015_Group15" 14 11 6 11 6
"016_Group16" 11 8 14 4 6
"017_Group17" 4 5 5 2 4
"018_Group18" 3 7 13 9 7
"019_Group19" 0 0 0 0 0
"020_Group20" 10 0 1 0 1
"021_Group21" 0 0 0 0 0
"022_Group22" 5 15 7 2 8
"023_Group23" 12 3 5 2 4
"024_Group24" 9 3 8 4 5
"025_Group25" 6 9 8 3 5
"026_Group26" 11 5 6 5 5
"027_Group27" 13 5 8 6 4
"028_Group28" 0 0 0 0 0
"029_Group29" 6 8 4 6 4
"030_Group30" 0 0 1 1 0
"031_Group31" 3 12 4 2 0
"032_Group32" 10 11 12 23 11
"033_Group33" 8 3 7 4 4
"034_Group34" 2 5 3 0 0
"035_Group35" 10 22 5 8 4
"036_Group36" 5 6 6 12 1
"037_Group37" 3 1 1 1 1
"038_Group38" 3 19 5 0 0
"039_Group39" 18 12 4 10 17
"040_Group40" 9 16 14 6 6
"041_Group41" 22 10 3 0 1
"042_Group42" 13 13 10 0 4
"043_Group43" 14 4 9 8 4
"044_Group44" 7 8 10 7 12
"045_Group45" 1 0 0 0 0
"046_Group46" 11 10 6 19 5
"047_Group47" 8 8 9 2 5
"048_Group48" 4 7 2 2 14
"049_Group49" 22 3 8 4 0
"050_Group50" 9 6 4 5 4
"051_Group51" 0 0 0 0 0
"052_Group52" 0 6 3 1 0
"053_Group53" 8 1 1 1 0
"054_Group54" 12 5 6 7 6
"055_Group55" 11 6 7 3 2
"056_Group56" 0 0 0 0 0
"057_Group57" 10 15 7 3 0
"058_Group58" 4 12 3 4 5
"059_Group59" 11 8 7 10 0
"060_Group60" 17 6 2 6 5
"061_Group61" 26 9 15 15 13
"062_Group62" 16 6 3 9 13
"063_Group63" 20 13 11 10 4
"064_Group64" 7 5 0 1 7
"065_Group65" 13 11 13 4 7
"066_Group66" 0 0 0 0 0
"067_Group67" 14 18 20 10 10
"068_Group68" 0 0 0 0 0
"069_Group69" 17 15 16 12 6
"070_Group70" 15 15 17 8 7
"071_Group71" 7 19 17 9 10
"072_Group72" 7 9 9 5 1
"073_Group73" 6 11 8 4 5
"074_Group74" 11 7 12 5 3
"075_Group75" 22 10 6 12 8
"076_Group76" 9 16 17 7 5
"077_Group77" 11 18 13 11 3
"078_Group78" 16 9 13 6 0
"079_Group79" 10 4 11 1 1
"080_Group80" 2 4 4 5 0
"081_Group81" 8 8 8 2 0
"082_Group82" 10 0 4 3 0
"083_Group83" 6 7 4 1 6
"084_Group84" 8 0 3 1 4
"085_Group85" 14 7 6 8 3
"086_Group86" 8 3 5 1 2
"087_Group87" 4 12 11 4 3
"088_Group88" 8 7 1 4 1
"089_Group89" 8 7 2 0 10
"090_Group90" 6 3 0 0 0
"091_Group91" 18 0 2 11 1
"092_Group92" 0 8 2 5 3
"093_Group93" 8 9 9 4 4
"094_Group94" 11 10 11 7 4
"095_Group95" 12 10 12 6 8

"<<<<<< Group Activity: Number of wells/group >>>>>>"
Group/Time[m] 2 4 6 8 10
"000_Group0" 1 1 1 1 1
"001_Group1" 1 1 1 1 1
"002_Group2" 1 1 1 1 1
"003_Group3" 1 1 1 1 1
"004_Group4" 1 1 1 1 1
"005_Group5" 1 1 1 1 1
"006_Group6" 1 1 1 1 1
"007_Group7" 1 1 1 1 1
"008_Group8" 1 1 1 1 1
"009_Group9" 1 1 1 1 1
"010_Group10" 1 1 1 1 1
"011_Group11" 1 1 1 1 1
"012_Group12" 1 1 1 1 1
"013_Group13" 1 1 1 1 1
"014_Group14" 1 1 1 1 1
"015_Group15" 1 1 1 1 1
"016_Group16" 1 1 1 1 1
"017_Group17" 1 1 1 1 1
"018_Group18" 1 1 1 1 1
"019_Group19" 1 1 1 1 1
"020_Group20" 1 1 1 1 1
"021_Group21" 1 1 1 1 1
"022_Group22" 1 1 1 1 1
"023_Group23" 1 1 1 1 1
"024_Group24" 1 1 1 1 1
"025_Group25" 1 1 1 1 1
"026_Group26" 1 1 1 1 1
"027_Group27" 1 1 1 1 1
"028_Group28" 1 1 1 1 1
"029_Group29" 1 1 1 1 1
"030_Group30" 1 1 1 1 1
"031_Group31" 1 1 1 1 1
"032_Group32" 1 1 1 1 1
"033_Group33" 1 1 1 1 1
"034_Group34" 1 1 1 1 1
"035_Group35" 1 1 1 1 1
"036_Group36" 1 1 1 1 1
"037_Group37" 1 1 1 1 1
"038_Group38" 1 1 1 1 1
"039_Group39" 1 1 1 1 1
"040_Group40" 1 1 1 1 1
"041_Group41" 1 1 1 1 1
"042_Group42" 1 1 1 1 1
"043_Group43" 1 1 1 1 1
"044_Group44" 1 1 1 1 1
"045_Group45" 1 1 1 1 1
"046_Group46" 1 1 1 1 1
"047_Group47" 1 1 1 1 1
"048_Group48" 1 1 1 1 1
"049_Group49" 1 1 1 1 1
"050_Group50" 1 1 1 1 1
"051_Group51" 1 1 1 1 1
"052_Group52" 1 1 1 1 1
"053_Group53" 1 1 1 1 1
"054_Group54" 1 1 1 1 1
"055_Group55" 1 1 1 1 1
"056_Group56" 1 1 1 1 1
"057_Group57" 1 1 1 1 1
"058_Group58" 1 1 1 1 1
"059_Group59" 1 1 1 1 1
"060_Group60" 1 1 1 1 1
"061_Group61" 1 1 1 1 1
"062_Group62" 1 1 1 1 1
"063_Group63" 1 1 1 1 1
"064_Group64" 1 1 1 1 1
"065_Group65" 1 1 1 1 1
"066_Group66" 1 1 1 1 1
"067_Group67" 1 1 1 1 1
"068_Group68" 1 1 1 1 1
"069_Group69" 1 1 1 1 1
"070_Group70" 1 1 1 1 1
"071_Group71" 1 1 1 1 1
"072_Group72" 1 1 1 1 1
"073_Group73" 1 1 1 1 1
"074_Group74" 1 1 1 1 1
"075_Group75" 1 1 1 1 1
"076_Group76" 1 1 1 1 1
"077_Group77" 1 1 1 1 1
"078_Group78" 1 1 1 1 1
"079_Group79" 1 1 1 1 1
"080_Group80" 1 1 1 1 1
"081_Group81" 1 1 1 1 1
"082_Group82" 1 1 1 1 1
"083_Group83" 1 1 1 1 1
"084_Group84" 1 1 1 1 1
"085_Group85" 1 1 1 1 1
"086_Group86" 1 1 1 1 1
"087_Group87" 1 1 1 1 1
"088_Group88" 1 1 1 1 1
"089_Group89" 1 1 1 1 1
"090_Group90" 1 1 1 1 1
"091_Group91" 1 1 1 1 1
"092_Group92" 1 1 1 1 1
"093_Group93" 1 1 1 1 1
"094_Group94" 1 1 1 1 1
"095_Group95" 1 1 1 1 1

"<<<<<< Number of Samples per Acquisition Interval [1unit=500values] >>>>>>"
Time[m] 2 4 6 8 10 
#Samples 2 2 2 2 2 

"<<<<<< Average Temperature [°C] >>>>>>"
Time[m] 2 4 6 8 10 
Temp[°C] 20.5 20.5 20.5 20.5 20.6 

"<<<<<< Well Activity >>>>>>"
Well Group/Time[m] 2 4 6 8 10
A1 "000_Group0" 7 9 7 2 2
B1 "001_Group1" 7 12 12 3 12
C1 "002_Group2" 13 8 16 9 2
D1 "003_Group3" 10 13 15 18 18
E1 "004_Group4" 18 6 12 9 5
F1 "005_Group5" 7 8 7 8 6
G1 "006_Group6" 6 6 9 5 2
H1 "007_Group7" 8 0 0 0 0
A2 "008_Group8" 8 2 1 4 0
B2 "009_Group9" 5 3 4 0 1
C2 "010_Group10" 14 3 11 9 11
D2 "011_Group11" 17 11 11 6 11
E2 "012_Group12" 5 9 6 6 8
F2 "013_Group13" 4 6 7 6 9
G2 "014_Group14" 5 12 11 13 12
H2 "015_Group15" 14 11 6 11 6
A3 "016_Group16" 11 8 14 4 6
B3 "017_Group17" 4 5 5 2 4
C3 "018_Group18" 3 7 13 9 7
D3 "019_Group19" 0 0 0 0 0
E3 "020_Group20" 10 0 1 0 1
F3 "021_Group21" 0 0 0 0 0
G3 "022_Group22" 5 15 7 2 8
H3 "023_Group23" 12 3 5 2 4
A4 "024_Group24" 9 3 8 4 5
B4 "025_Group25" 6 9 8 3 5
C4 "026_Group26" 11 5 6 5 5
D4 "027_Group27" 13 5 8 6 4
E4 "028_Group28" 0 0 0 0 0
F4 "029_Group29" 6 8 4 6 4
G4 "030_Group30" 0 0 1 1 0
H4 "031_Group31" 3 12 4 2 0
A5 "032_Group32" 10 11 12 23 11
B5 "033_Group33" 8 3 7 4 4
C5 "034_Group34" 2 5 3 0 0
D5 "035_Group35" 10 22 5 8 4
E5 "036_Group36" 5 6 6 12 1
F5 "037_Group37" 3 1 1 1 1
G5 "038_Group38" 3 19 5 0 0
H5 "039_Group39" 18 12 4 10 17
A6 "040_Group40" 9 16 14 6 6
B6 "041_Group41" 22 10 3 0 1
C6 "042_Group42" 13 13 10 0 4
D6 "043_Group43" 14 4 9 8 4
E6 "044_Group44" 7 8 10 7 12
F6 "045_Group45" 1 0 0 0 0
G6 "046_Group46" 11 10 6 19 5
H6 "047_Group47" 8 8 9 2 5
A7 "048_Group48" 4 7 2 2 14
B7 "049_Group49" 22 3 8 4 0
C7 "050_Group50" 9 6 4 5 4
D7 "051_Group51" 0 0 0 0 0
E7 "052_Group52" 0 6 3 1 0
F7 "053_Group53" 8 1 1 1 0
G7 "054_Group54" 12 5 6 7 6
H7 "055_Group55" 11 6 7 3 2
A8 "056_Group56" 0 0 0 0 0
B8 "057_Group57" 10 15 7 3 0
C8 "058_Group58" 4 12 3 4 5
D8 "059_Group59" 11 8 7 10 0
E8 "060_Group60" 17 6 2 6 5
F8 "061_Group61" 26 9 15 15 13
G8 "062_Group62" 16 6 3 9 13
H8 "063_Group63" 20 13 11 10 4
A9 "064_Group64" 7 5 0 1 7
B9 "065_Group65" 13 11 13 4 7
C9 "066_Group66" 0 0 0 0 0
D9 "067_Group67" 14 18 20 10 10
E9 "068_Group68" 0 0 0 0 0
F9 "069_Group69" 17 15 16 12 6
G9 "070_Group70" 15 15 17 8 7
H9 "071_Group71" 7 19 17 9 10
A10 "072_Group72" 7 9 9 5 1
B10 "073_Group73" 6 11 8 4 5
C10 "074_Group74" 11 7 12 5 3
D10 "075_Group75" 22 10 6 12 8
E10 "076_Group76" 9 16 17 7 5
F10 "077_Group77" 11 18 13 11 3
G10 "078_Group78" 16 9 13 6 0
H10 "079_Group79" 10 4 11 1 1
A11 "080_Group80" 2 4 4 5 0
B11 "081_Group81" 8 8 8 2 0
C11 "082_Group82" 10 0 4 3 0
D11 "083_Group83" 6 7 4 1 6
E11 "084_Group84" 8 0 3 1 4
F11 "085_Group85" 14 7 6 8 3
G11 "086_Group86" 8 3 5 1 2
H11 "087_Group87" 4 12 11 4 3
A12 "088_Group88" 8 7 1 4 1
B12 "089_Group89" 8 7 2 0 10
C12 "090_Group90" 6 3 0 0 0
D12 "091_Group91" 18 0 2 11 1
E12 "092_Group92" 0 8 2 5 3
F12 "093_Group93" 8 9 9 4 4
G12 "094_Group94" 11 10 11 7 4
H12 "095_Group95" 12 10 12 6 8

"<<<<<< Channel Activity >>>>>>"
Channel Well Group/Time[m] 2 4 6 8 10
CH0 A1.0 "000_Group0" 7 9 7 2 2
CH2 B1.0 "001_Group1" 7 12 12 3 12
CH4 C1.0 "002_Group2" 13 8 16 9 2
CH6 D1.0 "003_Group3" 10 13 15 18 18
CH8 E1.0 "004_Group4" 18 6 12 9 5
CH10 F1.0 "005_Group5" 7 8 7 8 6
CH12 G1.0 "006_Group6" 6 6 9 5 2
CH14 H1.0 "007_Group7" 8 0 0 0 0
CH32 A2.0 "008_Group8" 8 2 1 4 0
CH34 B2.0 "009_Group9" 5 3 4 0 1
CH36 C2.0 "010_Group10" 14 3 11 9 11
CH38 D2.0 "011_Group11" 17 11 11 6 11
CH40 E2.0 "012_Group12" 5 9 6 6 8
CH42 F2.0 "013_Group13" 4 6 7 6 9
CH44 G2.0 "014_Group14" 5 12 11 13 12
CH46 H2.0 "015_Group15" 14 11 6 11 6
CH64 A3.0 "016_Group16" 11 8 14 4 6
CH66 B3.0 "017_Group17" 4 5 5 2 4
CH68 C3.0 "018_Group18" 3 7 13 9 7
CH70 D3.0 "019_Group19" 0 0 0 0 0
CH72 E3.0 "020_Group20" 10 0 1 0 1
CH74 F3.0 "021_Group21" 0 0 0 0 0
CH76 G3.0 "022_Group22" 5 15 7 2 8
CH78 H3.0 "023_Group23" 12 3 5 2 4
CH96 A4.0 "024_Group24" 9 3 8 4 5
CH98 B4.0 "025_Group25" 6 9 8 3 5
CH100 C4.0 "026_Group26" 11 5 6 5 5
CH102 D4.0 "027_Group27" 13 5 8 6 4
CH104 E4.0 "028_Group28" 0 0 0 0 0
CH106 F4.0 "029_Group29" 6 8 4 6 4
CH108 G4.0 "030_Group30" 0 0 1 1 0
CH110 H4.0 "031_Group31" 3 12 4 2 0
CH128 A5.0 "032_Group32" 10 11 12 23 11
CH130 B5.0 "033_Group33" 8 3 7 4 4
CH132 C5.0 "034_Group34" 2 5 3 0 0
CH134 D5.0 "035_Group35" 10 22 5 8 4
CH136 E5.0 "036_Group36" 5 6 6 12 1
CH138 F5.0 "037_Group37" 3 1 1 1 1
CH140 G5.0 "038_Group38" 3 19 5 0 0
CH142 H5.0 "039_Group39" 18 12 4 10 17
CH160 A6.0 "040_Group40" 9 16 14 6 6
CH162 B6.0 "041_Group41" 22 10 3 0 1
CH164 C6.0 "042_Group42" 13 13 10 0 4
CH166 D6.0 "043_Group43" 14 4 9 8 4
CH168 E6.0 "044_Group44" 7 8 10 7 12
CH170 F6.0 "045_Group45" 1 0 0 0 0
CH172 G6.0 "046_Group46" 11 10 6 19 5
CH174 H6.0 "047_Group47" 8 8 9 2 5
CH192 A7.0 "048_Group48" 4 7 2 2 14
CH194 B7.0 "049_Group49" 22 3 8 4 0
CH196 C7.0 "050_Group50" 9 6 4 5 4
CH198 D7.0 "051_Group51" 0 0 0 0 0
CH200 E7.0 "052_Group52" 0 6 3 1 0
CH202 F7.0 "053_Group53" 8 1 1 1 0
CH204 G7.0 "054_Group54" 12 5 6 7 6
CH206 H7.0 "055_Group55" 11 6 7 3 2
CH224 A8.0 "056_Group56" 0 0 0 0 0
CH226 B8.0 "057_Group57" 10 15 7 3 0
CH228 C8.0 "058_Group58" 4 12 3 4 5
CH230 D8.0 "059_Group59" 11 8 7 10 0
CH232 E8.0 "060_Group60" 17 6 2 6 5
CH234 F8.0 "061_Group61" 26 9 15 15 13
CH236 G8.0 "062_Group62" 16 6 3 9 13
CH238 H8.0 "063_Group63" 20 13 11 10 4
CH256 A9.0 "064_Group64" 7 5 0 1 7
CH258 B9.0 "065_Group65" 13 11 13 4 7
CH260 C9.0 "066_Group66" 0 0 0 0 0
CH262 D9.0 "067_Group67" 14 18 20 10 10
CH264 E9.0 "068_Group68" 0 0 0 0 0
CH266 F9.0 "069_Group69" 17 15 16 12 6
CH268 G9.0 "070_Group70" 15 15 17 8 7
CH270 H9.0 "071_Group71" 7 19 17 9 10
CH288 A10.0 "072_Group72" 7 9 9 5 1
CH290 B10.0 "073_Group73" 6 11 8 4 5
CH292 C10.0 "074_Group74" 11 7 12 5 3
CH294 D10.0 "075_Group75" 22 10 6 12 8
CH296 E10.0 "076_Group76" 9 16 17 7 5
CH298 F10.0 "077_Group77" 11 18 13 11 3
CH300 G10.0 "078_Group78" 16 9 13 6 0
CH302 H10.0 "079_Group79" 10 4 11 1 1
CH320 A11.0 "080_Group80" 2 4 4 5 0
CH322 B11.0 "081_Group81" 8 8 8 2 0
CH324 C11.0 "082_Group82" 10 0 4 3 0
CH326 D11.0 "083_Group83" 6 7 4 1 6
CH328 E11.0 "084_Group84" 8 0 3 1 4
CH330 F11.0 "085_Group85" 14 7 6 8 3
CH332 G11.0 "086_Group86" 8 3 5 1 2
CH334 H11.0 "087_Group87" 4 12 11 4 3
CH352 A12.0 "088_Group88" 8 7 1 4 1
CH354 B12.0 "089_Group89" 8 7 2 0 10
CH356 C12.0 "090_Group90" 6 3 0 0 0
CH358 D12.0 "091_Group91" 18 0 2 11 1
CH360 E12.0 "092_Group92" 0 8 2 5 3
CH362 F12.0 "093_Group93" 8 9 9 4 4
CH364 G12.0 "094_Group94" 11 10 11 7 4
CH366 H12.0 "095_Group95" 12 10 12 6 8
