"DATE:" "2/25/2015 8:54:59 AM"
"FILE:" "C:\Users\AndersenLab\Desktop\wmicrotracker\p00011\20150225_0842"
"SUBPROJECT:" "20150225_Longevity_5_daf1"

"<<<<<< Group Activity: Average Activity Counts per Data Interval>>>>>>"
Group/Time[m] 2 4 6 8 10
"000_Group0" 42 17 11 11 13
"001_Group1" 28 22 23 22 16
"002_Group2" 19 28 19 13 22
"003_Group3" 28 29 19 21 12
"004_Group4" 25 28 11 32 15
"005_Group5" 26 32 14 16 20
"006_Group6" 27 23 32 22 21
"007_Group7" 30 14 12 15 8
"008_Group8" 11 8 9 3 0
"009_Group9" 0 11 5 1 0
"010_Group10" 3 7 0 7 10
"011_Group11" 3 8 7 10 17
"012_Group12" 9 9 23 11 9
"013_Group13" 10 11 3 4 1
"014_Group14" 8 7 10 12 10
"015_Group15" 3 5 2 6 12
"016_Group16" 9 12 10 9 15
"017_Group17" 18 12 0 5 1
"018_Group18" 6 0 16 2 2
"019_Group19" 6 12 12 6 13
"020_Group20" 1 9 5 6 3
"021_Group21" 0 0 0 2 4
"022_Group22" 0 11 12 7 4
"023_Group23" 11 12 8 1 6
"024_Group24" 13 12 10 11 7
"025_Group25" 27 25 15 11 11
"026_Group26" 45 22 11 5 12
"027_Group27" 19 17 8 6 8
"028_Group28" 38 12 9 11 9
"029_Group29" 47 23 15 19 7
"030_Group30" 10 14 20 19 8
"031_Group31" 33 26 16 9 9
"032_Group32" 22 33 13 21 9
"033_Group33" 14 9 5 8 13
"034_Group34" 15 8 11 10 8
"035_Group35" 20 12 12 5 9
"036_Group36" 38 13 18 10 26
"037_Group37" 12 14 9 12 10
"038_Group38" 9 9 11 21 7
"039_Group39" 8 17 13 15 5
"040_Group40" 28 20 9 13 13
"041_Group41" 21 18 8 8 6
"042_Group42" 13 9 10 9 14
"043_Group43" 16 10 6 6 7
"044_Group44" 13 11 13 8 16
"045_Group45" 15 16 15 25 9
"046_Group46" 11 13 6 8 8
"047_Group47" 24 23 7 8 9
"048_Group48" 13 7 8 13 14
"049_Group49" 16 18 24 22 9
"050_Group50" 20 15 17 17 17
"051_Group51" 11 14 14 12 2
"052_Group52" 11 15 6 14 8
"053_Group53" 22 16 17 20 17
"054_Group54" 29 11 14 12 13
"055_Group55" 22 21 17 11 8
"056_Group56" 3 19 15 8 1
"057_Group57" 0 3 12 6 3
"058_Group58" 10 7 16 2 10
"059_Group59" 0 18 9 15 1
"060_Group60" 3 11 12 12 6
"061_Group61" 6 6 9 4 11
"062_Group62" 4 13 3 19 7
"063_Group63" 2 14 10 11 7
"064_Group64" 32 31 16 15 11
"065_Group65" 47 43 21 17 18
"066_Group66" 35 20 22 9 13
"067_Group67" 11 16 12 10 8
"068_Group68" 38 42 31 16 12
"069_Group69" 25 19 5 7 15
"070_Group70" 16 25 18 6 9
"071_Group71" 32 30 15 15 8
"072_Group72" 0 3 8 8 3
"073_Group73" 0 11 5 3 8
"074_Group74" 2 0 17 14 7
"075_Group75" 8 4 12 17 12
"076_Group76" 1 5 0 0 0
"077_Group77" 0 0 0 16 0
"078_Group78" 0 9 4 2 3
"079_Group79" 0 6 6 4 8
"080_Group80" 21 23 11 12 12
"081_Group81" 34 29 31 16 9
"082_Group82" 13 20 21 13 9
"083_Group83" 20 21 19 17 8
"084_Group84" 46 52 20 31 14
"085_Group85" 30 33 15 19 16
"086_Group86" 45 18 23 14 17
"087_Group87" 26 23 17 14 16
"088_Group88" 11 25 8 12 7
"089_Group89" 7 13 9 11 9
"090_Group90" 15 21 19 16 26
"091_Group91" 20 19 12 9 9
"092_Group92" 21 14 25 29 17
"093_Group93" 32 32 25 9 11
"094_Group94" 8 14 9 10 10
"095_Group95" 28 14 15 18 10

"<<<<<< Group Activity: Number of wells/group >>>>>>"
Group/Time[m] 2 4 6 8 10
"000_Group0" 1 1 1 1 1
"001_Group1" 1 1 1 1 1
"002_Group2" 1 1 1 1 1
"003_Group3" 1 1 1 1 1
"004_Group4" 1 1 1 1 1
"005_Group5" 1 1 1 1 1
"006_Group6" 1 1 1 1 1
"007_Group7" 1 1 1 1 1
"008_Group8" 1 1 1 1 1
"009_Group9" 1 1 1 1 1
"010_Group10" 1 1 1 1 1
"011_Group11" 1 1 1 1 1
"012_Group12" 1 1 1 1 1
"013_Group13" 1 1 1 1 1
"014_Group14" 1 1 1 1 1
"015_Group15" 1 1 1 1 1
"016_Group16" 1 1 1 1 1
"017_Group17" 1 1 1 1 1
"018_Group18" 1 1 1 1 1
"019_Group19" 1 1 1 1 1
"020_Group20" 1 1 1 1 1
"021_Group21" 1 1 1 1 1
"022_Group22" 1 1 1 1 1
"023_Group23" 1 1 1 1 1
"024_Group24" 1 1 1 1 1
"025_Group25" 1 1 1 1 1
"026_Group26" 1 1 1 1 1
"027_Group27" 1 1 1 1 1
"028_Group28" 1 1 1 1 1
"029_Group29" 1 1 1 1 1
"030_Group30" 1 1 1 1 1
"031_Group31" 1 1 1 1 1
"032_Group32" 1 1 1 1 1
"033_Group33" 1 1 1 1 1
"034_Group34" 1 1 1 1 1
"035_Group35" 1 1 1 1 1
"036_Group36" 1 1 1 1 1
"037_Group37" 1 1 1 1 1
"038_Group38" 1 1 1 1 1
"039_Group39" 1 1 1 1 1
"040_Group40" 1 1 1 1 1
"041_Group41" 1 1 1 1 1
"042_Group42" 1 1 1 1 1
"043_Group43" 1 1 1 1 1
"044_Group44" 1 1 1 1 1
"045_Group45" 1 1 1 1 1
"046_Group46" 1 1 1 1 1
"047_Group47" 1 1 1 1 1
"048_Group48" 1 1 1 1 1
"049_Group49" 1 1 1 1 1
"050_Group50" 1 1 1 1 1
"051_Group51" 1 1 1 1 1
"052_Group52" 1 1 1 1 1
"053_Group53" 1 1 1 1 1
"054_Group54" 1 1 1 1 1
"055_Group55" 1 1 1 1 1
"056_Group56" 1 1 1 1 1
"057_Group57" 1 1 1 1 1
"058_Group58" 1 1 1 1 1
"059_Group59" 1 1 1 1 1
"060_Group60" 1 1 1 1 1
"061_Group61" 1 1 1 1 1
"062_Group62" 1 1 1 1 1
"063_Group63" 1 1 1 1 1
"064_Group64" 1 1 1 1 1
"065_Group65" 1 1 1 1 1
"066_Group66" 1 1 1 1 1
"067_Group67" 1 1 1 1 1
"068_Group68" 1 1 1 1 1
"069_Group69" 1 1 1 1 1
"070_Group70" 1 1 1 1 1
"071_Group71" 1 1 1 1 1
"072_Group72" 1 1 1 1 1
"073_Group73" 1 1 1 1 1
"074_Group74" 1 1 1 1 1
"075_Group75" 1 1 1 1 1
"076_Group76" 1 1 1 1 1
"077_Group77" 1 1 1 1 1
"078_Group78" 1 1 1 1 1
"079_Group79" 1 1 1 1 1
"080_Group80" 1 1 1 1 1
"081_Group81" 1 1 1 1 1
"082_Group82" 1 1 1 1 1
"083_Group83" 1 1 1 1 1
"084_Group84" 1 1 1 1 1
"085_Group85" 1 1 1 1 1
"086_Group86" 1 1 1 1 1
"087_Group87" 1 1 1 1 1
"088_Group88" 1 1 1 1 1
"089_Group89" 1 1 1 1 1
"090_Group90" 1 1 1 1 1
"091_Group91" 1 1 1 1 1
"092_Group92" 1 1 1 1 1
"093_Group93" 1 1 1 1 1
"094_Group94" 1 1 1 1 1
"095_Group95" 1 1 1 1 1

"<<<<<< Number of Samples per Acquisition Interval [1unit=500values] >>>>>>"
Time[m] 2 4 6 8 10 
#Samples 2 2 2 2 2 

"<<<<<< Average Temperature [°C] >>>>>>"
Time[m] 2 4 6 8 10 
Temp[°C] 21.1 21.1 21.4 21.4 21.4 

"<<<<<< Well Activity >>>>>>"
Well Group/Time[m] 2 4 6 8 10
A1 "000_Group0" 42 17 11 11 13
B1 "001_Group1" 28 22 23 22 16
C1 "002_Group2" 19 28 19 13 22
D1 "003_Group3" 28 29 19 21 12
E1 "004_Group4" 25 28 11 32 15
F1 "005_Group5" 26 32 14 16 20
G1 "006_Group6" 27 23 32 22 21
H1 "007_Group7" 30 14 12 15 8
A2 "008_Group8" 11 8 9 3 0
B2 "009_Group9" 0 11 5 1 0
C2 "010_Group10" 3 7 0 7 10
D2 "011_Group11" 3 8 7 10 17
E2 "012_Group12" 9 9 23 11 9
F2 "013_Group13" 10 11 3 4 1
G2 "014_Group14" 8 7 10 12 10
H2 "015_Group15" 3 5 2 6 12
A3 "016_Group16" 9 12 10 9 15
B3 "017_Group17" 18 12 0 5 1
C3 "018_Group18" 6 0 16 2 2
D3 "019_Group19" 6 12 12 6 13
E3 "020_Group20" 1 9 5 6 3
F3 "021_Group21" 0 0 0 2 4
G3 "022_Group22" 0 11 12 7 4
H3 "023_Group23" 11 12 8 1 6
A4 "024_Group24" 13 12 10 11 7
B4 "025_Group25" 27 25 15 11 11
C4 "026_Group26" 45 22 11 5 12
D4 "027_Group27" 19 17 8 6 8
E4 "028_Group28" 38 12 9 11 9
F4 "029_Group29" 47 23 15 19 7
G4 "030_Group30" 10 14 20 19 8
H4 "031_Group31" 33 26 16 9 9
A5 "032_Group32" 22 33 13 21 9
B5 "033_Group33" 14 9 5 8 13
C5 "034_Group34" 15 8 11 10 8
D5 "035_Group35" 20 12 12 5 9
E5 "036_Group36" 38 13 18 10 26
F5 "037_Group37" 12 14 9 12 10
G5 "038_Group38" 9 9 11 21 7
H5 "039_Group39" 8 17 13 15 5
A6 "040_Group40" 28 20 9 13 13
B6 "041_Group41" 21 18 8 8 6
C6 "042_Group42" 13 9 10 9 14
D6 "043_Group43" 16 10 6 6 7
E6 "044_Group44" 13 11 13 8 16
F6 "045_Group45" 15 16 15 25 9
G6 "046_Group46" 11 13 6 8 8
H6 "047_Group47" 24 23 7 8 9
A7 "048_Group48" 13 7 8 13 14
B7 "049_Group49" 16 18 24 22 9
C7 "050_Group50" 20 15 17 17 17
D7 "051_Group51" 11 14 14 12 2
E7 "052_Group52" 11 15 6 14 8
F7 "053_Group53" 22 16 17 20 17
G7 "054_Group54" 29 11 14 12 13
H7 "055_Group55" 22 21 17 11 8
A8 "056_Group56" 3 19 15 8 1
B8 "057_Group57" 0 3 12 6 3
C8 "058_Group58" 10 7 16 2 10
D8 "059_Group59" 0 18 9 15 1
E8 "060_Group60" 3 11 12 12 6
F8 "061_Group61" 6 6 9 4 11
G8 "062_Group62" 4 13 3 19 7
H8 "063_Group63" 2 14 10 11 7
A9 "064_Group64" 32 31 16 15 11
B9 "065_Group65" 47 43 21 17 18
C9 "066_Group66" 35 20 22 9 13
D9 "067_Group67" 11 16 12 10 8
E9 "068_Group68" 38 42 31 16 12
F9 "069_Group69" 25 19 5 7 15
G9 "070_Group70" 16 25 18 6 9
H9 "071_Group71" 32 30 15 15 8
A10 "072_Group72" 0 3 8 8 3
B10 "073_Group73" 0 11 5 3 8
C10 "074_Group74" 2 0 17 14 7
D10 "075_Group75" 8 4 12 17 12
E10 "076_Group76" 1 5 0 0 0
F10 "077_Group77" 0 0 0 16 0
G10 "078_Group78" 0 9 4 2 3
H10 "079_Group79" 0 6 6 4 8
A11 "080_Group80" 21 23 11 12 12
B11 "081_Group81" 34 29 31 16 9
C11 "082_Group82" 13 20 21 13 9
D11 "083_Group83" 20 21 19 17 8
E11 "084_Group84" 46 52 20 31 14
F11 "085_Group85" 30 33 15 19 16
G11 "086_Group86" 45 18 23 14 17
H11 "087_Group87" 26 23 17 14 16
A12 "088_Group88" 11 25 8 12 7
B12 "089_Group89" 7 13 9 11 9
C12 "090_Group90" 15 21 19 16 26
D12 "091_Group91" 20 19 12 9 9
E12 "092_Group92" 21 14 25 29 17
F12 "093_Group93" 32 32 25 9 11
G12 "094_Group94" 8 14 9 10 10
H12 "095_Group95" 28 14 15 18 10

"<<<<<< Channel Activity >>>>>>"
Channel Well Group/Time[m] 2 4 6 8 10
CH0 A1.0 "000_Group0" 42 17 11 11 13
CH2 B1.0 "001_Group1" 28 22 23 22 16
CH4 C1.0 "002_Group2" 19 28 19 13 22
CH6 D1.0 "003_Group3" 28 29 19 21 12
CH8 E1.0 "004_Group4" 25 28 11 32 15
CH10 F1.0 "005_Group5" 26 32 14 16 20
CH12 G1.0 "006_Group6" 27 23 32 22 21
CH14 H1.0 "007_Group7" 30 14 12 15 8
CH32 A2.0 "008_Group8" 11 8 9 3 0
CH34 B2.0 "009_Group9" 0 11 5 1 0
CH36 C2.0 "010_Group10" 3 7 0 7 10
CH38 D2.0 "011_Group11" 3 8 7 10 17
CH40 E2.0 "012_Group12" 9 9 23 11 9
CH42 F2.0 "013_Group13" 10 11 3 4 1
CH44 G2.0 "014_Group14" 8 7 10 12 10
CH46 H2.0 "015_Group15" 3 5 2 6 12
CH64 A3.0 "016_Group16" 9 12 10 9 15
CH66 B3.0 "017_Group17" 18 12 0 5 1
CH68 C3.0 "018_Group18" 6 0 16 2 2
CH70 D3.0 "019_Group19" 6 12 12 6 13
CH72 E3.0 "020_Group20" 1 9 5 6 3
CH74 F3.0 "021_Group21" 0 0 0 2 4
CH76 G3.0 "022_Group22" 0 11 12 7 4
CH78 H3.0 "023_Group23" 11 12 8 1 6
CH96 A4.0 "024_Group24" 13 12 10 11 7
CH98 B4.0 "025_Group25" 27 25 15 11 11
CH100 C4.0 "026_Group26" 45 22 11 5 12
CH102 D4.0 "027_Group27" 19 17 8 6 8
CH104 E4.0 "028_Group28" 38 12 9 11 9
CH106 F4.0 "029_Group29" 47 23 15 19 7
CH108 G4.0 "030_Group30" 10 14 20 19 8
CH110 H4.0 "031_Group31" 33 26 16 9 9
CH128 A5.0 "032_Group32" 22 33 13 21 9
CH130 B5.0 "033_Group33" 14 9 5 8 13
CH132 C5.0 "034_Group34" 15 8 11 10 8
CH134 D5.0 "035_Group35" 20 12 12 5 9
CH136 E5.0 "036_Group36" 38 13 18 10 26
CH138 F5.0 "037_Group37" 12 14 9 12 10
CH140 G5.0 "038_Group38" 9 9 11 21 7
CH142 H5.0 "039_Group39" 8 17 13 15 5
CH160 A6.0 "040_Group40" 28 20 9 13 13
CH162 B6.0 "041_Group41" 21 18 8 8 6
CH164 C6.0 "042_Group42" 13 9 10 9 14
CH166 D6.0 "043_Group43" 16 10 6 6 7
CH168 E6.0 "044_Group44" 13 11 13 8 16
CH170 F6.0 "045_Group45" 15 16 15 25 9
CH172 G6.0 "046_Group46" 11 13 6 8 8
CH174 H6.0 "047_Group47" 24 23 7 8 9
CH192 A7.0 "048_Group48" 13 7 8 13 14
CH194 B7.0 "049_Group49" 16 18 24 22 9
CH196 C7.0 "050_Group50" 20 15 17 17 17
CH198 D7.0 "051_Group51" 11 14 14 12 2
CH200 E7.0 "052_Group52" 11 15 6 14 8
CH202 F7.0 "053_Group53" 22 16 17 20 17
CH204 G7.0 "054_Group54" 29 11 14 12 13
CH206 H7.0 "055_Group55" 22 21 17 11 8
CH224 A8.0 "056_Group56" 3 19 15 8 1
CH226 B8.0 "057_Group57" 0 3 12 6 3
CH228 C8.0 "058_Group58" 10 7 16 2 10
CH230 D8.0 "059_Group59" 0 18 9 15 1
CH232 E8.0 "060_Group60" 3 11 12 12 6
CH234 F8.0 "061_Group61" 6 6 9 4 11
CH236 G8.0 "062_Group62" 4 13 3 19 7
CH238 H8.0 "063_Group63" 2 14 10 11 7
CH256 A9.0 "064_Group64" 32 31 16 15 11
CH258 B9.0 "065_Group65" 47 43 21 17 18
CH260 C9.0 "066_Group66" 35 20 22 9 13
CH262 D9.0 "067_Group67" 11 16 12 10 8
CH264 E9.0 "068_Group68" 38 42 31 16 12
CH266 F9.0 "069_Group69" 25 19 5 7 15
CH268 G9.0 "070_Group70" 16 25 18 6 9
CH270 H9.0 "071_Group71" 32 30 15 15 8
CH288 A10.0 "072_Group72" 0 3 8 8 3
CH290 B10.0 "073_Group73" 0 11 5 3 8
CH292 C10.0 "074_Group74" 2 0 17 14 7
CH294 D10.0 "075_Group75" 8 4 12 17 12
CH296 E10.0 "076_Group76" 1 5 0 0 0
CH298 F10.0 "077_Group77" 0 0 0 16 0
CH300 G10.0 "078_Group78" 0 9 4 2 3
CH302 H10.0 "079_Group79" 0 6 6 4 8
CH320 A11.0 "080_Group80" 21 23 11 12 12
CH322 B11.0 "081_Group81" 34 29 31 16 9
CH324 C11.0 "082_Group82" 13 20 21 13 9
CH326 D11.0 "083_Group83" 20 21 19 17 8
CH328 E11.0 "084_Group84" 46 52 20 31 14
CH330 F11.0 "085_Group85" 30 33 15 19 16
CH332 G11.0 "086_Group86" 45 18 23 14 17
CH334 H11.0 "087_Group87" 26 23 17 14 16
CH352 A12.0 "088_Group88" 11 25 8 12 7
CH354 B12.0 "089_Group89" 7 13 9 11 9
CH356 C12.0 "090_Group90" 15 21 19 16 26
CH358 D12.0 "091_Group91" 20 19 12 9 9
CH360 E12.0 "092_Group92" 21 14 25 29 17
CH362 F12.0 "093_Group93" 32 32 25 9 11
CH364 G12.0 "094_Group94" 8 14 9 10 10
CH366 H12.0 "095_Group95" 28 14 15 18 10
