"DATE:" "3/3/2015 8:59:18 AM"
"FILE:" "C:\Users\AndersenLab\Desktop\wmicrotracker\p00011\20150303_0845"
"SUBPROJECT:" "20150303_Longevity_5_daf1"

"<<<<<< Group Activity: Average Activity Counts per Data Interval>>>>>>"
Group/Time[m] 2 4 6 8 10
"000_Group0" 11 5 6 5 9
"001_Group1" 21 30 17 9 20
"002_Group2" 41 31 23 25 21
"003_Group3" 21 18 5 7 3
"004_Group4" 14 5 14 10 18
"005_Group5" 16 13 9 6 3
"006_Group6" 19 20 1 10 0
"007_Group7" 13 13 21 5 14
"008_Group8" 7 14 6 1 3
"009_Group9" 1 1 1 1 7
"010_Group10" 7 10 10 8 5
"011_Group11" 3 1 13 6 7
"012_Group12" 0 1 7 8 9
"013_Group13" 9 7 6 6 1
"014_Group14" 3 9 6 8 9
"015_Group15" 15 2 9 9 5
"016_Group16" 2 4 15 2 4
"017_Group17" 0 0 3 0 8
"018_Group18" 7 0 0 1 4
"019_Group19" 0 3 6 14 10
"020_Group20" 0 0 15 4 16
"021_Group21" 2 0 3 5 11
"022_Group22" 7 16 15 17 6
"023_Group23" 0 0 0 0 0
"024_Group24" 13 7 16 16 13
"025_Group25" 17 24 24 10 7
"026_Group26" 16 12 6 8 11
"027_Group27" 27 15 10 11 13
"028_Group28" 23 15 12 11 4
"029_Group29" 13 13 11 4 1
"030_Group30" 5 17 10 19 4
"031_Group31" 12 11 1 14 16
"032_Group32" 11 20 17 1 19
"033_Group33" 5 10 7 10 8
"034_Group34" 12 8 3 1 1
"035_Group35" 9 11 5 15 0
"036_Group36" 20 10 8 3 0
"037_Group37" 15 14 7 10 2
"038_Group38" 12 4 0 1 0
"039_Group39" 12 16 4 6 2
"040_Group40" 28 13 12 3 1
"041_Group41" 10 5 1 0 4
"042_Group42" 5 6 3 0 8
"043_Group43" 18 10 8 0 9
"044_Group44" 6 0 1 4 2
"045_Group45" 10 5 8 2 1
"046_Group46" 17 11 8 4 1
"047_Group47" 23 19 4 5 2
"048_Group48" 3 3 0 0 0
"049_Group49" 12 11 9 12 1
"050_Group50" 0 2 8 2 3
"051_Group51" 10 3 3 3 5
"052_Group52" 11 7 7 6 4
"053_Group53" 4 8 6 0 3
"054_Group54" 11 7 10 9 11
"055_Group55" 16 8 9 8 9
"056_Group56" 0 0 1 8 5
"057_Group57" 19 5 12 6 15
"058_Group58" 0 0 0 8 8
"059_Group59" 0 0 3 4 10
"060_Group60" 0 7 12 3 2
"061_Group61" 0 0 1 6 0
"062_Group62" 0 0 5 8 1
"063_Group63" 0 6 4 12 3
"064_Group64" 13 28 10 25 4
"065_Group65" 10 9 22 14 7
"066_Group66" 17 26 24 19 25
"067_Group67" 20 20 15 20 5
"068_Group68" 19 5 6 3 5
"069_Group69" 32 23 11 21 6
"070_Group70" 15 17 7 11 11
"071_Group71" 6 19 18 13 13
"072_Group72" 0 3 3 1 4
"073_Group73" 0 1 28 0 10
"074_Group74" 0 1 2 5 7
"075_Group75" 0 0 9 10 7
"076_Group76" 0 4 7 7 9
"077_Group77" 0 0 0 3 3
"078_Group78" 0 0 0 3 10
"079_Group79" 0 0 3 6 0
"080_Group80" 26 25 21 4 8
"081_Group81" 23 18 14 8 10
"082_Group82" 11 12 13 1 3
"083_Group83" 19 12 9 7 3
"084_Group84" 13 22 13 5 6
"085_Group85" 7 4 7 2 6
"086_Group86" 8 12 11 3 3
"087_Group87" 9 20 3 8 4
"088_Group88" 14 7 2 10 3
"089_Group89" 29 0 6 4 0
"090_Group90" 5 0 5 7 0
"091_Group91" 34 6 5 0 4
"092_Group92" 9 13 2 3 9
"093_Group93" 7 0 1 9 0
"094_Group94" 15 3 1 0 1
"095_Group95" 19 23 6 0 0

"<<<<<< Group Activity: Number of wells/group >>>>>>"
Group/Time[m] 2 4 6 8 10
"000_Group0" 1 1 1 1 1
"001_Group1" 1 1 1 1 1
"002_Group2" 1 1 1 1 1
"003_Group3" 1 1 1 1 1
"004_Group4" 1 1 1 1 1
"005_Group5" 1 1 1 1 1
"006_Group6" 1 1 1 1 1
"007_Group7" 1 1 1 1 1
"008_Group8" 1 1 1 1 1
"009_Group9" 1 1 1 1 1
"010_Group10" 1 1 1 1 1
"011_Group11" 1 1 1 1 1
"012_Group12" 1 1 1 1 1
"013_Group13" 1 1 1 1 1
"014_Group14" 1 1 1 1 1
"015_Group15" 1 1 1 1 1
"016_Group16" 1 1 1 1 1
"017_Group17" 1 1 1 1 1
"018_Group18" 1 1 1 1 1
"019_Group19" 1 1 1 1 1
"020_Group20" 1 1 1 1 1
"021_Group21" 1 1 1 1 1
"022_Group22" 1 1 1 1 1
"023_Group23" 1 1 1 1 1
"024_Group24" 1 1 1 1 1
"025_Group25" 1 1 1 1 1
"026_Group26" 1 1 1 1 1
"027_Group27" 1 1 1 1 1
"028_Group28" 1 1 1 1 1
"029_Group29" 1 1 1 1 1
"030_Group30" 1 1 1 1 1
"031_Group31" 1 1 1 1 1
"032_Group32" 1 1 1 1 1
"033_Group33" 1 1 1 1 1
"034_Group34" 1 1 1 1 1
"035_Group35" 1 1 1 1 1
"036_Group36" 1 1 1 1 1
"037_Group37" 1 1 1 1 1
"038_Group38" 1 1 1 1 1
"039_Group39" 1 1 1 1 1
"040_Group40" 1 1 1 1 1
"041_Group41" 1 1 1 1 1
"042_Group42" 1 1 1 1 1
"043_Group43" 1 1 1 1 1
"044_Group44" 1 1 1 1 1
"045_Group45" 1 1 1 1 1
"046_Group46" 1 1 1 1 1
"047_Group47" 1 1 1 1 1
"048_Group48" 1 1 1 1 1
"049_Group49" 1 1 1 1 1
"050_Group50" 1 1 1 1 1
"051_Group51" 1 1 1 1 1
"052_Group52" 1 1 1 1 1
"053_Group53" 1 1 1 1 1
"054_Group54" 1 1 1 1 1
"055_Group55" 1 1 1 1 1
"056_Group56" 1 1 1 1 1
"057_Group57" 1 1 1 1 1
"058_Group58" 1 1 1 1 1
"059_Group59" 1 1 1 1 1
"060_Group60" 1 1 1 1 1
"061_Group61" 1 1 1 1 1
"062_Group62" 1 1 1 1 1
"063_Group63" 1 1 1 1 1
"064_Group64" 1 1 1 1 1
"065_Group65" 1 1 1 1 1
"066_Group66" 1 1 1 1 1
"067_Group67" 1 1 1 1 1
"068_Group68" 1 1 1 1 1
"069_Group69" 1 1 1 1 1
"070_Group70" 1 1 1 1 1
"071_Group71" 1 1 1 1 1
"072_Group72" 1 1 1 1 1
"073_Group73" 1 1 1 1 1
"074_Group74" 1 1 1 1 1
"075_Group75" 1 1 1 1 1
"076_Group76" 1 1 1 1 1
"077_Group77" 1 1 1 1 1
"078_Group78" 1 1 1 1 1
"079_Group79" 1 1 1 1 1
"080_Group80" 1 1 1 1 1
"081_Group81" 1 1 1 1 1
"082_Group82" 1 1 1 1 1
"083_Group83" 1 1 1 1 1
"084_Group84" 1 1 1 1 1
"085_Group85" 1 1 1 1 1
"086_Group86" 1 1 1 1 1
"087_Group87" 1 1 1 1 1
"088_Group88" 1 1 1 1 1
"089_Group89" 1 1 1 1 1
"090_Group90" 1 1 1 1 1
"091_Group91" 1 1 1 1 1
"092_Group92" 1 1 1 1 1
"093_Group93" 1 1 1 1 1
"094_Group94" 1 1 1 1 1
"095_Group95" 1 1 1 1 1

"<<<<<< Number of Samples per Acquisition Interval [1unit=500values] >>>>>>"
Time[m] 2 4 6 8 10 
#Samples 2 2 2 2 2 

"<<<<<< Average Temperature [°C] >>>>>>"
Time[m] 2 4 6 8 10 
Temp[°C] 21.4 21.4 21.4 21.4 21.4 

"<<<<<< Well Activity >>>>>>"
Well Group/Time[m] 2 4 6 8 10
A1 "000_Group0" 11 5 6 5 9
B1 "001_Group1" 21 30 17 9 20
C1 "002_Group2" 41 31 23 25 21
D1 "003_Group3" 21 18 5 7 3
E1 "004_Group4" 14 5 14 10 18
F1 "005_Group5" 16 13 9 6 3
G1 "006_Group6" 19 20 1 10 0
H1 "007_Group7" 13 13 21 5 14
A2 "008_Group8" 7 14 6 1 3
B2 "009_Group9" 1 1 1 1 7
C2 "010_Group10" 7 10 10 8 5
D2 "011_Group11" 3 1 13 6 7
E2 "012_Group12" 0 1 7 8 9
F2 "013_Group13" 9 7 6 6 1
G2 "014_Group14" 3 9 6 8 9
H2 "015_Group15" 15 2 9 9 5
A3 "016_Group16" 2 4 15 2 4
B3 "017_Group17" 0 0 3 0 8
C3 "018_Group18" 7 0 0 1 4
D3 "019_Group19" 0 3 6 14 10
E3 "020_Group20" 0 0 15 4 16
F3 "021_Group21" 2 0 3 5 11
G3 "022_Group22" 7 16 15 17 6
H3 "023_Group23" 0 0 0 0 0
A4 "024_Group24" 13 7 16 16 13
B4 "025_Group25" 17 24 24 10 7
C4 "026_Group26" 16 12 6 8 11
D4 "027_Group27" 27 15 10 11 13
E4 "028_Group28" 23 15 12 11 4
F4 "029_Group29" 13 13 11 4 1
G4 "030_Group30" 5 17 10 19 4
H4 "031_Group31" 12 11 1 14 16
A5 "032_Group32" 11 20 17 1 19
B5 "033_Group33" 5 10 7 10 8
C5 "034_Group34" 12 8 3 1 1
D5 "035_Group35" 9 11 5 15 0
E5 "036_Group36" 20 10 8 3 0
F5 "037_Group37" 15 14 7 10 2
G5 "038_Group38" 12 4 0 1 0
H5 "039_Group39" 12 16 4 6 2
A6 "040_Group40" 28 13 12 3 1
B6 "041_Group41" 10 5 1 0 4
C6 "042_Group42" 5 6 3 0 8
D6 "043_Group43" 18 10 8 0 9
E6 "044_Group44" 6 0 1 4 2
F6 "045_Group45" 10 5 8 2 1
G6 "046_Group46" 17 11 8 4 1
H6 "047_Group47" 23 19 4 5 2
A7 "048_Group48" 3 3 0 0 0
B7 "049_Group49" 12 11 9 12 1
C7 "050_Group50" 0 2 8 2 3
D7 "051_Group51" 10 3 3 3 5
E7 "052_Group52" 11 7 7 6 4
F7 "053_Group53" 4 8 6 0 3
G7 "054_Group54" 11 7 10 9 11
H7 "055_Group55" 16 8 9 8 9
A8 "056_Group56" 0 0 1 8 5
B8 "057_Group57" 19 5 12 6 15
C8 "058_Group58" 0 0 0 8 8
D8 "059_Group59" 0 0 3 4 10
E8 "060_Group60" 0 7 12 3 2
F8 "061_Group61" 0 0 1 6 0
G8 "062_Group62" 0 0 5 8 1
H8 "063_Group63" 0 6 4 12 3
A9 "064_Group64" 13 28 10 25 4
B9 "065_Group65" 10 9 22 14 7
C9 "066_Group66" 17 26 24 19 25
D9 "067_Group67" 20 20 15 20 5
E9 "068_Group68" 19 5 6 3 5
F9 "069_Group69" 32 23 11 21 6
G9 "070_Group70" 15 17 7 11 11
H9 "071_Group71" 6 19 18 13 13
A10 "072_Group72" 0 3 3 1 4
B10 "073_Group73" 0 1 28 0 10
C10 "074_Group74" 0 1 2 5 7
D10 "075_Group75" 0 0 9 10 7
E10 "076_Group76" 0 4 7 7 9
F10 "077_Group77" 0 0 0 3 3
G10 "078_Group78" 0 0 0 3 10
H10 "079_Group79" 0 0 3 6 0
A11 "080_Group80" 26 25 21 4 8
B11 "081_Group81" 23 18 14 8 10
C11 "082_Group82" 11 12 13 1 3
D11 "083_Group83" 19 12 9 7 3
E11 "084_Group84" 13 22 13 5 6
F11 "085_Group85" 7 4 7 2 6
G11 "086_Group86" 8 12 11 3 3
H11 "087_Group87" 9 20 3 8 4
A12 "088_Group88" 14 7 2 10 3
B12 "089_Group89" 29 0 6 4 0
C12 "090_Group90" 5 0 5 7 0
D12 "091_Group91" 34 6 5 0 4
E12 "092_Group92" 9 13 2 3 9
F12 "093_Group93" 7 0 1 9 0
G12 "094_Group94" 15 3 1 0 1
H12 "095_Group95" 19 23 6 0 0

"<<<<<< Channel Activity >>>>>>"
Channel Well Group/Time[m] 2 4 6 8 10
CH0 A1.0 "000_Group0" 11 5 6 5 9
CH2 B1.0 "001_Group1" 21 30 17 9 20
CH4 C1.0 "002_Group2" 41 31 23 25 21
CH6 D1.0 "003_Group3" 21 18 5 7 3
CH8 E1.0 "004_Group4" 14 5 14 10 18
CH10 F1.0 "005_Group5" 16 13 9 6 3
CH12 G1.0 "006_Group6" 19 20 1 10 0
CH14 H1.0 "007_Group7" 13 13 21 5 14
CH32 A2.0 "008_Group8" 7 14 6 1 3
CH34 B2.0 "009_Group9" 1 1 1 1 7
CH36 C2.0 "010_Group10" 7 10 10 8 5
CH38 D2.0 "011_Group11" 3 1 13 6 7
CH40 E2.0 "012_Group12" 0 1 7 8 9
CH42 F2.0 "013_Group13" 9 7 6 6 1
CH44 G2.0 "014_Group14" 3 9 6 8 9
CH46 H2.0 "015_Group15" 15 2 9 9 5
CH64 A3.0 "016_Group16" 2 4 15 2 4
CH66 B3.0 "017_Group17" 0 0 3 0 8
CH68 C3.0 "018_Group18" 7 0 0 1 4
CH70 D3.0 "019_Group19" 0 3 6 14 10
CH72 E3.0 "020_Group20" 0 0 15 4 16
CH74 F3.0 "021_Group21" 2 0 3 5 11
CH76 G3.0 "022_Group22" 7 16 15 17 6
CH78 H3.0 "023_Group23" 0 0 0 0 0
CH96 A4.0 "024_Group24" 13 7 16 16 13
CH98 B4.0 "025_Group25" 17 24 24 10 7
CH100 C4.0 "026_Group26" 16 12 6 8 11
CH102 D4.0 "027_Group27" 27 15 10 11 13
CH104 E4.0 "028_Group28" 23 15 12 11 4
CH106 F4.0 "029_Group29" 13 13 11 4 1
CH108 G4.0 "030_Group30" 5 17 10 19 4
CH110 H4.0 "031_Group31" 12 11 1 14 16
CH128 A5.0 "032_Group32" 11 20 17 1 19
CH130 B5.0 "033_Group33" 5 10 7 10 8
CH132 C5.0 "034_Group34" 12 8 3 1 1
CH134 D5.0 "035_Group35" 9 11 5 15 0
CH136 E5.0 "036_Group36" 20 10 8 3 0
CH138 F5.0 "037_Group37" 15 14 7 10 2
CH140 G5.0 "038_Group38" 12 4 0 1 0
CH142 H5.0 "039_Group39" 12 16 4 6 2
CH160 A6.0 "040_Group40" 28 13 12 3 1
CH162 B6.0 "041_Group41" 10 5 1 0 4
CH164 C6.0 "042_Group42" 5 6 3 0 8
CH166 D6.0 "043_Group43" 18 10 8 0 9
CH168 E6.0 "044_Group44" 6 0 1 4 2
CH170 F6.0 "045_Group45" 10 5 8 2 1
CH172 G6.0 "046_Group46" 17 11 8 4 1
CH174 H6.0 "047_Group47" 23 19 4 5 2
CH192 A7.0 "048_Group48" 3 3 0 0 0
CH194 B7.0 "049_Group49" 12 11 9 12 1
CH196 C7.0 "050_Group50" 0 2 8 2 3
CH198 D7.0 "051_Group51" 10 3 3 3 5
CH200 E7.0 "052_Group52" 11 7 7 6 4
CH202 F7.0 "053_Group53" 4 8 6 0 3
CH204 G7.0 "054_Group54" 11 7 10 9 11
CH206 H7.0 "055_Group55" 16 8 9 8 9
CH224 A8.0 "056_Group56" 0 0 1 8 5
CH226 B8.0 "057_Group57" 19 5 12 6 15
CH228 C8.0 "058_Group58" 0 0 0 8 8
CH230 D8.0 "059_Group59" 0 0 3 4 10
CH232 E8.0 "060_Group60" 0 7 12 3 2
CH234 F8.0 "061_Group61" 0 0 1 6 0
CH236 G8.0 "062_Group62" 0 0 5 8 1
CH238 H8.0 "063_Group63" 0 6 4 12 3
CH256 A9.0 "064_Group64" 13 28 10 25 4
CH258 B9.0 "065_Group65" 10 9 22 14 7
CH260 C9.0 "066_Group66" 17 26 24 19 25
CH262 D9.0 "067_Group67" 20 20 15 20 5
CH264 E9.0 "068_Group68" 19 5 6 3 5
CH266 F9.0 "069_Group69" 32 23 11 21 6
CH268 G9.0 "070_Group70" 15 17 7 11 11
CH270 H9.0 "071_Group71" 6 19 18 13 13
CH288 A10.0 "072_Group72" 0 3 3 1 4
CH290 B10.0 "073_Group73" 0 1 28 0 10
CH292 C10.0 "074_Group74" 0 1 2 5 7
CH294 D10.0 "075_Group75" 0 0 9 10 7
CH296 E10.0 "076_Group76" 0 4 7 7 9
CH298 F10.0 "077_Group77" 0 0 0 3 3
CH300 G10.0 "078_Group78" 0 0 0 3 10
CH302 H10.0 "079_Group79" 0 0 3 6 0
CH320 A11.0 "080_Group80" 26 25 21 4 8
CH322 B11.0 "081_Group81" 23 18 14 8 10
CH324 C11.0 "082_Group82" 11 12 13 1 3
CH326 D11.0 "083_Group83" 19 12 9 7 3
CH328 E11.0 "084_Group84" 13 22 13 5 6
CH330 F11.0 "085_Group85" 7 4 7 2 6
CH332 G11.0 "086_Group86" 8 12 11 3 3
CH334 H11.0 "087_Group87" 9 20 3 8 4
CH352 A12.0 "088_Group88" 14 7 2 10 3
CH354 B12.0 "089_Group89" 29 0 6 4 0
CH356 C12.0 "090_Group90" 5 0 5 7 0
CH358 D12.0 "091_Group91" 34 6 5 0 4
CH360 E12.0 "092_Group92" 9 13 2 3 9
CH362 F12.0 "093_Group93" 7 0 1 9 0
CH364 G12.0 "094_Group94" 15 3 1 0 1
CH366 H12.0 "095_Group95" 19 23 6 0 0
