"DATE:" "2/27/2015 8:56:30 AM"
"FILE:" "C:\Users\AndersenLab\Desktop\wmicrotracker\p00011\20150227_0845"
"SUBPROJECT:" "20150227_Longevity_5_daf1"

"<<<<<< Group Activity: Average Activity Counts per Data Interval>>>>>>"
Group/Time[m] 2 4 6 8 10
"000_Group0" 12 11 13 17 9
"001_Group1" 13 22 15 12 13
"002_Group2" 21 5 8 8 4
"003_Group3" 44 24 3 6 3
"004_Group4" 40 33 24 12 10
"005_Group5" 8 10 11 10 7
"006_Group6" 29 22 19 15 9
"007_Group7" 18 8 15 18 7
"008_Group8" 0 4 2 6 13
"009_Group9" 2 7 2 2 11
"010_Group10" 0 2 2 8 2
"011_Group11" 8 9 6 3 6
"012_Group12" 6 12 10 10 5
"013_Group13" 0 5 2 2 0
"014_Group14" 0 10 19 6 1
"015_Group15" 11 12 7 3 10
"016_Group16" 14 0 2 5 6
"017_Group17" 2 5 6 5 2
"018_Group18" 6 0 16 0 25
"019_Group19" 14 9 10 12 9
"020_Group20" 0 1 15 7 6
"021_Group21" 2 1 11 5 1
"022_Group22" 23 11 12 13 9
"023_Group23" 0 0 0 0 0
"024_Group24" 15 18 20 3 10
"025_Group25" 19 20 7 12 11
"026_Group26" 13 7 12 9 11
"027_Group27" 32 28 12 15 7
"028_Group28" 17 19 13 5 7
"029_Group29" 24 17 10 9 20
"030_Group30" 15 10 13 9 7
"031_Group31" 25 27 12 8 8
"032_Group32" 23 8 5 4 5
"033_Group33" 21 13 11 12 5
"034_Group34" 13 20 18 3 13
"035_Group35" 18 7 16 5 7
"036_Group36" 12 9 15 8 4
"037_Group37" 13 15 7 11 10
"038_Group38" 10 6 11 7 4
"039_Group39" 15 8 1 19 6
"040_Group40" 11 11 15 5 11
"041_Group41" 13 7 5 7 2
"042_Group42" 6 8 4 10 8
"043_Group43" 19 7 11 7 1
"044_Group44" 15 9 7 5 6
"045_Group45" 9 7 7 6 18
"046_Group46" 12 11 7 7 7
"047_Group47" 31 15 10 4 7
"048_Group48" 39 19 11 6 9
"049_Group49" 14 11 7 10 8
"050_Group50" 8 13 15 11 5
"051_Group51" 13 14 10 19 12
"052_Group52" 8 7 11 9 1
"053_Group53" 21 12 9 6 6
"054_Group54" 17 17 11 6 8
"055_Group55" 27 9 13 13 12
"056_Group56" 0 1 6 12 6
"057_Group57" 12 1 4 14 2
"058_Group58" 3 0 0 0 10
"059_Group59" 9 16 16 7 8
"060_Group60" 10 20 8 8 7
"061_Group61" 9 9 10 15 7
"062_Group62" 2 3 7 11 12
"063_Group63" 17 13 11 13 3
"064_Group64" 16 17 13 12 5
"065_Group65" 13 18 20 8 16
"066_Group66" 32 20 13 8 15
"067_Group67" 2 22 26 24 14
"068_Group68" 26 13 9 6 9
"069_Group69" 22 20 10 12 4
"070_Group70" 13 34 8 10 6
"071_Group71" 14 10 9 5 14
"072_Group72" 1 0 3 6 9
"073_Group73" 0 0 0 0 4
"074_Group74" 0 5 7 7 13
"075_Group75" 0 2 14 11 0
"076_Group76" 0 24 10 8 6
"077_Group77" 1 0 2 2 7
"078_Group78" 1 13 6 8 10
"079_Group79" 4 10 1 5 10
"080_Group80" 32 24 17 14 12
"081_Group81" 25 20 13 13 8
"082_Group82" 16 26 14 8 7
"083_Group83" 10 16 14 17 14
"084_Group84" 40 31 16 15 14
"085_Group85" 27 37 13 6 4
"086_Group86" 25 12 13 8 13
"087_Group87" 25 17 24 20 11
"088_Group88" 16 9 5 6 2
"089_Group89" 14 9 5 3 10
"090_Group90" 19 16 7 11 3
"091_Group91" 9 10 12 8 8
"092_Group92" 10 8 10 4 9
"093_Group93" 38 14 20 15 9
"094_Group94" 14 7 13 8 8
"095_Group95" 9 13 10 11 9

"<<<<<< Group Activity: Number of wells/group >>>>>>"
Group/Time[m] 2 4 6 8 10
"000_Group0" 1 1 1 1 1
"001_Group1" 1 1 1 1 1
"002_Group2" 1 1 1 1 1
"003_Group3" 1 1 1 1 1
"004_Group4" 1 1 1 1 1
"005_Group5" 1 1 1 1 1
"006_Group6" 1 1 1 1 1
"007_Group7" 1 1 1 1 1
"008_Group8" 1 1 1 1 1
"009_Group9" 1 1 1 1 1
"010_Group10" 1 1 1 1 1
"011_Group11" 1 1 1 1 1
"012_Group12" 1 1 1 1 1
"013_Group13" 1 1 1 1 1
"014_Group14" 1 1 1 1 1
"015_Group15" 1 1 1 1 1
"016_Group16" 1 1 1 1 1
"017_Group17" 1 1 1 1 1
"018_Group18" 1 1 1 1 1
"019_Group19" 1 1 1 1 1
"020_Group20" 1 1 1 1 1
"021_Group21" 1 1 1 1 1
"022_Group22" 1 1 1 1 1
"023_Group23" 1 1 1 1 1
"024_Group24" 1 1 1 1 1
"025_Group25" 1 1 1 1 1
"026_Group26" 1 1 1 1 1
"027_Group27" 1 1 1 1 1
"028_Group28" 1 1 1 1 1
"029_Group29" 1 1 1 1 1
"030_Group30" 1 1 1 1 1
"031_Group31" 1 1 1 1 1
"032_Group32" 1 1 1 1 1
"033_Group33" 1 1 1 1 1
"034_Group34" 1 1 1 1 1
"035_Group35" 1 1 1 1 1
"036_Group36" 1 1 1 1 1
"037_Group37" 1 1 1 1 1
"038_Group38" 1 1 1 1 1
"039_Group39" 1 1 1 1 1
"040_Group40" 1 1 1 1 1
"041_Group41" 1 1 1 1 1
"042_Group42" 1 1 1 1 1
"043_Group43" 1 1 1 1 1
"044_Group44" 1 1 1 1 1
"045_Group45" 1 1 1 1 1
"046_Group46" 1 1 1 1 1
"047_Group47" 1 1 1 1 1
"048_Group48" 1 1 1 1 1
"049_Group49" 1 1 1 1 1
"050_Group50" 1 1 1 1 1
"051_Group51" 1 1 1 1 1
"052_Group52" 1 1 1 1 1
"053_Group53" 1 1 1 1 1
"054_Group54" 1 1 1 1 1
"055_Group55" 1 1 1 1 1
"056_Group56" 1 1 1 1 1
"057_Group57" 1 1 1 1 1
"058_Group58" 1 1 1 1 1
"059_Group59" 1 1 1 1 1
"060_Group60" 1 1 1 1 1
"061_Group61" 1 1 1 1 1
"062_Group62" 1 1 1 1 1
"063_Group63" 1 1 1 1 1
"064_Group64" 1 1 1 1 1
"065_Group65" 1 1 1 1 1
"066_Group66" 1 1 1 1 1
"067_Group67" 1 1 1 1 1
"068_Group68" 1 1 1 1 1
"069_Group69" 1 1 1 1 1
"070_Group70" 1 1 1 1 1
"071_Group71" 1 1 1 1 1
"072_Group72" 1 1 1 1 1
"073_Group73" 1 1 1 1 1
"074_Group74" 1 1 1 1 1
"075_Group75" 1 1 1 1 1
"076_Group76" 1 1 1 1 1
"077_Group77" 1 1 1 1 1
"078_Group78" 1 1 1 1 1
"079_Group79" 1 1 1 1 1
"080_Group80" 1 1 1 1 1
"081_Group81" 1 1 1 1 1
"082_Group82" 1 1 1 1 1
"083_Group83" 1 1 1 1 1
"084_Group84" 1 1 1 1 1
"085_Group85" 1 1 1 1 1
"086_Group86" 1 1 1 1 1
"087_Group87" 1 1 1 1 1
"088_Group88" 1 1 1 1 1
"089_Group89" 1 1 1 1 1
"090_Group90" 1 1 1 1 1
"091_Group91" 1 1 1 1 1
"092_Group92" 1 1 1 1 1
"093_Group93" 1 1 1 1 1
"094_Group94" 1 1 1 1 1
"095_Group95" 1 1 1 1 1

"<<<<<< Number of Samples per Acquisition Interval [1unit=500values] >>>>>>"
Time[m] 2 4 6 8 10 
#Samples 2 2 2 2 2 

"<<<<<< Average Temperature [°C] >>>>>>"
Time[m] 2 4 6 8 10 
Temp[°C] 20.7 20.7 20.8 20.8 20.9 

"<<<<<< Well Activity >>>>>>"
Well Group/Time[m] 2 4 6 8 10
A1 "000_Group0" 12 11 13 17 9
B1 "001_Group1" 13 22 15 12 13
C1 "002_Group2" 21 5 8 8 4
D1 "003_Group3" 44 24 3 6 3
E1 "004_Group4" 40 33 24 12 10
F1 "005_Group5" 8 10 11 10 7
G1 "006_Group6" 29 22 19 15 9
H1 "007_Group7" 18 8 15 18 7
A2 "008_Group8" 0 4 2 6 13
B2 "009_Group9" 2 7 2 2 11
C2 "010_Group10" 0 2 2 8 2
D2 "011_Group11" 8 9 6 3 6
E2 "012_Group12" 6 12 10 10 5
F2 "013_Group13" 0 5 2 2 0
G2 "014_Group14" 0 10 19 6 1
H2 "015_Group15" 11 12 7 3 10
A3 "016_Group16" 14 0 2 5 6
B3 "017_Group17" 2 5 6 5 2
C3 "018_Group18" 6 0 16 0 25
D3 "019_Group19" 14 9 10 12 9
E3 "020_Group20" 0 1 15 7 6
F3 "021_Group21" 2 1 11 5 1
G3 "022_Group22" 23 11 12 13 9
H3 "023_Group23" 0 0 0 0 0
A4 "024_Group24" 15 18 20 3 10
B4 "025_Group25" 19 20 7 12 11
C4 "026_Group26" 13 7 12 9 11
D4 "027_Group27" 32 28 12 15 7
E4 "028_Group28" 17 19 13 5 7
F4 "029_Group29" 24 17 10 9 20
G4 "030_Group30" 15 10 13 9 7
H4 "031_Group31" 25 27 12 8 8
A5 "032_Group32" 23 8 5 4 5
B5 "033_Group33" 21 13 11 12 5
C5 "034_Group34" 13 20 18 3 13
D5 "035_Group35" 18 7 16 5 7
E5 "036_Group36" 12 9 15 8 4
F5 "037_Group37" 13 15 7 11 10
G5 "038_Group38" 10 6 11 7 4
H5 "039_Group39" 15 8 1 19 6
A6 "040_Group40" 11 11 15 5 11
B6 "041_Group41" 13 7 5 7 2
C6 "042_Group42" 6 8 4 10 8
D6 "043_Group43" 19 7 11 7 1
E6 "044_Group44" 15 9 7 5 6
F6 "045_Group45" 9 7 7 6 18
G6 "046_Group46" 12 11 7 7 7
H6 "047_Group47" 31 15 10 4 7
A7 "048_Group48" 39 19 11 6 9
B7 "049_Group49" 14 11 7 10 8
C7 "050_Group50" 8 13 15 11 5
D7 "051_Group51" 13 14 10 19 12
E7 "052_Group52" 8 7 11 9 1
F7 "053_Group53" 21 12 9 6 6
G7 "054_Group54" 17 17 11 6 8
H7 "055_Group55" 27 9 13 13 12
A8 "056_Group56" 0 1 6 12 6
B8 "057_Group57" 12 1 4 14 2
C8 "058_Group58" 3 0 0 0 10
D8 "059_Group59" 9 16 16 7 8
E8 "060_Group60" 10 20 8 8 7
F8 "061_Group61" 9 9 10 15 7
G8 "062_Group62" 2 3 7 11 12
H8 "063_Group63" 17 13 11 13 3
A9 "064_Group64" 16 17 13 12 5
B9 "065_Group65" 13 18 20 8 16
C9 "066_Group66" 32 20 13 8 15
D9 "067_Group67" 2 22 26 24 14
E9 "068_Group68" 26 13 9 6 9
F9 "069_Group69" 22 20 10 12 4
G9 "070_Group70" 13 34 8 10 6
H9 "071_Group71" 14 10 9 5 14
A10 "072_Group72" 1 0 3 6 9
B10 "073_Group73" 0 0 0 0 4
C10 "074_Group74" 0 5 7 7 13
D10 "075_Group75" 0 2 14 11 0
E10 "076_Group76" 0 24 10 8 6
F10 "077_Group77" 1 0 2 2 7
G10 "078_Group78" 1 13 6 8 10
H10 "079_Group79" 4 10 1 5 10
A11 "080_Group80" 32 24 17 14 12
B11 "081_Group81" 25 20 13 13 8
C11 "082_Group82" 16 26 14 8 7
D11 "083_Group83" 10 16 14 17 14
E11 "084_Group84" 40 31 16 15 14
F11 "085_Group85" 27 37 13 6 4
G11 "086_Group86" 25 12 13 8 13
H11 "087_Group87" 25 17 24 20 11
A12 "088_Group88" 16 9 5 6 2
B12 "089_Group89" 14 9 5 3 10
C12 "090_Group90" 19 16 7 11 3
D12 "091_Group91" 9 10 12 8 8
E12 "092_Group92" 10 8 10 4 9
F12 "093_Group93" 38 14 20 15 9
G12 "094_Group94" 14 7 13 8 8
H12 "095_Group95" 9 13 10 11 9

"<<<<<< Channel Activity >>>>>>"
Channel Well Group/Time[m] 2 4 6 8 10
CH0 A1.0 "000_Group0" 12 11 13 17 9
CH2 B1.0 "001_Group1" 13 22 15 12 13
CH4 C1.0 "002_Group2" 21 5 8 8 4
CH6 D1.0 "003_Group3" 44 24 3 6 3
CH8 E1.0 "004_Group4" 40 33 24 12 10
CH10 F1.0 "005_Group5" 8 10 11 10 7
CH12 G1.0 "006_Group6" 29 22 19 15 9
CH14 H1.0 "007_Group7" 18 8 15 18 7
CH32 A2.0 "008_Group8" 0 4 2 6 13
CH34 B2.0 "009_Group9" 2 7 2 2 11
CH36 C2.0 "010_Group10" 0 2 2 8 2
CH38 D2.0 "011_Group11" 8 9 6 3 6
CH40 E2.0 "012_Group12" 6 12 10 10 5
CH42 F2.0 "013_Group13" 0 5 2 2 0
CH44 G2.0 "014_Group14" 0 10 19 6 1
CH46 H2.0 "015_Group15" 11 12 7 3 10
CH64 A3.0 "016_Group16" 14 0 2 5 6
CH66 B3.0 "017_Group17" 2 5 6 5 2
CH68 C3.0 "018_Group18" 6 0 16 0 25
CH70 D3.0 "019_Group19" 14 9 10 12 9
CH72 E3.0 "020_Group20" 0 1 15 7 6
CH74 F3.0 "021_Group21" 2 1 11 5 1
CH76 G3.0 "022_Group22" 23 11 12 13 9
CH78 H3.0 "023_Group23" 0 0 0 0 0
CH96 A4.0 "024_Group24" 15 18 20 3 10
CH98 B4.0 "025_Group25" 19 20 7 12 11
CH100 C4.0 "026_Group26" 13 7 12 9 11
CH102 D4.0 "027_Group27" 32 28 12 15 7
CH104 E4.0 "028_Group28" 17 19 13 5 7
CH106 F4.0 "029_Group29" 24 17 10 9 20
CH108 G4.0 "030_Group30" 15 10 13 9 7
CH110 H4.0 "031_Group31" 25 27 12 8 8
CH128 A5.0 "032_Group32" 23 8 5 4 5
CH130 B5.0 "033_Group33" 21 13 11 12 5
CH132 C5.0 "034_Group34" 13 20 18 3 13
CH134 D5.0 "035_Group35" 18 7 16 5 7
CH136 E5.0 "036_Group36" 12 9 15 8 4
CH138 F5.0 "037_Group37" 13 15 7 11 10
CH140 G5.0 "038_Group38" 10 6 11 7 4
CH142 H5.0 "039_Group39" 15 8 1 19 6
CH160 A6.0 "040_Group40" 11 11 15 5 11
CH162 B6.0 "041_Group41" 13 7 5 7 2
CH164 C6.0 "042_Group42" 6 8 4 10 8
CH166 D6.0 "043_Group43" 19 7 11 7 1
CH168 E6.0 "044_Group44" 15 9 7 5 6
CH170 F6.0 "045_Group45" 9 7 7 6 18
CH172 G6.0 "046_Group46" 12 11 7 7 7
CH174 H6.0 "047_Group47" 31 15 10 4 7
CH192 A7.0 "048_Group48" 39 19 11 6 9
CH194 B7.0 "049_Group49" 14 11 7 10 8
CH196 C7.0 "050_Group50" 8 13 15 11 5
CH198 D7.0 "051_Group51" 13 14 10 19 12
CH200 E7.0 "052_Group52" 8 7 11 9 1
CH202 F7.0 "053_Group53" 21 12 9 6 6
CH204 G7.0 "054_Group54" 17 17 11 6 8
CH206 H7.0 "055_Group55" 27 9 13 13 12
CH224 A8.0 "056_Group56" 0 1 6 12 6
CH226 B8.0 "057_Group57" 12 1 4 14 2
CH228 C8.0 "058_Group58" 3 0 0 0 10
CH230 D8.0 "059_Group59" 9 16 16 7 8
CH232 E8.0 "060_Group60" 10 20 8 8 7
CH234 F8.0 "061_Group61" 9 9 10 15 7
CH236 G8.0 "062_Group62" 2 3 7 11 12
CH238 H8.0 "063_Group63" 17 13 11 13 3
CH256 A9.0 "064_Group64" 16 17 13 12 5
CH258 B9.0 "065_Group65" 13 18 20 8 16
CH260 C9.0 "066_Group66" 32 20 13 8 15
CH262 D9.0 "067_Group67" 2 22 26 24 14
CH264 E9.0 "068_Group68" 26 13 9 6 9
CH266 F9.0 "069_Group69" 22 20 10 12 4
CH268 G9.0 "070_Group70" 13 34 8 10 6
CH270 H9.0 "071_Group71" 14 10 9 5 14
CH288 A10.0 "072_Group72" 1 0 3 6 9
CH290 B10.0 "073_Group73" 0 0 0 0 4
CH292 C10.0 "074_Group74" 0 5 7 7 13
CH294 D10.0 "075_Group75" 0 2 14 11 0
CH296 E10.0 "076_Group76" 0 24 10 8 6
CH298 F10.0 "077_Group77" 1 0 2 2 7
CH300 G10.0 "078_Group78" 1 13 6 8 10
CH302 H10.0 "079_Group79" 4 10 1 5 10
CH320 A11.0 "080_Group80" 32 24 17 14 12
CH322 B11.0 "081_Group81" 25 20 13 13 8
CH324 C11.0 "082_Group82" 16 26 14 8 7
CH326 D11.0 "083_Group83" 10 16 14 17 14
CH328 E11.0 "084_Group84" 40 31 16 15 14
CH330 F11.0 "085_Group85" 27 37 13 6 4
CH332 G11.0 "086_Group86" 25 12 13 8 13
CH334 H11.0 "087_Group87" 25 17 24 20 11
CH352 A12.0 "088_Group88" 16 9 5 6 2
CH354 B12.0 "089_Group89" 14 9 5 3 10
CH356 C12.0 "090_Group90" 19 16 7 11 3
CH358 D12.0 "091_Group91" 9 10 12 8 8
CH360 E12.0 "092_Group92" 10 8 10 4 9
CH362 F12.0 "093_Group93" 38 14 20 15 9
CH364 G12.0 "094_Group94" 14 7 13 8 8
CH366 H12.0 "095_Group95" 9 13 10 11 9
