"DATE:" "2/22/2015 9:06:41 AM"
"FILE:" "C:\Users\AndersenLab\Desktop\wmicrotracker\p00011\20150222_0855"
"SUBPROJECT:" "20150222_Longevity_5_daf1"

"<<<<<< Group Activity: Average Activity Counts per Data Interval>>>>>>"
Group/Time[m] 2 4 6 8 10
"000_Group0" 21 21 16 13 20
"001_Group1" 23 17 20 14 8
"002_Group2" 22 8 11 10 15
"003_Group3" 23 16 21 13 20
"004_Group4" 23 10 13 13 10
"005_Group5" 17 39 27 11 7
"006_Group6" 19 18 20 11 20
"007_Group7" 26 23 16 22 14
"008_Group8" 8 13 17 7 9
"009_Group9" 8 4 8 7 15
"010_Group10" 2 0 6 4 20
"011_Group11" 11 7 9 10 13
"012_Group12" 30 13 7 14 21
"013_Group13" 14 9 6 15 33
"014_Group14" 12 17 27 21 6
"015_Group15" 30 12 16 15 14
"016_Group16" 23 25 18 12 24
"017_Group17" 4 0 5 11 7
"018_Group18" 23 17 19 32 22
"019_Group19" 16 1 6 9 12
"020_Group20" 15 11 8 19 17
"021_Group21" 7 19 7 0 5
"022_Group22" 28 24 14 12 23
"023_Group23" 25 14 19 16 29
"024_Group24" 9 9 15 13 11
"025_Group25" 15 12 22 17 12
"026_Group26" 8 23 11 13 15
"027_Group27" 17 16 12 8 10
"028_Group28" 26 24 10 12 14
"029_Group29" 31 37 22 19 23
"030_Group30" 37 25 15 13 9
"031_Group31" 21 25 23 21 17
"032_Group32" 31 14 23 14 6
"033_Group33" 6 14 15 25 20
"034_Group34" 18 11 27 12 11
"035_Group35" 26 15 20 14 8
"036_Group36" 28 11 13 10 16
"037_Group37" 17 19 24 14 15
"038_Group38" 30 22 13 11 23
"039_Group39" 14 24 12 15 11
"040_Group40" 10 28 11 11 17
"041_Group41" 14 10 11 9 8
"042_Group42" 25 14 16 8 11
"043_Group43" 12 11 10 11 9
"044_Group44" 20 13 14 16 13
"045_Group45" 16 20 12 14 9
"046_Group46" 13 19 13 12 17
"047_Group47" 18 14 20 17 14
"048_Group48" 19 16 13 17 11
"049_Group49" 1 17 20 9 11
"050_Group50" 29 13 20 18 20
"051_Group51" 21 13 7 5 11
"052_Group52" 13 20 13 7 12
"053_Group53" 18 15 16 9 13
"054_Group54" 23 17 14 20 13
"055_Group55" 20 14 14 19 16
"056_Group56" 25 15 15 6 6
"057_Group57" 2 9 11 4 28
"058_Group58" 4 4 16 23 34
"059_Group59" 6 5 10 11 4
"060_Group60" 25 11 7 11 17
"061_Group61" 21 9 9 7 1
"062_Group62" 11 18 19 20 16
"063_Group63" 3 10 20 17 9
"064_Group64" 22 11 17 15 13
"065_Group65" 20 24 24 24 23
"066_Group66" 24 26 13 17 16
"067_Group67" 13 19 29 22 10
"068_Group68" 13 15 17 13 17
"069_Group69" 15 12 10 11 10
"070_Group70" 14 20 16 24 18
"071_Group71" 25 14 16 19 9
"072_Group72" 11 16 6 11 4
"073_Group73" 5 8 2 5 6
"074_Group74" 9 18 4 7 5
"075_Group75" 24 27 10 13 33
"076_Group76" 8 6 0 2 10
"077_Group77" 6 7 11 5 4
"078_Group78" 5 4 15 28 7
"079_Group79" 38 20 24 13 21
"080_Group80" 20 13 12 10 17
"081_Group81" 39 13 13 13 9
"082_Group82" 15 22 14 17 23
"083_Group83" 19 20 12 16 20
"084_Group84" 22 15 16 13 20
"085_Group85" 14 12 26 21 18
"086_Group86" 15 25 20 11 16
"087_Group87" 19 34 19 11 8
"088_Group88" 15 14 13 10 5
"089_Group89" 14 24 18 13 17
"090_Group90" 29 18 14 19 11
"091_Group91" 18 16 20 16 18
"092_Group92" 20 12 13 11 14
"093_Group93" 29 25 20 11 15
"094_Group94" 12 11 15 18 10
"095_Group95" 27 15 15 18 9

"<<<<<< Group Activity: Number of wells/group >>>>>>"
Group/Time[m] 2 4 6 8 10
"000_Group0" 1 1 1 1 1
"001_Group1" 1 1 1 1 1
"002_Group2" 1 1 1 1 1
"003_Group3" 1 1 1 1 1
"004_Group4" 1 1 1 1 1
"005_Group5" 1 1 1 1 1
"006_Group6" 1 1 1 1 1
"007_Group7" 1 1 1 1 1
"008_Group8" 1 1 1 1 1
"009_Group9" 1 1 1 1 1
"010_Group10" 1 1 1 1 1
"011_Group11" 1 1 1 1 1
"012_Group12" 1 1 1 1 1
"013_Group13" 1 1 1 1 1
"014_Group14" 1 1 1 1 1
"015_Group15" 1 1 1 1 1
"016_Group16" 1 1 1 1 1
"017_Group17" 1 1 1 1 1
"018_Group18" 1 1 1 1 1
"019_Group19" 1 1 1 1 1
"020_Group20" 1 1 1 1 1
"021_Group21" 1 1 1 1 1
"022_Group22" 1 1 1 1 1
"023_Group23" 1 1 1 1 1
"024_Group24" 1 1 1 1 1
"025_Group25" 1 1 1 1 1
"026_Group26" 1 1 1 1 1
"027_Group27" 1 1 1 1 1
"028_Group28" 1 1 1 1 1
"029_Group29" 1 1 1 1 1
"030_Group30" 1 1 1 1 1
"031_Group31" 1 1 1 1 1
"032_Group32" 1 1 1 1 1
"033_Group33" 1 1 1 1 1
"034_Group34" 1 1 1 1 1
"035_Group35" 1 1 1 1 1
"036_Group36" 1 1 1 1 1
"037_Group37" 1 1 1 1 1
"038_Group38" 1 1 1 1 1
"039_Group39" 1 1 1 1 1
"040_Group40" 1 1 1 1 1
"041_Group41" 1 1 1 1 1
"042_Group42" 1 1 1 1 1
"043_Group43" 1 1 1 1 1
"044_Group44" 1 1 1 1 1
"045_Group45" 1 1 1 1 1
"046_Group46" 1 1 1 1 1
"047_Group47" 1 1 1 1 1
"048_Group48" 1 1 1 1 1
"049_Group49" 1 1 1 1 1
"050_Group50" 1 1 1 1 1
"051_Group51" 1 1 1 1 1
"052_Group52" 1 1 1 1 1
"053_Group53" 1 1 1 1 1
"054_Group54" 1 1 1 1 1
"055_Group55" 1 1 1 1 1
"056_Group56" 1 1 1 1 1
"057_Group57" 1 1 1 1 1
"058_Group58" 1 1 1 1 1
"059_Group59" 1 1 1 1 1
"060_Group60" 1 1 1 1 1
"061_Group61" 1 1 1 1 1
"062_Group62" 1 1 1 1 1
"063_Group63" 1 1 1 1 1
"064_Group64" 1 1 1 1 1
"065_Group65" 1 1 1 1 1
"066_Group66" 1 1 1 1 1
"067_Group67" 1 1 1 1 1
"068_Group68" 1 1 1 1 1
"069_Group69" 1 1 1 1 1
"070_Group70" 1 1 1 1 1
"071_Group71" 1 1 1 1 1
"072_Group72" 1 1 1 1 1
"073_Group73" 1 1 1 1 1
"074_Group74" 1 1 1 1 1
"075_Group75" 1 1 1 1 1
"076_Group76" 1 1 1 1 1
"077_Group77" 1 1 1 1 1
"078_Group78" 1 1 1 1 1
"079_Group79" 1 1 1 1 1
"080_Group80" 1 1 1 1 1
"081_Group81" 1 1 1 1 1
"082_Group82" 1 1 1 1 1
"083_Group83" 1 1 1 1 1
"084_Group84" 1 1 1 1 1
"085_Group85" 1 1 1 1 1
"086_Group86" 1 1 1 1 1
"087_Group87" 1 1 1 1 1
"088_Group88" 1 1 1 1 1
"089_Group89" 1 1 1 1 1
"090_Group90" 1 1 1 1 1
"091_Group91" 1 1 1 1 1
"092_Group92" 1 1 1 1 1
"093_Group93" 1 1 1 1 1
"094_Group94" 1 1 1 1 1
"095_Group95" 1 1 1 1 1

"<<<<<< Number of Samples per Acquisition Interval [1unit=500values] >>>>>>"
Time[m] 2 4 6 8 10 
#Samples 2 2 2 2 2 

"<<<<<< Average Temperature [°C] >>>>>>"
Time[m] 2 4 6 8 10 
Temp[°C] 21.0 21.1 21.1 21.1 21.1 

"<<<<<< Well Activity >>>>>>"
Well Group/Time[m] 2 4 6 8 10
A1 "000_Group0" 21 21 16 13 20
B1 "001_Group1" 23 17 20 14 8
C1 "002_Group2" 22 8 11 10 15
D1 "003_Group3" 23 16 21 13 20
E1 "004_Group4" 23 10 13 13 10
F1 "005_Group5" 17 39 27 11 7
G1 "006_Group6" 19 18 20 11 20
H1 "007_Group7" 26 23 16 22 14
A2 "008_Group8" 8 13 17 7 9
B2 "009_Group9" 8 4 8 7 15
C2 "010_Group10" 2 0 6 4 20
D2 "011_Group11" 11 7 9 10 13
E2 "012_Group12" 30 13 7 14 21
F2 "013_Group13" 14 9 6 15 33
G2 "014_Group14" 12 17 27 21 6
H2 "015_Group15" 30 12 16 15 14
A3 "016_Group16" 23 25 18 12 24
B3 "017_Group17" 4 0 5 11 7
C3 "018_Group18" 23 17 19 32 22
D3 "019_Group19" 16 1 6 9 12
E3 "020_Group20" 15 11 8 19 17
F3 "021_Group21" 7 19 7 0 5
G3 "022_Group22" 28 24 14 12 23
H3 "023_Group23" 25 14 19 16 29
A4 "024_Group24" 9 9 15 13 11
B4 "025_Group25" 15 12 22 17 12
C4 "026_Group26" 8 23 11 13 15
D4 "027_Group27" 17 16 12 8 10
E4 "028_Group28" 26 24 10 12 14
F4 "029_Group29" 31 37 22 19 23
G4 "030_Group30" 37 25 15 13 9
H4 "031_Group31" 21 25 23 21 17
A5 "032_Group32" 31 14 23 14 6
B5 "033_Group33" 6 14 15 25 20
C5 "034_Group34" 18 11 27 12 11
D5 "035_Group35" 26 15 20 14 8
E5 "036_Group36" 28 11 13 10 16
F5 "037_Group37" 17 19 24 14 15
G5 "038_Group38" 30 22 13 11 23
H5 "039_Group39" 14 24 12 15 11
A6 "040_Group40" 10 28 11 11 17
B6 "041_Group41" 14 10 11 9 8
C6 "042_Group42" 25 14 16 8 11
D6 "043_Group43" 12 11 10 11 9
E6 "044_Group44" 20 13 14 16 13
F6 "045_Group45" 16 20 12 14 9
G6 "046_Group46" 13 19 13 12 17
H6 "047_Group47" 18 14 20 17 14
A7 "048_Group48" 19 16 13 17 11
B7 "049_Group49" 1 17 20 9 11
C7 "050_Group50" 29 13 20 18 20
D7 "051_Group51" 21 13 7 5 11
E7 "052_Group52" 13 20 13 7 12
F7 "053_Group53" 18 15 16 9 13
G7 "054_Group54" 23 17 14 20 13
H7 "055_Group55" 20 14 14 19 16
A8 "056_Group56" 25 15 15 6 6
B8 "057_Group57" 2 9 11 4 28
C8 "058_Group58" 4 4 16 23 34
D8 "059_Group59" 6 5 10 11 4
E8 "060_Group60" 25 11 7 11 17
F8 "061_Group61" 21 9 9 7 1
G8 "062_Group62" 11 18 19 20 16
H8 "063_Group63" 3 10 20 17 9
A9 "064_Group64" 22 11 17 15 13
B9 "065_Group65" 20 24 24 24 23
C9 "066_Group66" 24 26 13 17 16
D9 "067_Group67" 13 19 29 22 10
E9 "068_Group68" 13 15 17 13 17
F9 "069_Group69" 15 12 10 11 10
G9 "070_Group70" 14 20 16 24 18
H9 "071_Group71" 25 14 16 19 9
A10 "072_Group72" 11 16 6 11 4
B10 "073_Group73" 5 8 2 5 6
C10 "074_Group74" 9 18 4 7 5
D10 "075_Group75" 24 27 10 13 33
E10 "076_Group76" 8 6 0 2 10
F10 "077_Group77" 6 7 11 5 4
G10 "078_Group78" 5 4 15 28 7
H10 "079_Group79" 38 20 24 13 21
A11 "080_Group80" 20 13 12 10 17
B11 "081_Group81" 39 13 13 13 9
C11 "082_Group82" 15 22 14 17 23
D11 "083_Group83" 19 20 12 16 20
E11 "084_Group84" 22 15 16 13 20
F11 "085_Group85" 14 12 26 21 18
G11 "086_Group86" 15 25 20 11 16
H11 "087_Group87" 19 34 19 11 8
A12 "088_Group88" 15 14 13 10 5
B12 "089_Group89" 14 24 18 13 17
C12 "090_Group90" 29 18 14 19 11
D12 "091_Group91" 18 16 20 16 18
E12 "092_Group92" 20 12 13 11 14
F12 "093_Group93" 29 25 20 11 15
G12 "094_Group94" 12 11 15 18 10
H12 "095_Group95" 27 15 15 18 9

"<<<<<< Channel Activity >>>>>>"
Channel Well Group/Time[m] 2 4 6 8 10
CH0 A1.0 "000_Group0" 21 21 16 13 20
CH2 B1.0 "001_Group1" 23 17 20 14 8
CH4 C1.0 "002_Group2" 22 8 11 10 15
CH6 D1.0 "003_Group3" 23 16 21 13 20
CH8 E1.0 "004_Group4" 23 10 13 13 10
CH10 F1.0 "005_Group5" 17 39 27 11 7
CH12 G1.0 "006_Group6" 19 18 20 11 20
CH14 H1.0 "007_Group7" 26 23 16 22 14
CH32 A2.0 "008_Group8" 8 13 17 7 9
CH34 B2.0 "009_Group9" 8 4 8 7 15
CH36 C2.0 "010_Group10" 2 0 6 4 20
CH38 D2.0 "011_Group11" 11 7 9 10 13
CH40 E2.0 "012_Group12" 30 13 7 14 21
CH42 F2.0 "013_Group13" 14 9 6 15 33
CH44 G2.0 "014_Group14" 12 17 27 21 6
CH46 H2.0 "015_Group15" 30 12 16 15 14
CH64 A3.0 "016_Group16" 23 25 18 12 24
CH66 B3.0 "017_Group17" 4 0 5 11 7
CH68 C3.0 "018_Group18" 23 17 19 32 22
CH70 D3.0 "019_Group19" 16 1 6 9 12
CH72 E3.0 "020_Group20" 15 11 8 19 17
CH74 F3.0 "021_Group21" 7 19 7 0 5
CH76 G3.0 "022_Group22" 28 24 14 12 23
CH78 H3.0 "023_Group23" 25 14 19 16 29
CH96 A4.0 "024_Group24" 9 9 15 13 11
CH98 B4.0 "025_Group25" 15 12 22 17 12
CH100 C4.0 "026_Group26" 8 23 11 13 15
CH102 D4.0 "027_Group27" 17 16 12 8 10
CH104 E4.0 "028_Group28" 26 24 10 12 14
CH106 F4.0 "029_Group29" 31 37 22 19 23
CH108 G4.0 "030_Group30" 37 25 15 13 9
CH110 H4.0 "031_Group31" 21 25 23 21 17
CH128 A5.0 "032_Group32" 31 14 23 14 6
CH130 B5.0 "033_Group33" 6 14 15 25 20
CH132 C5.0 "034_Group34" 18 11 27 12 11
CH134 D5.0 "035_Group35" 26 15 20 14 8
CH136 E5.0 "036_Group36" 28 11 13 10 16
CH138 F5.0 "037_Group37" 17 19 24 14 15
CH140 G5.0 "038_Group38" 30 22 13 11 23
CH142 H5.0 "039_Group39" 14 24 12 15 11
CH160 A6.0 "040_Group40" 10 28 11 11 17
CH162 B6.0 "041_Group41" 14 10 11 9 8
CH164 C6.0 "042_Group42" 25 14 16 8 11
CH166 D6.0 "043_Group43" 12 11 10 11 9
CH168 E6.0 "044_Group44" 20 13 14 16 13
CH170 F6.0 "045_Group45" 16 20 12 14 9
CH172 G6.0 "046_Group46" 13 19 13 12 17
CH174 H6.0 "047_Group47" 18 14 20 17 14
CH192 A7.0 "048_Group48" 19 16 13 17 11
CH194 B7.0 "049_Group49" 1 17 20 9 11
CH196 C7.0 "050_Group50" 29 13 20 18 20
CH198 D7.0 "051_Group51" 21 13 7 5 11
CH200 E7.0 "052_Group52" 13 20 13 7 12
CH202 F7.0 "053_Group53" 18 15 16 9 13
CH204 G7.0 "054_Group54" 23 17 14 20 13
CH206 H7.0 "055_Group55" 20 14 14 19 16
CH224 A8.0 "056_Group56" 25 15 15 6 6
CH226 B8.0 "057_Group57" 2 9 11 4 28
CH228 C8.0 "058_Group58" 4 4 16 23 34
CH230 D8.0 "059_Group59" 6 5 10 11 4
CH232 E8.0 "060_Group60" 25 11 7 11 17
CH234 F8.0 "061_Group61" 21 9 9 7 1
CH236 G8.0 "062_Group62" 11 18 19 20 16
CH238 H8.0 "063_Group63" 3 10 20 17 9
CH256 A9.0 "064_Group64" 22 11 17 15 13
CH258 B9.0 "065_Group65" 20 24 24 24 23
CH260 C9.0 "066_Group66" 24 26 13 17 16
CH262 D9.0 "067_Group67" 13 19 29 22 10
CH264 E9.0 "068_Group68" 13 15 17 13 17
CH266 F9.0 "069_Group69" 15 12 10 11 10
CH268 G9.0 "070_Group70" 14 20 16 24 18
CH270 H9.0 "071_Group71" 25 14 16 19 9
CH288 A10.0 "072_Group72" 11 16 6 11 4
CH290 B10.0 "073_Group73" 5 8 2 5 6
CH292 C10.0 "074_Group74" 9 18 4 7 5
CH294 D10.0 "075_Group75" 24 27 10 13 33
CH296 E10.0 "076_Group76" 8 6 0 2 10
CH298 F10.0 "077_Group77" 6 7 11 5 4
CH300 G10.0 "078_Group78" 5 4 15 28 7
CH302 H10.0 "079_Group79" 38 20 24 13 21
CH320 A11.0 "080_Group80" 20 13 12 10 17
CH322 B11.0 "081_Group81" 39 13 13 13 9
CH324 C11.0 "082_Group82" 15 22 14 17 23
CH326 D11.0 "083_Group83" 19 20 12 16 20
CH328 E11.0 "084_Group84" 22 15 16 13 20
CH330 F11.0 "085_Group85" 14 12 26 21 18
CH332 G11.0 "086_Group86" 15 25 20 11 16
CH334 H11.0 "087_Group87" 19 34 19 11 8
CH352 A12.0 "088_Group88" 15 14 13 10 5
CH354 B12.0 "089_Group89" 14 24 18 13 17
CH356 C12.0 "090_Group90" 29 18 14 19 11
CH358 D12.0 "091_Group91" 18 16 20 16 18
CH360 E12.0 "092_Group92" 20 12 13 11 14
CH362 F12.0 "093_Group93" 29 25 20 11 15
CH364 G12.0 "094_Group94" 12 11 15 18 10
CH366 H12.0 "095_Group95" 27 15 15 18 9
