"DATE:" "2/26/2015 9:05:11 AM"
"FILE:" "C:\Users\AndersenLab\Desktop\wmicrotracker\p00011\20150226_0853"
"SUBPROJECT:" "20150226_Longevity_5_daf1"

"<<<<<< Group Activity: Average Activity Counts per Data Interval>>>>>>"
Group/Time[m] 2 4 6 8 10
"000_Group0" 18 9 13 11 10
"001_Group1" 29 28 14 3 15
"002_Group2" 18 33 6 10 6
"003_Group3" 26 26 8 15 6
"004_Group4" 12 13 39 15 8
"005_Group5" 12 27 11 13 16
"006_Group6" 24 31 14 6 12
"007_Group7" 20 10 7 16 15
"008_Group8" 2 1 0 11 4
"009_Group9" 4 2 3 4 0
"010_Group10" 0 9 7 11 7
"011_Group11" 4 8 16 11 6
"012_Group12" 8 6 5 18 14
"013_Group13" 0 4 0 1 3
"014_Group14" 16 0 6 3 11
"015_Group15" 7 8 14 3 6
"016_Group16" 1 0 10 14 8
"017_Group17" 6 3 1 4 2
"018_Group18" 0 3 2 10 9
"019_Group19" 9 6 0 5 4
"020_Group20" 1 1 8 6 5
"021_Group21" 3 0 2 0 10
"022_Group22" 6 2 11 7 5
"023_Group23" 2 0 4 3 4
"024_Group24" 10 12 13 11 4
"025_Group25" 10 9 13 18 13
"026_Group26" 44 37 27 12 12
"027_Group27" 26 11 11 16 11
"028_Group28" 15 11 15 8 9
"029_Group29" 16 10 16 6 12
"030_Group30" 10 9 8 6 6
"031_Group31" 24 11 12 9 20
"032_Group32" 19 12 11 11 14
"033_Group33" 16 12 7 11 20
"034_Group34" 11 14 10 18 7
"035_Group35" 11 12 8 7 11
"036_Group36" 10 16 4 7 6
"037_Group37" 15 13 4 6 10
"038_Group38" 15 14 15 10 11
"039_Group39" 16 14 0 8 4
"040_Group40" 9 21 7 13 11
"041_Group41" 6 11 13 6 10
"042_Group42" 14 10 7 3 4
"043_Group43" 11 7 9 9 12
"044_Group44" 12 11 11 10 13
"045_Group45" 7 9 7 5 9
"046_Group46" 13 12 6 5 15
"047_Group47" 17 11 12 15 7
"048_Group48" 14 12 9 10 13
"049_Group49" 5 7 15 7 6
"050_Group50" 7 8 11 4 8
"051_Group51" 12 9 13 12 10
"052_Group52" 8 18 4 7 9
"053_Group53" 12 14 8 9 10
"054_Group54" 9 8 12 5 4
"055_Group55" 13 17 17 6 11
"056_Group56" 11 11 12 5 7
"057_Group57" 2 0 11 9 12
"058_Group58" 0 14 10 5 27
"059_Group59" 2 1 9 10 6
"060_Group60" 3 7 9 5 11
"061_Group61" 1 11 7 3 6
"062_Group62" 3 5 3 3 0
"063_Group63" 1 7 6 0 7
"064_Group64" 21 24 16 10 7
"065_Group65" 10 19 14 16 9
"066_Group66" 11 25 23 25 16
"067_Group67" 14 23 9 9 14
"068_Group68" 26 33 30 10 13
"069_Group69" 8 5 14 14 17
"070_Group70" 13 13 11 9 4
"071_Group71" 23 29 27 10 10
"072_Group72" 6 11 0 5 13
"073_Group73" 0 1 14 0 1
"074_Group74" 5 0 2 9 0
"075_Group75" 1 3 3 5 9
"076_Group76" 0 1 8 0 3
"077_Group77" 0 0 9 5 8
"078_Group78" 0 1 7 22 12
"079_Group79" 8 7 12 6 9
"080_Group80" 13 10 17 15 16
"081_Group81" 29 9 16 7 11
"082_Group82" 7 11 6 11 7
"083_Group83" 18 25 25 7 12
"084_Group84" 9 11 7 16 5
"085_Group85" 31 13 21 18 21
"086_Group86" 13 11 11 10 13
"087_Group87" 12 15 7 16 15
"088_Group88" 9 17 12 5 5
"089_Group89" 18 12 12 11 2
"090_Group90" 9 10 4 6 7
"091_Group91" 13 8 11 13 13
"092_Group92" 25 37 20 9 11
"093_Group93" 9 10 13 9 12
"094_Group94" 7 18 19 2 6
"095_Group95" 10 12 16 8 12

"<<<<<< Group Activity: Number of wells/group >>>>>>"
Group/Time[m] 2 4 6 8 10
"000_Group0" 1 1 1 1 1
"001_Group1" 1 1 1 1 1
"002_Group2" 1 1 1 1 1
"003_Group3" 1 1 1 1 1
"004_Group4" 1 1 1 1 1
"005_Group5" 1 1 1 1 1
"006_Group6" 1 1 1 1 1
"007_Group7" 1 1 1 1 1
"008_Group8" 1 1 1 1 1
"009_Group9" 1 1 1 1 1
"010_Group10" 1 1 1 1 1
"011_Group11" 1 1 1 1 1
"012_Group12" 1 1 1 1 1
"013_Group13" 1 1 1 1 1
"014_Group14" 1 1 1 1 1
"015_Group15" 1 1 1 1 1
"016_Group16" 1 1 1 1 1
"017_Group17" 1 1 1 1 1
"018_Group18" 1 1 1 1 1
"019_Group19" 1 1 1 1 1
"020_Group20" 1 1 1 1 1
"021_Group21" 1 1 1 1 1
"022_Group22" 1 1 1 1 1
"023_Group23" 1 1 1 1 1
"024_Group24" 1 1 1 1 1
"025_Group25" 1 1 1 1 1
"026_Group26" 1 1 1 1 1
"027_Group27" 1 1 1 1 1
"028_Group28" 1 1 1 1 1
"029_Group29" 1 1 1 1 1
"030_Group30" 1 1 1 1 1
"031_Group31" 1 1 1 1 1
"032_Group32" 1 1 1 1 1
"033_Group33" 1 1 1 1 1
"034_Group34" 1 1 1 1 1
"035_Group35" 1 1 1 1 1
"036_Group36" 1 1 1 1 1
"037_Group37" 1 1 1 1 1
"038_Group38" 1 1 1 1 1
"039_Group39" 1 1 1 1 1
"040_Group40" 1 1 1 1 1
"041_Group41" 1 1 1 1 1
"042_Group42" 1 1 1 1 1
"043_Group43" 1 1 1 1 1
"044_Group44" 1 1 1 1 1
"045_Group45" 1 1 1 1 1
"046_Group46" 1 1 1 1 1
"047_Group47" 1 1 1 1 1
"048_Group48" 1 1 1 1 1
"049_Group49" 1 1 1 1 1
"050_Group50" 1 1 1 1 1
"051_Group51" 1 1 1 1 1
"052_Group52" 1 1 1 1 1
"053_Group53" 1 1 1 1 1
"054_Group54" 1 1 1 1 1
"055_Group55" 1 1 1 1 1
"056_Group56" 1 1 1 1 1
"057_Group57" 1 1 1 1 1
"058_Group58" 1 1 1 1 1
"059_Group59" 1 1 1 1 1
"060_Group60" 1 1 1 1 1
"061_Group61" 1 1 1 1 1
"062_Group62" 1 1 1 1 1
"063_Group63" 1 1 1 1 1
"064_Group64" 1 1 1 1 1
"065_Group65" 1 1 1 1 1
"066_Group66" 1 1 1 1 1
"067_Group67" 1 1 1 1 1
"068_Group68" 1 1 1 1 1
"069_Group69" 1 1 1 1 1
"070_Group70" 1 1 1 1 1
"071_Group71" 1 1 1 1 1
"072_Group72" 1 1 1 1 1
"073_Group73" 1 1 1 1 1
"074_Group74" 1 1 1 1 1
"075_Group75" 1 1 1 1 1
"076_Group76" 1 1 1 1 1
"077_Group77" 1 1 1 1 1
"078_Group78" 1 1 1 1 1
"079_Group79" 1 1 1 1 1
"080_Group80" 1 1 1 1 1
"081_Group81" 1 1 1 1 1
"082_Group82" 1 1 1 1 1
"083_Group83" 1 1 1 1 1
"084_Group84" 1 1 1 1 1
"085_Group85" 1 1 1 1 1
"086_Group86" 1 1 1 1 1
"087_Group87" 1 1 1 1 1
"088_Group88" 1 1 1 1 1
"089_Group89" 1 1 1 1 1
"090_Group90" 1 1 1 1 1
"091_Group91" 1 1 1 1 1
"092_Group92" 1 1 1 1 1
"093_Group93" 1 1 1 1 1
"094_Group94" 1 1 1 1 1
"095_Group95" 1 1 1 1 1

"<<<<<< Number of Samples per Acquisition Interval [1unit=500values] >>>>>>"
Time[m] 2 4 6 8 10 
#Samples 2 2 2 2 2 

"<<<<<< Average Temperature [°C] >>>>>>"
Time[m] 2 4 6 8 10 
Temp[°C] 21.0 21.1 21.1 21.1 21.1 

"<<<<<< Well Activity >>>>>>"
Well Group/Time[m] 2 4 6 8 10
A1 "000_Group0" 18 9 13 11 10
B1 "001_Group1" 29 28 14 3 15
C1 "002_Group2" 18 33 6 10 6
D1 "003_Group3" 26 26 8 15 6
E1 "004_Group4" 12 13 39 15 8
F1 "005_Group5" 12 27 11 13 16
G1 "006_Group6" 24 31 14 6 12
H1 "007_Group7" 20 10 7 16 15
A2 "008_Group8" 2 1 0 11 4
B2 "009_Group9" 4 2 3 4 0
C2 "010_Group10" 0 9 7 11 7
D2 "011_Group11" 4 8 16 11 6
E2 "012_Group12" 8 6 5 18 14
F2 "013_Group13" 0 4 0 1 3
G2 "014_Group14" 16 0 6 3 11
H2 "015_Group15" 7 8 14 3 6
A3 "016_Group16" 1 0 10 14 8
B3 "017_Group17" 6 3 1 4 2
C3 "018_Group18" 0 3 2 10 9
D3 "019_Group19" 9 6 0 5 4
E3 "020_Group20" 1 1 8 6 5
F3 "021_Group21" 3 0 2 0 10
G3 "022_Group22" 6 2 11 7 5
H3 "023_Group23" 2 0 4 3 4
A4 "024_Group24" 10 12 13 11 4
B4 "025_Group25" 10 9 13 18 13
C4 "026_Group26" 44 37 27 12 12
D4 "027_Group27" 26 11 11 16 11
E4 "028_Group28" 15 11 15 8 9
F4 "029_Group29" 16 10 16 6 12
G4 "030_Group30" 10 9 8 6 6
H4 "031_Group31" 24 11 12 9 20
A5 "032_Group32" 19 12 11 11 14
B5 "033_Group33" 16 12 7 11 20
C5 "034_Group34" 11 14 10 18 7
D5 "035_Group35" 11 12 8 7 11
E5 "036_Group36" 10 16 4 7 6
F5 "037_Group37" 15 13 4 6 10
G5 "038_Group38" 15 14 15 10 11
H5 "039_Group39" 16 14 0 8 4
A6 "040_Group40" 9 21 7 13 11
B6 "041_Group41" 6 11 13 6 10
C6 "042_Group42" 14 10 7 3 4
D6 "043_Group43" 11 7 9 9 12
E6 "044_Group44" 12 11 11 10 13
F6 "045_Group45" 7 9 7 5 9
G6 "046_Group46" 13 12 6 5 15
H6 "047_Group47" 17 11 12 15 7
A7 "048_Group48" 14 12 9 10 13
B7 "049_Group49" 5 7 15 7 6
C7 "050_Group50" 7 8 11 4 8
D7 "051_Group51" 12 9 13 12 10
E7 "052_Group52" 8 18 4 7 9
F7 "053_Group53" 12 14 8 9 10
G7 "054_Group54" 9 8 12 5 4
H7 "055_Group55" 13 17 17 6 11
A8 "056_Group56" 11 11 12 5 7
B8 "057_Group57" 2 0 11 9 12
C8 "058_Group58" 0 14 10 5 27
D8 "059_Group59" 2 1 9 10 6
E8 "060_Group60" 3 7 9 5 11
F8 "061_Group61" 1 11 7 3 6
G8 "062_Group62" 3 5 3 3 0
H8 "063_Group63" 1 7 6 0 7
A9 "064_Group64" 21 24 16 10 7
B9 "065_Group65" 10 19 14 16 9
C9 "066_Group66" 11 25 23 25 16
D9 "067_Group67" 14 23 9 9 14
E9 "068_Group68" 26 33 30 10 13
F9 "069_Group69" 8 5 14 14 17
G9 "070_Group70" 13 13 11 9 4
H9 "071_Group71" 23 29 27 10 10
A10 "072_Group72" 6 11 0 5 13
B10 "073_Group73" 0 1 14 0 1
C10 "074_Group74" 5 0 2 9 0
D10 "075_Group75" 1 3 3 5 9
E10 "076_Group76" 0 1 8 0 3
F10 "077_Group77" 0 0 9 5 8
G10 "078_Group78" 0 1 7 22 12
H10 "079_Group79" 8 7 12 6 9
A11 "080_Group80" 13 10 17 15 16
B11 "081_Group81" 29 9 16 7 11
C11 "082_Group82" 7 11 6 11 7
D11 "083_Group83" 18 25 25 7 12
E11 "084_Group84" 9 11 7 16 5
F11 "085_Group85" 31 13 21 18 21
G11 "086_Group86" 13 11 11 10 13
H11 "087_Group87" 12 15 7 16 15
A12 "088_Group88" 9 17 12 5 5
B12 "089_Group89" 18 12 12 11 2
C12 "090_Group90" 9 10 4 6 7
D12 "091_Group91" 13 8 11 13 13
E12 "092_Group92" 25 37 20 9 11
F12 "093_Group93" 9 10 13 9 12
G12 "094_Group94" 7 18 19 2 6
H12 "095_Group95" 10 12 16 8 12

"<<<<<< Channel Activity >>>>>>"
Channel Well Group/Time[m] 2 4 6 8 10
CH0 A1.0 "000_Group0" 18 9 13 11 10
CH2 B1.0 "001_Group1" 29 28 14 3 15
CH4 C1.0 "002_Group2" 18 33 6 10 6
CH6 D1.0 "003_Group3" 26 26 8 15 6
CH8 E1.0 "004_Group4" 12 13 39 15 8
CH10 F1.0 "005_Group5" 12 27 11 13 16
CH12 G1.0 "006_Group6" 24 31 14 6 12
CH14 H1.0 "007_Group7" 20 10 7 16 15
CH32 A2.0 "008_Group8" 2 1 0 11 4
CH34 B2.0 "009_Group9" 4 2 3 4 0
CH36 C2.0 "010_Group10" 0 9 7 11 7
CH38 D2.0 "011_Group11" 4 8 16 11 6
CH40 E2.0 "012_Group12" 8 6 5 18 14
CH42 F2.0 "013_Group13" 0 4 0 1 3
CH44 G2.0 "014_Group14" 16 0 6 3 11
CH46 H2.0 "015_Group15" 7 8 14 3 6
CH64 A3.0 "016_Group16" 1 0 10 14 8
CH66 B3.0 "017_Group17" 6 3 1 4 2
CH68 C3.0 "018_Group18" 0 3 2 10 9
CH70 D3.0 "019_Group19" 9 6 0 5 4
CH72 E3.0 "020_Group20" 1 1 8 6 5
CH74 F3.0 "021_Group21" 3 0 2 0 10
CH76 G3.0 "022_Group22" 6 2 11 7 5
CH78 H3.0 "023_Group23" 2 0 4 3 4
CH96 A4.0 "024_Group24" 10 12 13 11 4
CH98 B4.0 "025_Group25" 10 9 13 18 13
CH100 C4.0 "026_Group26" 44 37 27 12 12
CH102 D4.0 "027_Group27" 26 11 11 16 11
CH104 E4.0 "028_Group28" 15 11 15 8 9
CH106 F4.0 "029_Group29" 16 10 16 6 12
CH108 G4.0 "030_Group30" 10 9 8 6 6
CH110 H4.0 "031_Group31" 24 11 12 9 20
CH128 A5.0 "032_Group32" 19 12 11 11 14
CH130 B5.0 "033_Group33" 16 12 7 11 20
CH132 C5.0 "034_Group34" 11 14 10 18 7
CH134 D5.0 "035_Group35" 11 12 8 7 11
CH136 E5.0 "036_Group36" 10 16 4 7 6
CH138 F5.0 "037_Group37" 15 13 4 6 10
CH140 G5.0 "038_Group38" 15 14 15 10 11
CH142 H5.0 "039_Group39" 16 14 0 8 4
CH160 A6.0 "040_Group40" 9 21 7 13 11
CH162 B6.0 "041_Group41" 6 11 13 6 10
CH164 C6.0 "042_Group42" 14 10 7 3 4
CH166 D6.0 "043_Group43" 11 7 9 9 12
CH168 E6.0 "044_Group44" 12 11 11 10 13
CH170 F6.0 "045_Group45" 7 9 7 5 9
CH172 G6.0 "046_Group46" 13 12 6 5 15
CH174 H6.0 "047_Group47" 17 11 12 15 7
CH192 A7.0 "048_Group48" 14 12 9 10 13
CH194 B7.0 "049_Group49" 5 7 15 7 6
CH196 C7.0 "050_Group50" 7 8 11 4 8
CH198 D7.0 "051_Group51" 12 9 13 12 10
CH200 E7.0 "052_Group52" 8 18 4 7 9
CH202 F7.0 "053_Group53" 12 14 8 9 10
CH204 G7.0 "054_Group54" 9 8 12 5 4
CH206 H7.0 "055_Group55" 13 17 17 6 11
CH224 A8.0 "056_Group56" 11 11 12 5 7
CH226 B8.0 "057_Group57" 2 0 11 9 12
CH228 C8.0 "058_Group58" 0 14 10 5 27
CH230 D8.0 "059_Group59" 2 1 9 10 6
CH232 E8.0 "060_Group60" 3 7 9 5 11
CH234 F8.0 "061_Group61" 1 11 7 3 6
CH236 G8.0 "062_Group62" 3 5 3 3 0
CH238 H8.0 "063_Group63" 1 7 6 0 7
CH256 A9.0 "064_Group64" 21 24 16 10 7
CH258 B9.0 "065_Group65" 10 19 14 16 9
CH260 C9.0 "066_Group66" 11 25 23 25 16
CH262 D9.0 "067_Group67" 14 23 9 9 14
CH264 E9.0 "068_Group68" 26 33 30 10 13
CH266 F9.0 "069_Group69" 8 5 14 14 17
CH268 G9.0 "070_Group70" 13 13 11 9 4
CH270 H9.0 "071_Group71" 23 29 27 10 10
CH288 A10.0 "072_Group72" 6 11 0 5 13
CH290 B10.0 "073_Group73" 0 1 14 0 1
CH292 C10.0 "074_Group74" 5 0 2 9 0
CH294 D10.0 "075_Group75" 1 3 3 5 9
CH296 E10.0 "076_Group76" 0 1 8 0 3
CH298 F10.0 "077_Group77" 0 0 9 5 8
CH300 G10.0 "078_Group78" 0 1 7 22 12
CH302 H10.0 "079_Group79" 8 7 12 6 9
CH320 A11.0 "080_Group80" 13 10 17 15 16
CH322 B11.0 "081_Group81" 29 9 16 7 11
CH324 C11.0 "082_Group82" 7 11 6 11 7
CH326 D11.0 "083_Group83" 18 25 25 7 12
CH328 E11.0 "084_Group84" 9 11 7 16 5
CH330 F11.0 "085_Group85" 31 13 21 18 21
CH332 G11.0 "086_Group86" 13 11 11 10 13
CH334 H11.0 "087_Group87" 12 15 7 16 15
CH352 A12.0 "088_Group88" 9 17 12 5 5
CH354 B12.0 "089_Group89" 18 12 12 11 2
CH356 C12.0 "090_Group90" 9 10 4 6 7
CH358 D12.0 "091_Group91" 13 8 11 13 13
CH360 E12.0 "092_Group92" 25 37 20 9 11
CH362 F12.0 "093_Group93" 9 10 13 9 12
CH364 G12.0 "094_Group94" 7 18 19 2 6
CH366 H12.0 "095_Group95" 10 12 16 8 12
