"DATE:" "3/1/2015 9:16:31 AM"
"FILE:" "C:\Users\AndersenLab\Desktop\wmicrotracker\p00011\20150301_0901"
"SUBPROJECT:" "20150301_Longevity_5_daf1"

"<<<<<< Group Activity: Average Activity Counts per Data Interval>>>>>>"
Group/Time[m] 2 4 6 8 10
"000_Group0" 15 11 13 18 8
"001_Group1" 20 10 17 8 7
"002_Group2" 28 9 10 10 9
"003_Group3" 7 14 7 10 3
"004_Group4" 20 11 8 8 7
"005_Group5" 12 30 19 15 15
"006_Group6" 30 21 11 2 6
"007_Group7" 14 24 23 3 11
"008_Group8" 0 7 8 6 7
"009_Group9" 0 9 2 5 2
"010_Group10" 11 7 8 4 2
"011_Group11" 5 5 3 11 5
"012_Group12" 4 11 7 11 3
"013_Group13" 6 7 6 5 11
"014_Group14" 13 5 15 8 5
"015_Group15" 8 4 8 9 4
"016_Group16" 6 12 4 12 4
"017_Group17" 16 12 15 7 5
"018_Group18" 3 20 5 21 13
"019_Group19" 9 7 13 11 11
"020_Group20" 6 9 9 11 11
"021_Group21" 0 5 4 8 15
"022_Group22" 0 13 10 9 10
"023_Group23" 0 0 0 0 0
"024_Group24" 9 14 12 13 11
"025_Group25" 9 21 9 10 5
"026_Group26" 25 14 22 10 4
"027_Group27" 14 12 11 20 17
"028_Group28" 17 15 13 10 12
"029_Group29" 7 8 6 6 8
"030_Group30" 22 17 19 17 7
"031_Group31" 21 28 18 14 7
"032_Group32" 29 8 3 2 8
"033_Group33" 21 6 0 3 4
"034_Group34" 12 7 5 1 3
"035_Group35" 5 4 7 9 2
"036_Group36" 14 10 8 5 5
"037_Group37" 11 2 7 12 5
"038_Group38" 15 22 14 8 10
"039_Group39" 11 9 3 5 6
"040_Group40" 17 7 1 3 1
"041_Group41" 16 5 8 0 3
"042_Group42" 1 1 2 4 6
"043_Group43" 14 13 9 7 8
"044_Group44" 13 8 3 4 1
"045_Group45" 7 7 5 6 9
"046_Group46" 6 1 0 0 0
"047_Group47" 25 14 5 1 5
"048_Group48" 4 1 9 2 0
"049_Group49" 19 12 6 0 4
"050_Group50" 13 10 10 4 13
"051_Group51" 9 6 4 13 5
"052_Group52" 13 11 5 6 4
"053_Group53" 6 11 6 7 3
"054_Group54" 8 11 3 3 3
"055_Group55" 6 5 4 1 11
"056_Group56" 0 12 7 17 11
"057_Group57" 0 11 12 6 13
"058_Group58" 1 12 8 10 9
"059_Group59" 7 15 4 1 3
"060_Group60" 8 12 8 14 8
"061_Group61" 7 13 17 14 15
"062_Group62" 2 3 6 7 7
"063_Group63" 5 7 8 11 6
"064_Group64" 16 7 16 6 13
"065_Group65" 19 16 14 3 7
"066_Group66" 9 24 32 24 23
"067_Group67" 16 16 16 8 11
"068_Group68" 13 38 19 30 19
"069_Group69" 34 33 19 9 4
"070_Group70" 11 11 18 13 12
"071_Group71" 20 6 15 17 2
"072_Group72" 5 11 13 12 3
"073_Group73" 7 2 18 0 13
"074_Group74" 0 3 20 8 10
"075_Group75" 6 7 10 11 9
"076_Group76" 3 10 3 7 7
"077_Group77" 0 0 6 7 3
"078_Group78" 5 5 1 3 8
"079_Group79" 6 7 6 14 6
"080_Group80" 5 27 33 18 23
"081_Group81" 42 32 15 1 1
"082_Group82" 23 19 15 6 5
"083_Group83" 13 20 19 19 8
"084_Group84" 10 16 18 17 5
"085_Group85" 20 25 19 27 14
"086_Group86" 10 4 17 4 3
"087_Group87" 13 17 19 27 5
"088_Group88" 27 16 7 4 6
"089_Group89" 14 7 4 3 2
"090_Group90" 6 3 7 4 6
"091_Group91" 4 3 5 8 2
"092_Group92" 5 10 3 1 1
"093_Group93" 5 22 8 7 1
"094_Group94" 25 4 3 1 0
"095_Group95" 5 4 4 3 3

"<<<<<< Group Activity: Number of wells/group >>>>>>"
Group/Time[m] 2 4 6 8 10
"000_Group0" 1 1 1 1 1
"001_Group1" 1 1 1 1 1
"002_Group2" 1 1 1 1 1
"003_Group3" 1 1 1 1 1
"004_Group4" 1 1 1 1 1
"005_Group5" 1 1 1 1 1
"006_Group6" 1 1 1 1 1
"007_Group7" 1 1 1 1 1
"008_Group8" 1 1 1 1 1
"009_Group9" 1 1 1 1 1
"010_Group10" 1 1 1 1 1
"011_Group11" 1 1 1 1 1
"012_Group12" 1 1 1 1 1
"013_Group13" 1 1 1 1 1
"014_Group14" 1 1 1 1 1
"015_Group15" 1 1 1 1 1
"016_Group16" 1 1 1 1 1
"017_Group17" 1 1 1 1 1
"018_Group18" 1 1 1 1 1
"019_Group19" 1 1 1 1 1
"020_Group20" 1 1 1 1 1
"021_Group21" 1 1 1 1 1
"022_Group22" 1 1 1 1 1
"023_Group23" 1 1 1 1 1
"024_Group24" 1 1 1 1 1
"025_Group25" 1 1 1 1 1
"026_Group26" 1 1 1 1 1
"027_Group27" 1 1 1 1 1
"028_Group28" 1 1 1 1 1
"029_Group29" 1 1 1 1 1
"030_Group30" 1 1 1 1 1
"031_Group31" 1 1 1 1 1
"032_Group32" 1 1 1 1 1
"033_Group33" 1 1 1 1 1
"034_Group34" 1 1 1 1 1
"035_Group35" 1 1 1 1 1
"036_Group36" 1 1 1 1 1
"037_Group37" 1 1 1 1 1
"038_Group38" 1 1 1 1 1
"039_Group39" 1 1 1 1 1
"040_Group40" 1 1 1 1 1
"041_Group41" 1 1 1 1 1
"042_Group42" 1 1 1 1 1
"043_Group43" 1 1 1 1 1
"044_Group44" 1 1 1 1 1
"045_Group45" 1 1 1 1 1
"046_Group46" 1 1 1 1 1
"047_Group47" 1 1 1 1 1
"048_Group48" 1 1 1 1 1
"049_Group49" 1 1 1 1 1
"050_Group50" 1 1 1 1 1
"051_Group51" 1 1 1 1 1
"052_Group52" 1 1 1 1 1
"053_Group53" 1 1 1 1 1
"054_Group54" 1 1 1 1 1
"055_Group55" 1 1 1 1 1
"056_Group56" 1 1 1 1 1
"057_Group57" 1 1 1 1 1
"058_Group58" 1 1 1 1 1
"059_Group59" 1 1 1 1 1
"060_Group60" 1 1 1 1 1
"061_Group61" 1 1 1 1 1
"062_Group62" 1 1 1 1 1
"063_Group63" 1 1 1 1 1
"064_Group64" 1 1 1 1 1
"065_Group65" 1 1 1 1 1
"066_Group66" 1 1 1 1 1
"067_Group67" 1 1 1 1 1
"068_Group68" 1 1 1 1 1
"069_Group69" 1 1 1 1 1
"070_Group70" 1 1 1 1 1
"071_Group71" 1 1 1 1 1
"072_Group72" 1 1 1 1 1
"073_Group73" 1 1 1 1 1
"074_Group74" 1 1 1 1 1
"075_Group75" 1 1 1 1 1
"076_Group76" 1 1 1 1 1
"077_Group77" 1 1 1 1 1
"078_Group78" 1 1 1 1 1
"079_Group79" 1 1 1 1 1
"080_Group80" 1 1 1 1 1
"081_Group81" 1 1 1 1 1
"082_Group82" 1 1 1 1 1
"083_Group83" 1 1 1 1 1
"084_Group84" 1 1 1 1 1
"085_Group85" 1 1 1 1 1
"086_Group86" 1 1 1 1 1
"087_Group87" 1 1 1 1 1
"088_Group88" 1 1 1 1 1
"089_Group89" 1 1 1 1 1
"090_Group90" 1 1 1 1 1
"091_Group91" 1 1 1 1 1
"092_Group92" 1 1 1 1 1
"093_Group93" 1 1 1 1 1
"094_Group94" 1 1 1 1 1
"095_Group95" 1 1 1 1 1

"<<<<<< Number of Samples per Acquisition Interval [1unit=500values] >>>>>>"
Time[m] 2 4 6 8 10 
#Samples 2 2 2 2 2 

"<<<<<< Average Temperature [°C] >>>>>>"
Time[m] 2 4 6 8 10 
Temp[°C] 21.5 21.6 21.6 21.6 21.6 

"<<<<<< Well Activity >>>>>>"
Well Group/Time[m] 2 4 6 8 10
A1 "000_Group0" 15 11 13 18 8
B1 "001_Group1" 20 10 17 8 7
C1 "002_Group2" 28 9 10 10 9
D1 "003_Group3" 7 14 7 10 3
E1 "004_Group4" 20 11 8 8 7
F1 "005_Group5" 12 30 19 15 15
G1 "006_Group6" 30 21 11 2 6
H1 "007_Group7" 14 24 23 3 11
A2 "008_Group8" 0 7 8 6 7
B2 "009_Group9" 0 9 2 5 2
C2 "010_Group10" 11 7 8 4 2
D2 "011_Group11" 5 5 3 11 5
E2 "012_Group12" 4 11 7 11 3
F2 "013_Group13" 6 7 6 5 11
G2 "014_Group14" 13 5 15 8 5
H2 "015_Group15" 8 4 8 9 4
A3 "016_Group16" 6 12 4 12 4
B3 "017_Group17" 16 12 15 7 5
C3 "018_Group18" 3 20 5 21 13
D3 "019_Group19" 9 7 13 11 11
E3 "020_Group20" 6 9 9 11 11
F3 "021_Group21" 0 5 4 8 15
G3 "022_Group22" 0 13 10 9 10
H3 "023_Group23" 0 0 0 0 0
A4 "024_Group24" 9 14 12 13 11
B4 "025_Group25" 9 21 9 10 5
C4 "026_Group26" 25 14 22 10 4
D4 "027_Group27" 14 12 11 20 17
E4 "028_Group28" 17 15 13 10 12
F4 "029_Group29" 7 8 6 6 8
G4 "030_Group30" 22 17 19 17 7
H4 "031_Group31" 21 28 18 14 7
A5 "032_Group32" 29 8 3 2 8
B5 "033_Group33" 21 6 0 3 4
C5 "034_Group34" 12 7 5 1 3
D5 "035_Group35" 5 4 7 9 2
E5 "036_Group36" 14 10 8 5 5
F5 "037_Group37" 11 2 7 12 5
G5 "038_Group38" 15 22 14 8 10
H5 "039_Group39" 11 9 3 5 6
A6 "040_Group40" 17 7 1 3 1
B6 "041_Group41" 16 5 8 0 3
C6 "042_Group42" 1 1 2 4 6
D6 "043_Group43" 14 13 9 7 8
E6 "044_Group44" 13 8 3 4 1
F6 "045_Group45" 7 7 5 6 9
G6 "046_Group46" 6 1 0 0 0
H6 "047_Group47" 25 14 5 1 5
A7 "048_Group48" 4 1 9 2 0
B7 "049_Group49" 19 12 6 0 4
C7 "050_Group50" 13 10 10 4 13
D7 "051_Group51" 9 6 4 13 5
E7 "052_Group52" 13 11 5 6 4
F7 "053_Group53" 6 11 6 7 3
G7 "054_Group54" 8 11 3 3 3
H7 "055_Group55" 6 5 4 1 11
A8 "056_Group56" 0 12 7 17 11
B8 "057_Group57" 0 11 12 6 13
C8 "058_Group58" 1 12 8 10 9
D8 "059_Group59" 7 15 4 1 3
E8 "060_Group60" 8 12 8 14 8
F8 "061_Group61" 7 13 17 14 15
G8 "062_Group62" 2 3 6 7 7
H8 "063_Group63" 5 7 8 11 6
A9 "064_Group64" 16 7 16 6 13
B9 "065_Group65" 19 16 14 3 7
C9 "066_Group66" 9 24 32 24 23
D9 "067_Group67" 16 16 16 8 11
E9 "068_Group68" 13 38 19 30 19
F9 "069_Group69" 34 33 19 9 4
G9 "070_Group70" 11 11 18 13 12
H9 "071_Group71" 20 6 15 17 2
A10 "072_Group72" 5 11 13 12 3
B10 "073_Group73" 7 2 18 0 13
C10 "074_Group74" 0 3 20 8 10
D10 "075_Group75" 6 7 10 11 9
E10 "076_Group76" 3 10 3 7 7
F10 "077_Group77" 0 0 6 7 3
G10 "078_Group78" 5 5 1 3 8
H10 "079_Group79" 6 7 6 14 6
A11 "080_Group80" 5 27 33 18 23
B11 "081_Group81" 42 32 15 1 1
C11 "082_Group82" 23 19 15 6 5
D11 "083_Group83" 13 20 19 19 8
E11 "084_Group84" 10 16 18 17 5
F11 "085_Group85" 20 25 19 27 14
G11 "086_Group86" 10 4 17 4 3
H11 "087_Group87" 13 17 19 27 5
A12 "088_Group88" 27 16 7 4 6
B12 "089_Group89" 14 7 4 3 2
C12 "090_Group90" 6 3 7 4 6
D12 "091_Group91" 4 3 5 8 2
E12 "092_Group92" 5 10 3 1 1
F12 "093_Group93" 5 22 8 7 1
G12 "094_Group94" 25 4 3 1 0
H12 "095_Group95" 5 4 4 3 3

"<<<<<< Channel Activity >>>>>>"
Channel Well Group/Time[m] 2 4 6 8 10
CH0 A1.0 "000_Group0" 15 11 13 18 8
CH2 B1.0 "001_Group1" 20 10 17 8 7
CH4 C1.0 "002_Group2" 28 9 10 10 9
CH6 D1.0 "003_Group3" 7 14 7 10 3
CH8 E1.0 "004_Group4" 20 11 8 8 7
CH10 F1.0 "005_Group5" 12 30 19 15 15
CH12 G1.0 "006_Group6" 30 21 11 2 6
CH14 H1.0 "007_Group7" 14 24 23 3 11
CH32 A2.0 "008_Group8" 0 7 8 6 7
CH34 B2.0 "009_Group9" 0 9 2 5 2
CH36 C2.0 "010_Group10" 11 7 8 4 2
CH38 D2.0 "011_Group11" 5 5 3 11 5
CH40 E2.0 "012_Group12" 4 11 7 11 3
CH42 F2.0 "013_Group13" 6 7 6 5 11
CH44 G2.0 "014_Group14" 13 5 15 8 5
CH46 H2.0 "015_Group15" 8 4 8 9 4
CH64 A3.0 "016_Group16" 6 12 4 12 4
CH66 B3.0 "017_Group17" 16 12 15 7 5
CH68 C3.0 "018_Group18" 3 20 5 21 13
CH70 D3.0 "019_Group19" 9 7 13 11 11
CH72 E3.0 "020_Group20" 6 9 9 11 11
CH74 F3.0 "021_Group21" 0 5 4 8 15
CH76 G3.0 "022_Group22" 0 13 10 9 10
CH78 H3.0 "023_Group23" 0 0 0 0 0
CH96 A4.0 "024_Group24" 9 14 12 13 11
CH98 B4.0 "025_Group25" 9 21 9 10 5
CH100 C4.0 "026_Group26" 25 14 22 10 4
CH102 D4.0 "027_Group27" 14 12 11 20 17
CH104 E4.0 "028_Group28" 17 15 13 10 12
CH106 F4.0 "029_Group29" 7 8 6 6 8
CH108 G4.0 "030_Group30" 22 17 19 17 7
CH110 H4.0 "031_Group31" 21 28 18 14 7
CH128 A5.0 "032_Group32" 29 8 3 2 8
CH130 B5.0 "033_Group33" 21 6 0 3 4
CH132 C5.0 "034_Group34" 12 7 5 1 3
CH134 D5.0 "035_Group35" 5 4 7 9 2
CH136 E5.0 "036_Group36" 14 10 8 5 5
CH138 F5.0 "037_Group37" 11 2 7 12 5
CH140 G5.0 "038_Group38" 15 22 14 8 10
CH142 H5.0 "039_Group39" 11 9 3 5 6
CH160 A6.0 "040_Group40" 17 7 1 3 1
CH162 B6.0 "041_Group41" 16 5 8 0 3
CH164 C6.0 "042_Group42" 1 1 2 4 6
CH166 D6.0 "043_Group43" 14 13 9 7 8
CH168 E6.0 "044_Group44" 13 8 3 4 1
CH170 F6.0 "045_Group45" 7 7 5 6 9
CH172 G6.0 "046_Group46" 6 1 0 0 0
CH174 H6.0 "047_Group47" 25 14 5 1 5
CH192 A7.0 "048_Group48" 4 1 9 2 0
CH194 B7.0 "049_Group49" 19 12 6 0 4
CH196 C7.0 "050_Group50" 13 10 10 4 13
CH198 D7.0 "051_Group51" 9 6 4 13 5
CH200 E7.0 "052_Group52" 13 11 5 6 4
CH202 F7.0 "053_Group53" 6 11 6 7 3
CH204 G7.0 "054_Group54" 8 11 3 3 3
CH206 H7.0 "055_Group55" 6 5 4 1 11
CH224 A8.0 "056_Group56" 0 12 7 17 11
CH226 B8.0 "057_Group57" 0 11 12 6 13
CH228 C8.0 "058_Group58" 1 12 8 10 9
CH230 D8.0 "059_Group59" 7 15 4 1 3
CH232 E8.0 "060_Group60" 8 12 8 14 8
CH234 F8.0 "061_Group61" 7 13 17 14 15
CH236 G8.0 "062_Group62" 2 3 6 7 7
CH238 H8.0 "063_Group63" 5 7 8 11 6
CH256 A9.0 "064_Group64" 16 7 16 6 13
CH258 B9.0 "065_Group65" 19 16 14 3 7
CH260 C9.0 "066_Group66" 9 24 32 24 23
CH262 D9.0 "067_Group67" 16 16 16 8 11
CH264 E9.0 "068_Group68" 13 38 19 30 19
CH266 F9.0 "069_Group69" 34 33 19 9 4
CH268 G9.0 "070_Group70" 11 11 18 13 12
CH270 H9.0 "071_Group71" 20 6 15 17 2
CH288 A10.0 "072_Group72" 5 11 13 12 3
CH290 B10.0 "073_Group73" 7 2 18 0 13
CH292 C10.0 "074_Group74" 0 3 20 8 10
CH294 D10.0 "075_Group75" 6 7 10 11 9
CH296 E10.0 "076_Group76" 3 10 3 7 7
CH298 F10.0 "077_Group77" 0 0 6 7 3
CH300 G10.0 "078_Group78" 5 5 1 3 8
CH302 H10.0 "079_Group79" 6 7 6 14 6
CH320 A11.0 "080_Group80" 5 27 33 18 23
CH322 B11.0 "081_Group81" 42 32 15 1 1
CH324 C11.0 "082_Group82" 23 19 15 6 5
CH326 D11.0 "083_Group83" 13 20 19 19 8
CH328 E11.0 "084_Group84" 10 16 18 17 5
CH330 F11.0 "085_Group85" 20 25 19 27 14
CH332 G11.0 "086_Group86" 10 4 17 4 3
CH334 H11.0 "087_Group87" 13 17 19 27 5
CH352 A12.0 "088_Group88" 27 16 7 4 6
CH354 B12.0 "089_Group89" 14 7 4 3 2
CH356 C12.0 "090_Group90" 6 3 7 4 6
CH358 D12.0 "091_Group91" 4 3 5 8 2
CH360 E12.0 "092_Group92" 5 10 3 1 1
CH362 F12.0 "093_Group93" 5 22 8 7 1
CH364 G12.0 "094_Group94" 25 4 3 1 0
CH366 H12.0 "095_Group95" 5 4 4 3 3
