"DATE:" "3/5/2015 9:20:16 AM"
"FILE:" "C:\Users\AndersenLab\Desktop\wmicrotracker\p00011\20150305_0908"
"SUBPROJECT:" "20150305_Longevity_5_daf1"

"<<<<<< Group Activity: Average Activity Counts per Data Interval>>>>>>"
Group/Time[m] 2 4 6 8 10
"000_Group0" 22 14 7 4 3
"001_Group1" 24 7 7 0 3
"002_Group2" 16 13 7 5 3
"003_Group3" 29 12 6 3 2
"004_Group4" 27 6 1 0 2
"005_Group5" 14 2 4 0 7
"006_Group6" 25 18 6 1 0
"007_Group7" 5 12 0 0 0
"008_Group8" 5 1 7 10 1
"009_Group9" 0 8 0 2 1
"010_Group10" 2 5 3 6 8
"011_Group11" 0 0 14 10 1
"012_Group12" 0 4 4 9 7
"013_Group13" 0 2 7 1 5
"014_Group14" 0 0 5 19 8
"015_Group15" 13 4 3 6 8
"016_Group16" 0 7 13 8 1
"017_Group17" 0 0 0 0 0
"018_Group18" 2 1 7 8 7
"019_Group19" 3 0 7 6 4
"020_Group20" 9 1 4 10 12
"021_Group21" 0 1 3 4 2
"022_Group22" 7 0 2 4 2
"023_Group23" 0 0 0 0 0
"024_Group24" 24 16 2 1 2
"025_Group25" 16 16 15 10 3
"026_Group26" 32 25 18 22 15
"027_Group27" 18 22 10 4 12
"028_Group28" 25 22 19 14 12
"029_Group29" 16 19 13 7 4
"030_Group30" 30 8 17 14 13
"031_Group31" 13 9 11 0 0
"032_Group32" 16 0 0 1 0
"033_Group33" 8 1 2 0 0
"034_Group34" 11 2 0 0 0
"035_Group35" 4 11 2 0 0
"036_Group36" 9 9 12 9 10
"037_Group37" 14 1 1 1 2
"038_Group38" 2 5 1 0 0
"039_Group39" 7 2 0 2 0
"040_Group40" 14 2 9 0 6
"041_Group41" 0 5 0 5 0
"042_Group42" 9 6 12 8 9
"043_Group43" 11 7 5 0 2
"044_Group44" 11 0 0 0 0
"045_Group45" 8 13 4 7 0
"046_Group46" 11 9 6 0 4
"047_Group47" 8 2 1 3 5
"048_Group48" 1 1 4 0 0
"049_Group49" 0 0 0 0 0
"050_Group50" 10 10 1 6 10
"051_Group51" 14 0 0 4 0
"052_Group52" 1 2 0 0 0
"053_Group53" 0 0 0 0 0
"054_Group54" 13 6 4 8 1
"055_Group55" 11 1 9 1 8
"056_Group56" 0 0 8 10 8
"057_Group57" 0 1 5 6 8
"058_Group58" 0 2 1 3 6
"059_Group59" 0 11 5 3 12
"060_Group60" 4 0 0 4 0
"061_Group61" 0 0 0 1 3
"062_Group62" 26 8 5 4 17
"063_Group63" 2 10 5 13 13
"064_Group64" 19 13 12 4 0
"065_Group65" 17 14 11 6 18
"066_Group66" 21 11 3 5 0
"067_Group67" 24 18 17 22 12
"068_Group68" 9 0 1 1 0
"069_Group69" 17 16 1 3 7
"070_Group70" 16 19 19 27 10
"071_Group71" 8 16 5 0 1
"072_Group72" 0 0 0 10 3
"073_Group73" 0 0 0 0 0
"074_Group74" 10 0 9 4 3
"075_Group75" 0 1 1 3 6
"076_Group76" 0 5 8 10 0
"077_Group77" 0 0 0 6 1
"078_Group78" 0 0 0 0 4
"079_Group79" 5 0 2 14 0
"080_Group80" 4 5 1 3 13
"081_Group81" 15 4 11 6 4
"082_Group82" 13 14 1 1 2
"083_Group83" 3 3 10 4 3
"084_Group84" 10 4 7 4 2
"085_Group85" 13 4 3 5 10
"086_Group86" 20 10 12 0 2
"087_Group87" 4 24 10 4 7
"088_Group88" 13 0 2 1 0
"089_Group89" 0 3 0 0 0
"090_Group90" 12 2 0 2 3
"091_Group91" 9 4 1 0 0
"092_Group92" 0 9 6 1 6
"093_Group93" 12 4 0 0 0
"094_Group94" 16 5 2 4 2
"095_Group95" 13 12 7 0 3

"<<<<<< Group Activity: Number of wells/group >>>>>>"
Group/Time[m] 2 4 6 8 10
"000_Group0" 1 1 1 1 1
"001_Group1" 1 1 1 1 1
"002_Group2" 1 1 1 1 1
"003_Group3" 1 1 1 1 1
"004_Group4" 1 1 1 1 1
"005_Group5" 1 1 1 1 1
"006_Group6" 1 1 1 1 1
"007_Group7" 1 1 1 1 1
"008_Group8" 1 1 1 1 1
"009_Group9" 1 1 1 1 1
"010_Group10" 1 1 1 1 1
"011_Group11" 1 1 1 1 1
"012_Group12" 1 1 1 1 1
"013_Group13" 1 1 1 1 1
"014_Group14" 1 1 1 1 1
"015_Group15" 1 1 1 1 1
"016_Group16" 1 1 1 1 1
"017_Group17" 1 1 1 1 1
"018_Group18" 1 1 1 1 1
"019_Group19" 1 1 1 1 1
"020_Group20" 1 1 1 1 1
"021_Group21" 1 1 1 1 1
"022_Group22" 1 1 1 1 1
"023_Group23" 1 1 1 1 1
"024_Group24" 1 1 1 1 1
"025_Group25" 1 1 1 1 1
"026_Group26" 1 1 1 1 1
"027_Group27" 1 1 1 1 1
"028_Group28" 1 1 1 1 1
"029_Group29" 1 1 1 1 1
"030_Group30" 1 1 1 1 1
"031_Group31" 1 1 1 1 1
"032_Group32" 1 1 1 1 1
"033_Group33" 1 1 1 1 1
"034_Group34" 1 1 1 1 1
"035_Group35" 1 1 1 1 1
"036_Group36" 1 1 1 1 1
"037_Group37" 1 1 1 1 1
"038_Group38" 1 1 1 1 1
"039_Group39" 1 1 1 1 1
"040_Group40" 1 1 1 1 1
"041_Group41" 1 1 1 1 1
"042_Group42" 1 1 1 1 1
"043_Group43" 1 1 1 1 1
"044_Group44" 1 1 1 1 1
"045_Group45" 1 1 1 1 1
"046_Group46" 1 1 1 1 1
"047_Group47" 1 1 1 1 1
"048_Group48" 1 1 1 1 1
"049_Group49" 1 1 1 1 1
"050_Group50" 1 1 1 1 1
"051_Group51" 1 1 1 1 1
"052_Group52" 1 1 1 1 1
"053_Group53" 1 1 1 1 1
"054_Group54" 1 1 1 1 1
"055_Group55" 1 1 1 1 1
"056_Group56" 1 1 1 1 1
"057_Group57" 1 1 1 1 1
"058_Group58" 1 1 1 1 1
"059_Group59" 1 1 1 1 1
"060_Group60" 1 1 1 1 1
"061_Group61" 1 1 1 1 1
"062_Group62" 1 1 1 1 1
"063_Group63" 1 1 1 1 1
"064_Group64" 1 1 1 1 1
"065_Group65" 1 1 1 1 1
"066_Group66" 1 1 1 1 1
"067_Group67" 1 1 1 1 1
"068_Group68" 1 1 1 1 1
"069_Group69" 1 1 1 1 1
"070_Group70" 1 1 1 1 1
"071_Group71" 1 1 1 1 1
"072_Group72" 1 1 1 1 1
"073_Group73" 1 1 1 1 1
"074_Group74" 1 1 1 1 1
"075_Group75" 1 1 1 1 1
"076_Group76" 1 1 1 1 1
"077_Group77" 1 1 1 1 1
"078_Group78" 1 1 1 1 1
"079_Group79" 1 1 1 1 1
"080_Group80" 1 1 1 1 1
"081_Group81" 1 1 1 1 1
"082_Group82" 1 1 1 1 1
"083_Group83" 1 1 1 1 1
"084_Group84" 1 1 1 1 1
"085_Group85" 1 1 1 1 1
"086_Group86" 1 1 1 1 1
"087_Group87" 1 1 1 1 1
"088_Group88" 1 1 1 1 1
"089_Group89" 1 1 1 1 1
"090_Group90" 1 1 1 1 1
"091_Group91" 1 1 1 1 1
"092_Group92" 1 1 1 1 1
"093_Group93" 1 1 1 1 1
"094_Group94" 1 1 1 1 1
"095_Group95" 1 1 1 1 1

"<<<<<< Number of Samples per Acquisition Interval [1unit=500values] >>>>>>"
Time[m] 2 4 6 8 10 
#Samples 2 2 2 2 2 

"<<<<<< Average Temperature [°C] >>>>>>"
Time[m] 2 4 6 8 10 
Temp[°C] 20.5 20.6 20.7 20.7 20.7 

"<<<<<< Well Activity >>>>>>"
Well Group/Time[m] 2 4 6 8 10
A1 "000_Group0" 22 14 7 4 3
B1 "001_Group1" 24 7 7 0 3
C1 "002_Group2" 16 13 7 5 3
D1 "003_Group3" 29 12 6 3 2
E1 "004_Group4" 27 6 1 0 2
F1 "005_Group5" 14 2 4 0 7
G1 "006_Group6" 25 18 6 1 0
H1 "007_Group7" 5 12 0 0 0
A2 "008_Group8" 5 1 7 10 1
B2 "009_Group9" 0 8 0 2 1
C2 "010_Group10" 2 5 3 6 8
D2 "011_Group11" 0 0 14 10 1
E2 "012_Group12" 0 4 4 9 7
F2 "013_Group13" 0 2 7 1 5
G2 "014_Group14" 0 0 5 19 8
H2 "015_Group15" 13 4 3 6 8
A3 "016_Group16" 0 7 13 8 1
B3 "017_Group17" 0 0 0 0 0
C3 "018_Group18" 2 1 7 8 7
D3 "019_Group19" 3 0 7 6 4
E3 "020_Group20" 9 1 4 10 12
F3 "021_Group21" 0 1 3 4 2
G3 "022_Group22" 7 0 2 4 2
H3 "023_Group23" 0 0 0 0 0
A4 "024_Group24" 24 16 2 1 2
B4 "025_Group25" 16 16 15 10 3
C4 "026_Group26" 32 25 18 22 15
D4 "027_Group27" 18 22 10 4 12
E4 "028_Group28" 25 22 19 14 12
F4 "029_Group29" 16 19 13 7 4
G4 "030_Group30" 30 8 17 14 13
H4 "031_Group31" 13 9 11 0 0
A5 "032_Group32" 16 0 0 1 0
B5 "033_Group33" 8 1 2 0 0
C5 "034_Group34" 11 2 0 0 0
D5 "035_Group35" 4 11 2 0 0
E5 "036_Group36" 9 9 12 9 10
F5 "037_Group37" 14 1 1 1 2
G5 "038_Group38" 2 5 1 0 0
H5 "039_Group39" 7 2 0 2 0
A6 "040_Group40" 14 2 9 0 6
B6 "041_Group41" 0 5 0 5 0
C6 "042_Group42" 9 6 12 8 9
D6 "043_Group43" 11 7 5 0 2
E6 "044_Group44" 11 0 0 0 0
F6 "045_Group45" 8 13 4 7 0
G6 "046_Group46" 11 9 6 0 4
H6 "047_Group47" 8 2 1 3 5
A7 "048_Group48" 1 1 4 0 0
B7 "049_Group49" 0 0 0 0 0
C7 "050_Group50" 10 10 1 6 10
D7 "051_Group51" 14 0 0 4 0
E7 "052_Group52" 1 2 0 0 0
F7 "053_Group53" 0 0 0 0 0
G7 "054_Group54" 13 6 4 8 1
H7 "055_Group55" 11 1 9 1 8
A8 "056_Group56" 0 0 8 10 8
B8 "057_Group57" 0 1 5 6 8
C8 "058_Group58" 0 2 1 3 6
D8 "059_Group59" 0 11 5 3 12
E8 "060_Group60" 4 0 0 4 0
F8 "061_Group61" 0 0 0 1 3
G8 "062_Group62" 26 8 5 4 17
H8 "063_Group63" 2 10 5 13 13
A9 "064_Group64" 19 13 12 4 0
B9 "065_Group65" 17 14 11 6 18
C9 "066_Group66" 21 11 3 5 0
D9 "067_Group67" 24 18 17 22 12
E9 "068_Group68" 9 0 1 1 0
F9 "069_Group69" 17 16 1 3 7
G9 "070_Group70" 16 19 19 27 10
H9 "071_Group71" 8 16 5 0 1
A10 "072_Group72" 0 0 0 10 3
B10 "073_Group73" 0 0 0 0 0
C10 "074_Group74" 10 0 9 4 3
D10 "075_Group75" 0 1 1 3 6
E10 "076_Group76" 0 5 8 10 0
F10 "077_Group77" 0 0 0 6 1
G10 "078_Group78" 0 0 0 0 4
H10 "079_Group79" 5 0 2 14 0
A11 "080_Group80" 4 5 1 3 13
B11 "081_Group81" 15 4 11 6 4
C11 "082_Group82" 13 14 1 1 2
D11 "083_Group83" 3 3 10 4 3
E11 "084_Group84" 10 4 7 4 2
F11 "085_Group85" 13 4 3 5 10
G11 "086_Group86" 20 10 12 0 2
H11 "087_Group87" 4 24 10 4 7
A12 "088_Group88" 13 0 2 1 0
B12 "089_Group89" 0 3 0 0 0
C12 "090_Group90" 12 2 0 2 3
D12 "091_Group91" 9 4 1 0 0
E12 "092_Group92" 0 9 6 1 6
F12 "093_Group93" 12 4 0 0 0
G12 "094_Group94" 16 5 2 4 2
H12 "095_Group95" 13 12 7 0 3

"<<<<<< Channel Activity >>>>>>"
Channel Well Group/Time[m] 2 4 6 8 10
CH0 A1.0 "000_Group0" 22 14 7 4 3
CH2 B1.0 "001_Group1" 24 7 7 0 3
CH4 C1.0 "002_Group2" 16 13 7 5 3
CH6 D1.0 "003_Group3" 29 12 6 3 2
CH8 E1.0 "004_Group4" 27 6 1 0 2
CH10 F1.0 "005_Group5" 14 2 4 0 7
CH12 G1.0 "006_Group6" 25 18 6 1 0
CH14 H1.0 "007_Group7" 5 12 0 0 0
CH32 A2.0 "008_Group8" 5 1 7 10 1
CH34 B2.0 "009_Group9" 0 8 0 2 1
CH36 C2.0 "010_Group10" 2 5 3 6 8
CH38 D2.0 "011_Group11" 0 0 14 10 1
CH40 E2.0 "012_Group12" 0 4 4 9 7
CH42 F2.0 "013_Group13" 0 2 7 1 5
CH44 G2.0 "014_Group14" 0 0 5 19 8
CH46 H2.0 "015_Group15" 13 4 3 6 8
CH64 A3.0 "016_Group16" 0 7 13 8 1
CH66 B3.0 "017_Group17" 0 0 0 0 0
CH68 C3.0 "018_Group18" 2 1 7 8 7
CH70 D3.0 "019_Group19" 3 0 7 6 4
CH72 E3.0 "020_Group20" 9 1 4 10 12
CH74 F3.0 "021_Group21" 0 1 3 4 2
CH76 G3.0 "022_Group22" 7 0 2 4 2
CH78 H3.0 "023_Group23" 0 0 0 0 0
CH96 A4.0 "024_Group24" 24 16 2 1 2
CH98 B4.0 "025_Group25" 16 16 15 10 3
CH100 C4.0 "026_Group26" 32 25 18 22 15
CH102 D4.0 "027_Group27" 18 22 10 4 12
CH104 E4.0 "028_Group28" 25 22 19 14 12
CH106 F4.0 "029_Group29" 16 19 13 7 4
CH108 G4.0 "030_Group30" 30 8 17 14 13
CH110 H4.0 "031_Group31" 13 9 11 0 0
CH128 A5.0 "032_Group32" 16 0 0 1 0
CH130 B5.0 "033_Group33" 8 1 2 0 0
CH132 C5.0 "034_Group34" 11 2 0 0 0
CH134 D5.0 "035_Group35" 4 11 2 0 0
CH136 E5.0 "036_Group36" 9 9 12 9 10
CH138 F5.0 "037_Group37" 14 1 1 1 2
CH140 G5.0 "038_Group38" 2 5 1 0 0
CH142 H5.0 "039_Group39" 7 2 0 2 0
CH160 A6.0 "040_Group40" 14 2 9 0 6
CH162 B6.0 "041_Group41" 0 5 0 5 0
CH164 C6.0 "042_Group42" 9 6 12 8 9
CH166 D6.0 "043_Group43" 11 7 5 0 2
CH168 E6.0 "044_Group44" 11 0 0 0 0
CH170 F6.0 "045_Group45" 8 13 4 7 0
CH172 G6.0 "046_Group46" 11 9 6 0 4
CH174 H6.0 "047_Group47" 8 2 1 3 5
CH192 A7.0 "048_Group48" 1 1 4 0 0
CH194 B7.0 "049_Group49" 0 0 0 0 0
CH196 C7.0 "050_Group50" 10 10 1 6 10
CH198 D7.0 "051_Group51" 14 0 0 4 0
CH200 E7.0 "052_Group52" 1 2 0 0 0
CH202 F7.0 "053_Group53" 0 0 0 0 0
CH204 G7.0 "054_Group54" 13 6 4 8 1
CH206 H7.0 "055_Group55" 11 1 9 1 8
CH224 A8.0 "056_Group56" 0 0 8 10 8
CH226 B8.0 "057_Group57" 0 1 5 6 8
CH228 C8.0 "058_Group58" 0 2 1 3 6
CH230 D8.0 "059_Group59" 0 11 5 3 12
CH232 E8.0 "060_Group60" 4 0 0 4 0
CH234 F8.0 "061_Group61" 0 0 0 1 3
CH236 G8.0 "062_Group62" 26 8 5 4 17
CH238 H8.0 "063_Group63" 2 10 5 13 13
CH256 A9.0 "064_Group64" 19 13 12 4 0
CH258 B9.0 "065_Group65" 17 14 11 6 18
CH260 C9.0 "066_Group66" 21 11 3 5 0
CH262 D9.0 "067_Group67" 24 18 17 22 12
CH264 E9.0 "068_Group68" 9 0 1 1 0
CH266 F9.0 "069_Group69" 17 16 1 3 7
CH268 G9.0 "070_Group70" 16 19 19 27 10
CH270 H9.0 "071_Group71" 8 16 5 0 1
CH288 A10.0 "072_Group72" 0 0 0 10 3
CH290 B10.0 "073_Group73" 0 0 0 0 0
CH292 C10.0 "074_Group74" 10 0 9 4 3
CH294 D10.0 "075_Group75" 0 1 1 3 6
CH296 E10.0 "076_Group76" 0 5 8 10 0
CH298 F10.0 "077_Group77" 0 0 0 6 1
CH300 G10.0 "078_Group78" 0 0 0 0 4
CH302 H10.0 "079_Group79" 5 0 2 14 0
CH320 A11.0 "080_Group80" 4 5 1 3 13
CH322 B11.0 "081_Group81" 15 4 11 6 4
CH324 C11.0 "082_Group82" 13 14 1 1 2
CH326 D11.0 "083_Group83" 3 3 10 4 3
CH328 E11.0 "084_Group84" 10 4 7 4 2
CH330 F11.0 "085_Group85" 13 4 3 5 10
CH332 G11.0 "086_Group86" 20 10 12 0 2
CH334 H11.0 "087_Group87" 4 24 10 4 7
CH352 A12.0 "088_Group88" 13 0 2 1 0
CH354 B12.0 "089_Group89" 0 3 0 0 0
CH356 C12.0 "090_Group90" 12 2 0 2 3
CH358 D12.0 "091_Group91" 9 4 1 0 0
CH360 E12.0 "092_Group92" 0 9 6 1 6
CH362 F12.0 "093_Group93" 12 4 0 0 0
CH364 G12.0 "094_Group94" 16 5 2 4 2
CH366 H12.0 "095_Group95" 13 12 7 0 3
