"DATE:" "2/21/2015 9:08:55 AM"
"FILE:" "C:\Users\AndersenLab\Desktop\wmicrotracker\p00011\20150221_0855"
"SUBPROJECT:" "20150221_Longevity_5_daf1"

"<<<<<< Group Activity: Average Activity Counts per Data Interval>>>>>>"
Group/Time[m] 2 4 6 8 10
"000_Group0" 19 28 30 39 28
"001_Group1" 42 36 43 33 29
"002_Group2" 43 29 20 20 32
"003_Group3" 34 34 39 33 40
"004_Group4" 26 33 29 26 23
"005_Group5" 17 26 45 32 34
"006_Group6" 26 24 42 33 34
"007_Group7" 33 20 23 26 27
"008_Group8" 33 13 21 12 14
"009_Group9" 18 14 13 4 13
"010_Group10" 15 9 14 18 13
"011_Group11" 11 17 13 19 16
"012_Group12" 29 21 15 11 16
"013_Group13" 36 19 25 23 14
"014_Group14" 32 29 16 29 21
"015_Group15" 24 29 29 20 29
"016_Group16" 20 19 26 21 17
"017_Group17" 22 14 15 16 20
"018_Group18" 37 29 34 41 26
"019_Group19" 32 15 12 16 16
"020_Group20" 19 19 17 20 18
"021_Group21" 28 12 9 22 16
"022_Group22" 28 21 22 16 15
"023_Group23" 16 12 14 12 16
"024_Group24" 17 21 22 24 29
"025_Group25" 27 20 26 20 19
"026_Group26" 37 25 26 13 19
"027_Group27" 46 20 21 27 32
"028_Group28" 18 27 26 25 26
"029_Group29" 30 32 39 35 26
"030_Group30" 18 34 30 35 23
"031_Group31" 33 38 29 35 28
"032_Group32" 41 48 34 24 29
"033_Group33" 26 17 22 17 14
"034_Group34" 14 18 18 25 23
"035_Group35" 15 18 31 32 27
"036_Group36" 32 26 24 26 23
"037_Group37" 15 15 15 23 16
"038_Group38" 14 27 29 24 14
"039_Group39" 11 19 20 22 19
"040_Group40" 10 18 19 11 24
"041_Group41" 11 30 27 36 39
"042_Group42" 17 15 19 14 18
"043_Group43" 36 36 42 23 17
"044_Group44" 16 27 24 13 19
"045_Group45" 28 27 25 17 24
"046_Group46" 20 27 23 30 24
"047_Group47" 21 27 44 29 44
"048_Group48" 23 18 31 26 30
"049_Group49" 24 19 17 17 31
"050_Group50" 15 14 15 27 13
"051_Group51" 28 17 24 23 22
"052_Group52" 15 19 30 14 19
"053_Group53" 7 18 23 27 21
"054_Group54" 22 28 19 17 31
"055_Group55" 17 26 18 30 29
"056_Group56" 26 15 21 17 19
"057_Group57" 23 12 12 17 9
"058_Group58" 9 11 12 8 14
"059_Group59" 25 18 20 13 7
"060_Group60" 14 19 15 16 15
"061_Group61" 19 14 16 13 15
"062_Group62" 26 30 38 28 14
"063_Group63" 29 18 24 14 20
"064_Group64" 24 12 18 21 25
"065_Group65" 37 27 21 29 36
"066_Group66" 27 34 26 37 24
"067_Group67" 29 34 28 36 34
"068_Group68" 23 24 30 14 23
"069_Group69" 25 28 32 22 26
"070_Group70" 22 33 36 25 28
"071_Group71" 19 32 38 43 38
"072_Group72" 19 21 15 27 18
"073_Group73" 7 6 15 7 36
"074_Group74" 16 12 15 23 13
"075_Group75" 14 15 29 23 12
"076_Group76" 34 8 7 12 16
"077_Group77" 21 13 16 17 21
"078_Group78" 8 9 9 7 9
"079_Group79" 39 38 34 34 22
"080_Group80" 28 35 33 30 42
"081_Group81" 28 36 40 22 30
"082_Group82" 24 26 32 27 39
"083_Group83" 10 29 40 23 23
"084_Group84" 27 25 40 36 19
"085_Group85" 19 41 30 36 46
"086_Group86" 33 32 28 38 20
"087_Group87" 33 37 37 24 26
"088_Group88" 24 29 25 24 26
"089_Group89" 14 23 16 29 18
"090_Group90" 16 36 13 24 24
"091_Group91" 17 24 25 28 32
"092_Group92" 27 25 34 33 25
"093_Group93" 10 27 14 22 18
"094_Group94" 11 15 16 24 21
"095_Group95" 14 27 16 21 25

"<<<<<< Group Activity: Number of wells/group >>>>>>"
Group/Time[m] 2 4 6 8 10
"000_Group0" 1 1 1 1 1
"001_Group1" 1 1 1 1 1
"002_Group2" 1 1 1 1 1
"003_Group3" 1 1 1 1 1
"004_Group4" 1 1 1 1 1
"005_Group5" 1 1 1 1 1
"006_Group6" 1 1 1 1 1
"007_Group7" 1 1 1 1 1
"008_Group8" 1 1 1 1 1
"009_Group9" 1 1 1 1 1
"010_Group10" 1 1 1 1 1
"011_Group11" 1 1 1 1 1
"012_Group12" 1 1 1 1 1
"013_Group13" 1 1 1 1 1
"014_Group14" 1 1 1 1 1
"015_Group15" 1 1 1 1 1
"016_Group16" 1 1 1 1 1
"017_Group17" 1 1 1 1 1
"018_Group18" 1 1 1 1 1
"019_Group19" 1 1 1 1 1
"020_Group20" 1 1 1 1 1
"021_Group21" 1 1 1 1 1
"022_Group22" 1 1 1 1 1
"023_Group23" 1 1 1 1 1
"024_Group24" 1 1 1 1 1
"025_Group25" 1 1 1 1 1
"026_Group26" 1 1 1 1 1
"027_Group27" 1 1 1 1 1
"028_Group28" 1 1 1 1 1
"029_Group29" 1 1 1 1 1
"030_Group30" 1 1 1 1 1
"031_Group31" 1 1 1 1 1
"032_Group32" 1 1 1 1 1
"033_Group33" 1 1 1 1 1
"034_Group34" 1 1 1 1 1
"035_Group35" 1 1 1 1 1
"036_Group36" 1 1 1 1 1
"037_Group37" 1 1 1 1 1
"038_Group38" 1 1 1 1 1
"039_Group39" 1 1 1 1 1
"040_Group40" 1 1 1 1 1
"041_Group41" 1 1 1 1 1
"042_Group42" 1 1 1 1 1
"043_Group43" 1 1 1 1 1
"044_Group44" 1 1 1 1 1
"045_Group45" 1 1 1 1 1
"046_Group46" 1 1 1 1 1
"047_Group47" 1 1 1 1 1
"048_Group48" 1 1 1 1 1
"049_Group49" 1 1 1 1 1
"050_Group50" 1 1 1 1 1
"051_Group51" 1 1 1 1 1
"052_Group52" 1 1 1 1 1
"053_Group53" 1 1 1 1 1
"054_Group54" 1 1 1 1 1
"055_Group55" 1 1 1 1 1
"056_Group56" 1 1 1 1 1
"057_Group57" 1 1 1 1 1
"058_Group58" 1 1 1 1 1
"059_Group59" 1 1 1 1 1
"060_Group60" 1 1 1 1 1
"061_Group61" 1 1 1 1 1
"062_Group62" 1 1 1 1 1
"063_Group63" 1 1 1 1 1
"064_Group64" 1 1 1 1 1
"065_Group65" 1 1 1 1 1
"066_Group66" 1 1 1 1 1
"067_Group67" 1 1 1 1 1
"068_Group68" 1 1 1 1 1
"069_Group69" 1 1 1 1 1
"070_Group70" 1 1 1 1 1
"071_Group71" 1 1 1 1 1
"072_Group72" 1 1 1 1 1
"073_Group73" 1 1 1 1 1
"074_Group74" 1 1 1 1 1
"075_Group75" 1 1 1 1 1
"076_Group76" 1 1 1 1 1
"077_Group77" 1 1 1 1 1
"078_Group78" 1 1 1 1 1
"079_Group79" 1 1 1 1 1
"080_Group80" 1 1 1 1 1
"081_Group81" 1 1 1 1 1
"082_Group82" 1 1 1 1 1
"083_Group83" 1 1 1 1 1
"084_Group84" 1 1 1 1 1
"085_Group85" 1 1 1 1 1
"086_Group86" 1 1 1 1 1
"087_Group87" 1 1 1 1 1
"088_Group88" 1 1 1 1 1
"089_Group89" 1 1 1 1 1
"090_Group90" 1 1 1 1 1
"091_Group91" 1 1 1 1 1
"092_Group92" 1 1 1 1 1
"093_Group93" 1 1 1 1 1
"094_Group94" 1 1 1 1 1
"095_Group95" 1 1 1 1 1

"<<<<<< Number of Samples per Acquisition Interval [1unit=500values] >>>>>>"
Time[m] 2 4 6 8 10 
#Samples 2 2 2 2 2 

"<<<<<< Average Temperature [°C] >>>>>>"
Time[m] 2 4 6 8 10 
Temp[°C] 21.6 21.6 21.6 21.6 21.6 

"<<<<<< Well Activity >>>>>>"
Well Group/Time[m] 2 4 6 8 10
A1 "000_Group0" 19 28 30 39 28
B1 "001_Group1" 42 36 43 33 29
C1 "002_Group2" 43 29 20 20 32
D1 "003_Group3" 34 34 39 33 40
E1 "004_Group4" 26 33 29 26 23
F1 "005_Group5" 17 26 45 32 34
G1 "006_Group6" 26 24 42 33 34
H1 "007_Group7" 33 20 23 26 27
A2 "008_Group8" 33 13 21 12 14
B2 "009_Group9" 18 14 13 4 13
C2 "010_Group10" 15 9 14 18 13
D2 "011_Group11" 11 17 13 19 16
E2 "012_Group12" 29 21 15 11 16
F2 "013_Group13" 36 19 25 23 14
G2 "014_Group14" 32 29 16 29 21
H2 "015_Group15" 24 29 29 20 29
A3 "016_Group16" 20 19 26 21 17
B3 "017_Group17" 22 14 15 16 20
C3 "018_Group18" 37 29 34 41 26
D3 "019_Group19" 32 15 12 16 16
E3 "020_Group20" 19 19 17 20 18
F3 "021_Group21" 28 12 9 22 16
G3 "022_Group22" 28 21 22 16 15
H3 "023_Group23" 16 12 14 12 16
A4 "024_Group24" 17 21 22 24 29
B4 "025_Group25" 27 20 26 20 19
C4 "026_Group26" 37 25 26 13 19
D4 "027_Group27" 46 20 21 27 32
E4 "028_Group28" 18 27 26 25 26
F4 "029_Group29" 30 32 39 35 26
G4 "030_Group30" 18 34 30 35 23
H4 "031_Group31" 33 38 29 35 28
A5 "032_Group32" 41 48 34 24 29
B5 "033_Group33" 26 17 22 17 14
C5 "034_Group34" 14 18 18 25 23
D5 "035_Group35" 15 18 31 32 27
E5 "036_Group36" 32 26 24 26 23
F5 "037_Group37" 15 15 15 23 16
G5 "038_Group38" 14 27 29 24 14
H5 "039_Group39" 11 19 20 22 19
A6 "040_Group40" 10 18 19 11 24
B6 "041_Group41" 11 30 27 36 39
C6 "042_Group42" 17 15 19 14 18
D6 "043_Group43" 36 36 42 23 17
E6 "044_Group44" 16 27 24 13 19
F6 "045_Group45" 28 27 25 17 24
G6 "046_Group46" 20 27 23 30 24
H6 "047_Group47" 21 27 44 29 44
A7 "048_Group48" 23 18 31 26 30
B7 "049_Group49" 24 19 17 17 31
C7 "050_Group50" 15 14 15 27 13
D7 "051_Group51" 28 17 24 23 22
E7 "052_Group52" 15 19 30 14 19
F7 "053_Group53" 7 18 23 27 21
G7 "054_Group54" 22 28 19 17 31
H7 "055_Group55" 17 26 18 30 29
A8 "056_Group56" 26 15 21 17 19
B8 "057_Group57" 23 12 12 17 9
C8 "058_Group58" 9 11 12 8 14
D8 "059_Group59" 25 18 20 13 7
E8 "060_Group60" 14 19 15 16 15
F8 "061_Group61" 19 14 16 13 15
G8 "062_Group62" 26 30 38 28 14
H8 "063_Group63" 29 18 24 14 20
A9 "064_Group64" 24 12 18 21 25
B9 "065_Group65" 37 27 21 29 36
C9 "066_Group66" 27 34 26 37 24
D9 "067_Group67" 29 34 28 36 34
E9 "068_Group68" 23 24 30 14 23
F9 "069_Group69" 25 28 32 22 26
G9 "070_Group70" 22 33 36 25 28
H9 "071_Group71" 19 32 38 43 38
A10 "072_Group72" 19 21 15 27 18
B10 "073_Group73" 7 6 15 7 36
C10 "074_Group74" 16 12 15 23 13
D10 "075_Group75" 14 15 29 23 12
E10 "076_Group76" 34 8 7 12 16
F10 "077_Group77" 21 13 16 17 21
G10 "078_Group78" 8 9 9 7 9
H10 "079_Group79" 39 38 34 34 22
A11 "080_Group80" 28 35 33 30 42
B11 "081_Group81" 28 36 40 22 30
C11 "082_Group82" 24 26 32 27 39
D11 "083_Group83" 10 29 40 23 23
E11 "084_Group84" 27 25 40 36 19
F11 "085_Group85" 19 41 30 36 46
G11 "086_Group86" 33 32 28 38 20
H11 "087_Group87" 33 37 37 24 26
A12 "088_Group88" 24 29 25 24 26
B12 "089_Group89" 14 23 16 29 18
C12 "090_Group90" 16 36 13 24 24
D12 "091_Group91" 17 24 25 28 32
E12 "092_Group92" 27 25 34 33 25
F12 "093_Group93" 10 27 14 22 18
G12 "094_Group94" 11 15 16 24 21
H12 "095_Group95" 14 27 16 21 25

"<<<<<< Channel Activity >>>>>>"
Channel Well Group/Time[m] 2 4 6 8 10
CH0 A1.0 "000_Group0" 19 28 30 39 28
CH2 B1.0 "001_Group1" 42 36 43 33 29
CH4 C1.0 "002_Group2" 43 29 20 20 32
CH6 D1.0 "003_Group3" 34 34 39 33 40
CH8 E1.0 "004_Group4" 26 33 29 26 23
CH10 F1.0 "005_Group5" 17 26 45 32 34
CH12 G1.0 "006_Group6" 26 24 42 33 34
CH14 H1.0 "007_Group7" 33 20 23 26 27
CH32 A2.0 "008_Group8" 33 13 21 12 14
CH34 B2.0 "009_Group9" 18 14 13 4 13
CH36 C2.0 "010_Group10" 15 9 14 18 13
CH38 D2.0 "011_Group11" 11 17 13 19 16
CH40 E2.0 "012_Group12" 29 21 15 11 16
CH42 F2.0 "013_Group13" 36 19 25 23 14
CH44 G2.0 "014_Group14" 32 29 16 29 21
CH46 H2.0 "015_Group15" 24 29 29 20 29
CH64 A3.0 "016_Group16" 20 19 26 21 17
CH66 B3.0 "017_Group17" 22 14 15 16 20
CH68 C3.0 "018_Group18" 37 29 34 41 26
CH70 D3.0 "019_Group19" 32 15 12 16 16
CH72 E3.0 "020_Group20" 19 19 17 20 18
CH74 F3.0 "021_Group21" 28 12 9 22 16
CH76 G3.0 "022_Group22" 28 21 22 16 15
CH78 H3.0 "023_Group23" 16 12 14 12 16
CH96 A4.0 "024_Group24" 17 21 22 24 29
CH98 B4.0 "025_Group25" 27 20 26 20 19
CH100 C4.0 "026_Group26" 37 25 26 13 19
CH102 D4.0 "027_Group27" 46 20 21 27 32
CH104 E4.0 "028_Group28" 18 27 26 25 26
CH106 F4.0 "029_Group29" 30 32 39 35 26
CH108 G4.0 "030_Group30" 18 34 30 35 23
CH110 H4.0 "031_Group31" 33 38 29 35 28
CH128 A5.0 "032_Group32" 41 48 34 24 29
CH130 B5.0 "033_Group33" 26 17 22 17 14
CH132 C5.0 "034_Group34" 14 18 18 25 23
CH134 D5.0 "035_Group35" 15 18 31 32 27
CH136 E5.0 "036_Group36" 32 26 24 26 23
CH138 F5.0 "037_Group37" 15 15 15 23 16
CH140 G5.0 "038_Group38" 14 27 29 24 14
CH142 H5.0 "039_Group39" 11 19 20 22 19
CH160 A6.0 "040_Group40" 10 18 19 11 24
CH162 B6.0 "041_Group41" 11 30 27 36 39
CH164 C6.0 "042_Group42" 17 15 19 14 18
CH166 D6.0 "043_Group43" 36 36 42 23 17
CH168 E6.0 "044_Group44" 16 27 24 13 19
CH170 F6.0 "045_Group45" 28 27 25 17 24
CH172 G6.0 "046_Group46" 20 27 23 30 24
CH174 H6.0 "047_Group47" 21 27 44 29 44
CH192 A7.0 "048_Group48" 23 18 31 26 30
CH194 B7.0 "049_Group49" 24 19 17 17 31
CH196 C7.0 "050_Group50" 15 14 15 27 13
CH198 D7.0 "051_Group51" 28 17 24 23 22
CH200 E7.0 "052_Group52" 15 19 30 14 19
CH202 F7.0 "053_Group53" 7 18 23 27 21
CH204 G7.0 "054_Group54" 22 28 19 17 31
CH206 H7.0 "055_Group55" 17 26 18 30 29
CH224 A8.0 "056_Group56" 26 15 21 17 19
CH226 B8.0 "057_Group57" 23 12 12 17 9
CH228 C8.0 "058_Group58" 9 11 12 8 14
CH230 D8.0 "059_Group59" 25 18 20 13 7
CH232 E8.0 "060_Group60" 14 19 15 16 15
CH234 F8.0 "061_Group61" 19 14 16 13 15
CH236 G8.0 "062_Group62" 26 30 38 28 14
CH238 H8.0 "063_Group63" 29 18 24 14 20
CH256 A9.0 "064_Group64" 24 12 18 21 25
CH258 B9.0 "065_Group65" 37 27 21 29 36
CH260 C9.0 "066_Group66" 27 34 26 37 24
CH262 D9.0 "067_Group67" 29 34 28 36 34
CH264 E9.0 "068_Group68" 23 24 30 14 23
CH266 F9.0 "069_Group69" 25 28 32 22 26
CH268 G9.0 "070_Group70" 22 33 36 25 28
CH270 H9.0 "071_Group71" 19 32 38 43 38
CH288 A10.0 "072_Group72" 19 21 15 27 18
CH290 B10.0 "073_Group73" 7 6 15 7 36
CH292 C10.0 "074_Group74" 16 12 15 23 13
CH294 D10.0 "075_Group75" 14 15 29 23 12
CH296 E10.0 "076_Group76" 34 8 7 12 16
CH298 F10.0 "077_Group77" 21 13 16 17 21
CH300 G10.0 "078_Group78" 8 9 9 7 9
CH302 H10.0 "079_Group79" 39 38 34 34 22
CH320 A11.0 "080_Group80" 28 35 33 30 42
CH322 B11.0 "081_Group81" 28 36 40 22 30
CH324 C11.0 "082_Group82" 24 26 32 27 39
CH326 D11.0 "083_Group83" 10 29 40 23 23
CH328 E11.0 "084_Group84" 27 25 40 36 19
CH330 F11.0 "085_Group85" 19 41 30 36 46
CH332 G11.0 "086_Group86" 33 32 28 38 20
CH334 H11.0 "087_Group87" 33 37 37 24 26
CH352 A12.0 "088_Group88" 24 29 25 24 26
CH354 B12.0 "089_Group89" 14 23 16 29 18
CH356 C12.0 "090_Group90" 16 36 13 24 24
CH358 D12.0 "091_Group91" 17 24 25 28 32
CH360 E12.0 "092_Group92" 27 25 34 33 25
CH362 F12.0 "093_Group93" 10 27 14 22 18
CH364 G12.0 "094_Group94" 11 15 16 24 21
CH366 H12.0 "095_Group95" 14 27 16 21 25
