"DATE:" "3/2/2015 8:55:52 AM"
"FILE:" "C:\Users\AndersenLab\Desktop\wmicrotracker\p00011\20150302_0844"
"SUBPROJECT:" "20150302_Longevity_5_daf1"

"<<<<<< Group Activity: Average Activity Counts per Data Interval>>>>>>"
Group/Time[m] 2 4 6 8 10
"000_Group0" 10 16 10 15 6
"001_Group1" 29 23 19 19 3
"002_Group2" 24 22 22 10 14
"003_Group3" 25 14 17 10 4
"004_Group4" 28 28 34 8 3
"005_Group5" 22 12 5 5 13
"006_Group6" 27 26 17 25 15
"007_Group7" 19 14 8 5 6
"008_Group8" 16 9 9 7 8
"009_Group9" 0 1 12 3 5
"010_Group10" 4 8 15 9 11
"011_Group11" 2 9 6 2 7
"012_Group12" 5 7 5 16 5
"013_Group13" 0 2 6 11 6
"014_Group14" 0 2 7 7 7
"015_Group15" 2 3 11 12 8
"016_Group16" 0 13 10 7 12
"017_Group17" 1 1 13 23 4
"018_Group18" 4 4 11 1 10
"019_Group19" 0 11 10 8 12
"020_Group20" 0 10 6 6 10
"021_Group21" 0 0 9 13 2
"022_Group22" 0 2 2 7 7
"023_Group23" 0 0 0 0 0
"024_Group24" 21 32 8 2 8
"025_Group25" 21 27 21 19 12
"026_Group26" 24 28 13 19 19
"027_Group27" 23 15 26 11 14
"028_Group28" 24 14 18 10 9
"029_Group29" 9 4 6 11 6
"030_Group30" 36 22 29 8 11
"031_Group31" 27 13 18 4 15
"032_Group32" 24 16 19 11 2
"033_Group33" 12 15 9 1 4
"034_Group34" 11 0 1 5 2
"035_Group35" 17 2 13 3 2
"036_Group36" 5 6 2 3 6
"037_Group37" 19 13 7 7 5
"038_Group38" 5 4 0 3 0
"039_Group39" 0 6 0 2 0
"040_Group40" 19 3 9 20 3
"041_Group41" 17 14 9 3 3
"042_Group42" 6 9 0 5 4
"043_Group43" 5 0 0 0 2
"044_Group44" 11 4 14 7 6
"045_Group45" 5 1 0 5 6
"046_Group46" 5 6 2 1 8
"047_Group47" 12 8 7 8 3
"048_Group48" 11 2 9 3 1
"049_Group49" 18 11 7 9 1
"050_Group50" 21 11 1 4 0
"051_Group51" 9 0 1 0 0
"052_Group52" 21 8 3 6 3
"053_Group53" 12 15 3 3 8
"054_Group54" 14 8 1 1 1
"055_Group55" 21 1 11 4 3
"056_Group56" 0 8 13 2 5
"057_Group57" 10 8 9 11 6
"058_Group58" 0 0 10 12 7
"059_Group59" 6 1 6 3 3
"060_Group60" 10 7 13 7 3
"061_Group61" 0 0 18 6 8
"062_Group62" 1 5 11 3 4
"063_Group63" 3 2 4 3 1
"064_Group64" 17 5 3 6 7
"065_Group65" 10 9 10 6 7
"066_Group66" 19 23 17 16 15
"067_Group67" 19 20 26 4 23
"068_Group68" 22 8 11 10 6
"069_Group69" 25 21 9 10 9
"070_Group70" 18 28 30 23 22
"071_Group71" 16 17 10 7 8
"072_Group72" 7 24 8 4 8
"073_Group73" 0 1 11 14 5
"074_Group74" 4 16 9 10 8
"075_Group75" 7 10 10 7 0
"076_Group76" 6 3 3 5 5
"077_Group77" 10 17 11 8 6
"078_Group78" 0 0 5 4 0
"079_Group79" 15 15 6 11 14
"080_Group80" 14 11 13 11 10
"081_Group81" 28 31 10 22 10
"082_Group82" 20 21 28 9 5
"083_Group83" 21 33 24 3 1
"084_Group84" 25 14 20 15 15
"085_Group85" 27 20 11 3 7
"086_Group86" 30 24 19 24 10
"087_Group87" 20 21 7 1 4
"088_Group88" 14 7 5 3 2
"089_Group89" 13 11 9 6 6
"090_Group90" 18 12 10 2 1
"091_Group91" 10 0 1 0 5
"092_Group92" 17 16 3 0 11
"093_Group93" 3 9 1 3 3
"094_Group94" 15 16 8 4 3
"095_Group95" 7 0 0 0 0

"<<<<<< Group Activity: Number of wells/group >>>>>>"
Group/Time[m] 2 4 6 8 10
"000_Group0" 1 1 1 1 1
"001_Group1" 1 1 1 1 1
"002_Group2" 1 1 1 1 1
"003_Group3" 1 1 1 1 1
"004_Group4" 1 1 1 1 1
"005_Group5" 1 1 1 1 1
"006_Group6" 1 1 1 1 1
"007_Group7" 1 1 1 1 1
"008_Group8" 1 1 1 1 1
"009_Group9" 1 1 1 1 1
"010_Group10" 1 1 1 1 1
"011_Group11" 1 1 1 1 1
"012_Group12" 1 1 1 1 1
"013_Group13" 1 1 1 1 1
"014_Group14" 1 1 1 1 1
"015_Group15" 1 1 1 1 1
"016_Group16" 1 1 1 1 1
"017_Group17" 1 1 1 1 1
"018_Group18" 1 1 1 1 1
"019_Group19" 1 1 1 1 1
"020_Group20" 1 1 1 1 1
"021_Group21" 1 1 1 1 1
"022_Group22" 1 1 1 1 1
"023_Group23" 1 1 1 1 1
"024_Group24" 1 1 1 1 1
"025_Group25" 1 1 1 1 1
"026_Group26" 1 1 1 1 1
"027_Group27" 1 1 1 1 1
"028_Group28" 1 1 1 1 1
"029_Group29" 1 1 1 1 1
"030_Group30" 1 1 1 1 1
"031_Group31" 1 1 1 1 1
"032_Group32" 1 1 1 1 1
"033_Group33" 1 1 1 1 1
"034_Group34" 1 1 1 1 1
"035_Group35" 1 1 1 1 1
"036_Group36" 1 1 1 1 1
"037_Group37" 1 1 1 1 1
"038_Group38" 1 1 1 1 1
"039_Group39" 1 1 1 1 1
"040_Group40" 1 1 1 1 1
"041_Group41" 1 1 1 1 1
"042_Group42" 1 1 1 1 1
"043_Group43" 1 1 1 1 1
"044_Group44" 1 1 1 1 1
"045_Group45" 1 1 1 1 1
"046_Group46" 1 1 1 1 1
"047_Group47" 1 1 1 1 1
"048_Group48" 1 1 1 1 1
"049_Group49" 1 1 1 1 1
"050_Group50" 1 1 1 1 1
"051_Group51" 1 1 1 1 1
"052_Group52" 1 1 1 1 1
"053_Group53" 1 1 1 1 1
"054_Group54" 1 1 1 1 1
"055_Group55" 1 1 1 1 1
"056_Group56" 1 1 1 1 1
"057_Group57" 1 1 1 1 1
"058_Group58" 1 1 1 1 1
"059_Group59" 1 1 1 1 1
"060_Group60" 1 1 1 1 1
"061_Group61" 1 1 1 1 1
"062_Group62" 1 1 1 1 1
"063_Group63" 1 1 1 1 1
"064_Group64" 1 1 1 1 1
"065_Group65" 1 1 1 1 1
"066_Group66" 1 1 1 1 1
"067_Group67" 1 1 1 1 1
"068_Group68" 1 1 1 1 1
"069_Group69" 1 1 1 1 1
"070_Group70" 1 1 1 1 1
"071_Group71" 1 1 1 1 1
"072_Group72" 1 1 1 1 1
"073_Group73" 1 1 1 1 1
"074_Group74" 1 1 1 1 1
"075_Group75" 1 1 1 1 1
"076_Group76" 1 1 1 1 1
"077_Group77" 1 1 1 1 1
"078_Group78" 1 1 1 1 1
"079_Group79" 1 1 1 1 1
"080_Group80" 1 1 1 1 1
"081_Group81" 1 1 1 1 1
"082_Group82" 1 1 1 1 1
"083_Group83" 1 1 1 1 1
"084_Group84" 1 1 1 1 1
"085_Group85" 1 1 1 1 1
"086_Group86" 1 1 1 1 1
"087_Group87" 1 1 1 1 1
"088_Group88" 1 1 1 1 1
"089_Group89" 1 1 1 1 1
"090_Group90" 1 1 1 1 1
"091_Group91" 1 1 1 1 1
"092_Group92" 1 1 1 1 1
"093_Group93" 1 1 1 1 1
"094_Group94" 1 1 1 1 1
"095_Group95" 1 1 1 1 1

"<<<<<< Number of Samples per Acquisition Interval [1unit=500values] >>>>>>"
Time[m] 2 4 6 8 10 
#Samples 2 2 2 2 2 

"<<<<<< Average Temperature [°C] >>>>>>"
Time[m] 2 4 6 8 10 
Temp[°C] 20.9 20.9 20.9 20.9 20.9 

"<<<<<< Well Activity >>>>>>"
Well Group/Time[m] 2 4 6 8 10
A1 "000_Group0" 10 16 10 15 6
B1 "001_Group1" 29 23 19 19 3
C1 "002_Group2" 24 22 22 10 14
D1 "003_Group3" 25 14 17 10 4
E1 "004_Group4" 28 28 34 8 3
F1 "005_Group5" 22 12 5 5 13
G1 "006_Group6" 27 26 17 25 15
H1 "007_Group7" 19 14 8 5 6
A2 "008_Group8" 16 9 9 7 8
B2 "009_Group9" 0 1 12 3 5
C2 "010_Group10" 4 8 15 9 11
D2 "011_Group11" 2 9 6 2 7
E2 "012_Group12" 5 7 5 16 5
F2 "013_Group13" 0 2 6 11 6
G2 "014_Group14" 0 2 7 7 7
H2 "015_Group15" 2 3 11 12 8
A3 "016_Group16" 0 13 10 7 12
B3 "017_Group17" 1 1 13 23 4
C3 "018_Group18" 4 4 11 1 10
D3 "019_Group19" 0 11 10 8 12
E3 "020_Group20" 0 10 6 6 10
F3 "021_Group21" 0 0 9 13 2
G3 "022_Group22" 0 2 2 7 7
H3 "023_Group23" 0 0 0 0 0
A4 "024_Group24" 21 32 8 2 8
B4 "025_Group25" 21 27 21 19 12
C4 "026_Group26" 24 28 13 19 19
D4 "027_Group27" 23 15 26 11 14
E4 "028_Group28" 24 14 18 10 9
F4 "029_Group29" 9 4 6 11 6
G4 "030_Group30" 36 22 29 8 11
H4 "031_Group31" 27 13 18 4 15
A5 "032_Group32" 24 16 19 11 2
B5 "033_Group33" 12 15 9 1 4
C5 "034_Group34" 11 0 1 5 2
D5 "035_Group35" 17 2 13 3 2
E5 "036_Group36" 5 6 2 3 6
F5 "037_Group37" 19 13 7 7 5
G5 "038_Group38" 5 4 0 3 0
H5 "039_Group39" 0 6 0 2 0
A6 "040_Group40" 19 3 9 20 3
B6 "041_Group41" 17 14 9 3 3
C6 "042_Group42" 6 9 0 5 4
D6 "043_Group43" 5 0 0 0 2
E6 "044_Group44" 11 4 14 7 6
F6 "045_Group45" 5 1 0 5 6
G6 "046_Group46" 5 6 2 1 8
H6 "047_Group47" 12 8 7 8 3
A7 "048_Group48" 11 2 9 3 1
B7 "049_Group49" 18 11 7 9 1
C7 "050_Group50" 21 11 1 4 0
D7 "051_Group51" 9 0 1 0 0
E7 "052_Group52" 21 8 3 6 3
F7 "053_Group53" 12 15 3 3 8
G7 "054_Group54" 14 8 1 1 1
H7 "055_Group55" 21 1 11 4 3
A8 "056_Group56" 0 8 13 2 5
B8 "057_Group57" 10 8 9 11 6
C8 "058_Group58" 0 0 10 12 7
D8 "059_Group59" 6 1 6 3 3
E8 "060_Group60" 10 7 13 7 3
F8 "061_Group61" 0 0 18 6 8
G8 "062_Group62" 1 5 11 3 4
H8 "063_Group63" 3 2 4 3 1
A9 "064_Group64" 17 5 3 6 7
B9 "065_Group65" 10 9 10 6 7
C9 "066_Group66" 19 23 17 16 15
D9 "067_Group67" 19 20 26 4 23
E9 "068_Group68" 22 8 11 10 6
F9 "069_Group69" 25 21 9 10 9
G9 "070_Group70" 18 28 30 23 22
H9 "071_Group71" 16 17 10 7 8
A10 "072_Group72" 7 24 8 4 8
B10 "073_Group73" 0 1 11 14 5
C10 "074_Group74" 4 16 9 10 8
D10 "075_Group75" 7 10 10 7 0
E10 "076_Group76" 6 3 3 5 5
F10 "077_Group77" 10 17 11 8 6
G10 "078_Group78" 0 0 5 4 0
H10 "079_Group79" 15 15 6 11 14
A11 "080_Group80" 14 11 13 11 10
B11 "081_Group81" 28 31 10 22 10
C11 "082_Group82" 20 21 28 9 5
D11 "083_Group83" 21 33 24 3 1
E11 "084_Group84" 25 14 20 15 15
F11 "085_Group85" 27 20 11 3 7
G11 "086_Group86" 30 24 19 24 10
H11 "087_Group87" 20 21 7 1 4
A12 "088_Group88" 14 7 5 3 2
B12 "089_Group89" 13 11 9 6 6
C12 "090_Group90" 18 12 10 2 1
D12 "091_Group91" 10 0 1 0 5
E12 "092_Group92" 17 16 3 0 11
F12 "093_Group93" 3 9 1 3 3
G12 "094_Group94" 15 16 8 4 3
H12 "095_Group95" 7 0 0 0 0

"<<<<<< Channel Activity >>>>>>"
Channel Well Group/Time[m] 2 4 6 8 10
CH0 A1.0 "000_Group0" 10 16 10 15 6
CH2 B1.0 "001_Group1" 29 23 19 19 3
CH4 C1.0 "002_Group2" 24 22 22 10 14
CH6 D1.0 "003_Group3" 25 14 17 10 4
CH8 E1.0 "004_Group4" 28 28 34 8 3
CH10 F1.0 "005_Group5" 22 12 5 5 13
CH12 G1.0 "006_Group6" 27 26 17 25 15
CH14 H1.0 "007_Group7" 19 14 8 5 6
CH32 A2.0 "008_Group8" 16 9 9 7 8
CH34 B2.0 "009_Group9" 0 1 12 3 5
CH36 C2.0 "010_Group10" 4 8 15 9 11
CH38 D2.0 "011_Group11" 2 9 6 2 7
CH40 E2.0 "012_Group12" 5 7 5 16 5
CH42 F2.0 "013_Group13" 0 2 6 11 6
CH44 G2.0 "014_Group14" 0 2 7 7 7
CH46 H2.0 "015_Group15" 2 3 11 12 8
CH64 A3.0 "016_Group16" 0 13 10 7 12
CH66 B3.0 "017_Group17" 1 1 13 23 4
CH68 C3.0 "018_Group18" 4 4 11 1 10
CH70 D3.0 "019_Group19" 0 11 10 8 12
CH72 E3.0 "020_Group20" 0 10 6 6 10
CH74 F3.0 "021_Group21" 0 0 9 13 2
CH76 G3.0 "022_Group22" 0 2 2 7 7
CH78 H3.0 "023_Group23" 0 0 0 0 0
CH96 A4.0 "024_Group24" 21 32 8 2 8
CH98 B4.0 "025_Group25" 21 27 21 19 12
CH100 C4.0 "026_Group26" 24 28 13 19 19
CH102 D4.0 "027_Group27" 23 15 26 11 14
CH104 E4.0 "028_Group28" 24 14 18 10 9
CH106 F4.0 "029_Group29" 9 4 6 11 6
CH108 G4.0 "030_Group30" 36 22 29 8 11
CH110 H4.0 "031_Group31" 27 13 18 4 15
CH128 A5.0 "032_Group32" 24 16 19 11 2
CH130 B5.0 "033_Group33" 12 15 9 1 4
CH132 C5.0 "034_Group34" 11 0 1 5 2
CH134 D5.0 "035_Group35" 17 2 13 3 2
CH136 E5.0 "036_Group36" 5 6 2 3 6
CH138 F5.0 "037_Group37" 19 13 7 7 5
CH140 G5.0 "038_Group38" 5 4 0 3 0
CH142 H5.0 "039_Group39" 0 6 0 2 0
CH160 A6.0 "040_Group40" 19 3 9 20 3
CH162 B6.0 "041_Group41" 17 14 9 3 3
CH164 C6.0 "042_Group42" 6 9 0 5 4
CH166 D6.0 "043_Group43" 5 0 0 0 2
CH168 E6.0 "044_Group44" 11 4 14 7 6
CH170 F6.0 "045_Group45" 5 1 0 5 6
CH172 G6.0 "046_Group46" 5 6 2 1 8
CH174 H6.0 "047_Group47" 12 8 7 8 3
CH192 A7.0 "048_Group48" 11 2 9 3 1
CH194 B7.0 "049_Group49" 18 11 7 9 1
CH196 C7.0 "050_Group50" 21 11 1 4 0
CH198 D7.0 "051_Group51" 9 0 1 0 0
CH200 E7.0 "052_Group52" 21 8 3 6 3
CH202 F7.0 "053_Group53" 12 15 3 3 8
CH204 G7.0 "054_Group54" 14 8 1 1 1
CH206 H7.0 "055_Group55" 21 1 11 4 3
CH224 A8.0 "056_Group56" 0 8 13 2 5
CH226 B8.0 "057_Group57" 10 8 9 11 6
CH228 C8.0 "058_Group58" 0 0 10 12 7
CH230 D8.0 "059_Group59" 6 1 6 3 3
CH232 E8.0 "060_Group60" 10 7 13 7 3
CH234 F8.0 "061_Group61" 0 0 18 6 8
CH236 G8.0 "062_Group62" 1 5 11 3 4
CH238 H8.0 "063_Group63" 3 2 4 3 1
CH256 A9.0 "064_Group64" 17 5 3 6 7
CH258 B9.0 "065_Group65" 10 9 10 6 7
CH260 C9.0 "066_Group66" 19 23 17 16 15
CH262 D9.0 "067_Group67" 19 20 26 4 23
CH264 E9.0 "068_Group68" 22 8 11 10 6
CH266 F9.0 "069_Group69" 25 21 9 10 9
CH268 G9.0 "070_Group70" 18 28 30 23 22
CH270 H9.0 "071_Group71" 16 17 10 7 8
CH288 A10.0 "072_Group72" 7 24 8 4 8
CH290 B10.0 "073_Group73" 0 1 11 14 5
CH292 C10.0 "074_Group74" 4 16 9 10 8
CH294 D10.0 "075_Group75" 7 10 10 7 0
CH296 E10.0 "076_Group76" 6 3 3 5 5
CH298 F10.0 "077_Group77" 10 17 11 8 6
CH300 G10.0 "078_Group78" 0 0 5 4 0
CH302 H10.0 "079_Group79" 15 15 6 11 14
CH320 A11.0 "080_Group80" 14 11 13 11 10
CH322 B11.0 "081_Group81" 28 31 10 22 10
CH324 C11.0 "082_Group82" 20 21 28 9 5
CH326 D11.0 "083_Group83" 21 33 24 3 1
CH328 E11.0 "084_Group84" 25 14 20 15 15
CH330 F11.0 "085_Group85" 27 20 11 3 7
CH332 G11.0 "086_Group86" 30 24 19 24 10
CH334 H11.0 "087_Group87" 20 21 7 1 4
CH352 A12.0 "088_Group88" 14 7 5 3 2
CH354 B12.0 "089_Group89" 13 11 9 6 6
CH356 C12.0 "090_Group90" 18 12 10 2 1
CH358 D12.0 "091_Group91" 10 0 1 0 5
CH360 E12.0 "092_Group92" 17 16 3 0 11
CH362 F12.0 "093_Group93" 3 9 1 3 3
CH364 G12.0 "094_Group94" 15 16 8 4 3
CH366 H12.0 "095_Group95" 7 0 0 0 0
