"DATE:" "2/28/2015 9:08:46 AM"
"FILE:" "C:\Users\AndersenLab\Desktop\wmicrotracker\p00011\20150228_0857"
"SUBPROJECT:" "20150228_Longevity_5_daf1"

"<<<<<< Group Activity: Average Activity Counts per Data Interval>>>>>>"
Group/Time[m] 2 4 6 8 10
"000_Group0" 27 16 12 15 8
"001_Group1" 23 13 22 12 17
"002_Group2" 20 36 16 3 5
"003_Group3" 16 7 14 9 4
"004_Group4" 35 32 12 11 21
"005_Group5" 15 17 18 10 11
"006_Group6" 42 28 37 23 26
"007_Group7" 5 11 14 15 10
"008_Group8" 18 0 2 9 1
"009_Group9" 3 9 1 8 2
"010_Group10" 2 6 5 13 14
"011_Group11" 5 2 13 6 9
"012_Group12" 5 6 5 8 6
"013_Group13" 6 9 11 16 5
"014_Group14" 3 5 10 1 13
"015_Group15" 10 8 6 11 11
"016_Group16" 0 8 7 13 8
"017_Group17" 12 6 4 10 2
"018_Group18" 4 6 14 6 10
"019_Group19" 3 2 10 17 13
"020_Group20" 10 1 13 8 13
"021_Group21" 2 12 17 13 6
"022_Group22" 2 7 5 5 13
"023_Group23" 0 0 0 0 0
"024_Group24" 19 14 10 9 3
"025_Group25" 22 25 28 16 19
"026_Group26" 15 12 8 11 6
"027_Group27" 39 18 23 10 10
"028_Group28" 31 19 5 11 7
"029_Group29" 15 14 22 10 11
"030_Group30" 31 34 21 27 24
"031_Group31" 20 17 19 11 9
"032_Group32" 7 15 13 17 2
"033_Group33" 9 10 10 7 1
"034_Group34" 13 23 4 4 14
"035_Group35" 8 13 5 6 10
"036_Group36" 7 4 8 7 7
"037_Group37" 14 3 4 4 6
"038_Group38" 11 9 10 8 1
"039_Group39" 17 6 17 3 3
"040_Group40" 33 12 9 1 6
"041_Group41" 27 22 20 13 2
"042_Group42" 17 7 2 8 5
"043_Group43" 11 20 12 10 10
"044_Group44" 7 13 7 8 4
"045_Group45" 16 10 7 16 8
"046_Group46" 6 14 10 4 4
"047_Group47" 11 6 14 6 5
"048_Group48" 16 15 2 5 2
"049_Group49" 24 13 10 9 2
"050_Group50" 22 22 5 8 2
"051_Group51" 9 13 5 10 10
"052_Group52" 6 3 5 1 1
"053_Group53" 15 10 19 3 13
"054_Group54" 21 7 9 12 4
"055_Group55" 10 13 7 8 6
"056_Group56" 1 9 12 10 12
"057_Group57" 2 10 7 11 13
"058_Group58" 0 6 6 7 1
"059_Group59" 1 12 13 6 17
"060_Group60" 15 9 19 6 1
"061_Group61" 22 12 5 10 5
"062_Group62" 4 3 5 4 11
"063_Group63" 5 4 6 10 0
"064_Group64" 22 21 14 4 7
"065_Group65" 18 13 9 8 8
"066_Group66" 11 9 5 6 11
"067_Group67" 24 17 26 16 12
"068_Group68" 46 39 44 26 18
"069_Group69" 32 21 20 12 13
"070_Group70" 26 29 11 6 13
"071_Group71" 6 13 8 12 5
"072_Group72" 17 8 0 6 8
"073_Group73" 0 2 10 0 6
"074_Group74" 1 8 11 13 11
"075_Group75" 0 0 11 9 9
"076_Group76" 11 0 7 3 0
"077_Group77" 6 5 3 13 7
"078_Group78" 9 9 11 11 16
"079_Group79" 0 2 9 11 10
"080_Group80" 33 44 22 17 12
"081_Group81" 18 12 18 19 6
"082_Group82" 31 26 24 19 13
"083_Group83" 23 21 22 12 17
"084_Group84" 21 26 9 9 7
"085_Group85" 35 23 12 3 5
"086_Group86" 18 19 13 20 8
"087_Group87" 8 17 20 4 11
"088_Group88" 15 0 2 11 2
"089_Group89" 11 12 7 1 4
"090_Group90" 10 11 12 9 2
"091_Group91" 21 7 6 6 5
"092_Group92" 8 15 4 1 1
"093_Group93" 11 6 2 1 9
"094_Group94" 21 5 2 5 5
"095_Group95" 20 34 7 2 4

"<<<<<< Group Activity: Number of wells/group >>>>>>"
Group/Time[m] 2 4 6 8 10
"000_Group0" 1 1 1 1 1
"001_Group1" 1 1 1 1 1
"002_Group2" 1 1 1 1 1
"003_Group3" 1 1 1 1 1
"004_Group4" 1 1 1 1 1
"005_Group5" 1 1 1 1 1
"006_Group6" 1 1 1 1 1
"007_Group7" 1 1 1 1 1
"008_Group8" 1 1 1 1 1
"009_Group9" 1 1 1 1 1
"010_Group10" 1 1 1 1 1
"011_Group11" 1 1 1 1 1
"012_Group12" 1 1 1 1 1
"013_Group13" 1 1 1 1 1
"014_Group14" 1 1 1 1 1
"015_Group15" 1 1 1 1 1
"016_Group16" 1 1 1 1 1
"017_Group17" 1 1 1 1 1
"018_Group18" 1 1 1 1 1
"019_Group19" 1 1 1 1 1
"020_Group20" 1 1 1 1 1
"021_Group21" 1 1 1 1 1
"022_Group22" 1 1 1 1 1
"023_Group23" 1 1 1 1 1
"024_Group24" 1 1 1 1 1
"025_Group25" 1 1 1 1 1
"026_Group26" 1 1 1 1 1
"027_Group27" 1 1 1 1 1
"028_Group28" 1 1 1 1 1
"029_Group29" 1 1 1 1 1
"030_Group30" 1 1 1 1 1
"031_Group31" 1 1 1 1 1
"032_Group32" 1 1 1 1 1
"033_Group33" 1 1 1 1 1
"034_Group34" 1 1 1 1 1
"035_Group35" 1 1 1 1 1
"036_Group36" 1 1 1 1 1
"037_Group37" 1 1 1 1 1
"038_Group38" 1 1 1 1 1
"039_Group39" 1 1 1 1 1
"040_Group40" 1 1 1 1 1
"041_Group41" 1 1 1 1 1
"042_Group42" 1 1 1 1 1
"043_Group43" 1 1 1 1 1
"044_Group44" 1 1 1 1 1
"045_Group45" 1 1 1 1 1
"046_Group46" 1 1 1 1 1
"047_Group47" 1 1 1 1 1
"048_Group48" 1 1 1 1 1
"049_Group49" 1 1 1 1 1
"050_Group50" 1 1 1 1 1
"051_Group51" 1 1 1 1 1
"052_Group52" 1 1 1 1 1
"053_Group53" 1 1 1 1 1
"054_Group54" 1 1 1 1 1
"055_Group55" 1 1 1 1 1
"056_Group56" 1 1 1 1 1
"057_Group57" 1 1 1 1 1
"058_Group58" 1 1 1 1 1
"059_Group59" 1 1 1 1 1
"060_Group60" 1 1 1 1 1
"061_Group61" 1 1 1 1 1
"062_Group62" 1 1 1 1 1
"063_Group63" 1 1 1 1 1
"064_Group64" 1 1 1 1 1
"065_Group65" 1 1 1 1 1
"066_Group66" 1 1 1 1 1
"067_Group67" 1 1 1 1 1
"068_Group68" 1 1 1 1 1
"069_Group69" 1 1 1 1 1
"070_Group70" 1 1 1 1 1
"071_Group71" 1 1 1 1 1
"072_Group72" 1 1 1 1 1
"073_Group73" 1 1 1 1 1
"074_Group74" 1 1 1 1 1
"075_Group75" 1 1 1 1 1
"076_Group76" 1 1 1 1 1
"077_Group77" 1 1 1 1 1
"078_Group78" 1 1 1 1 1
"079_Group79" 1 1 1 1 1
"080_Group80" 1 1 1 1 1
"081_Group81" 1 1 1 1 1
"082_Group82" 1 1 1 1 1
"083_Group83" 1 1 1 1 1
"084_Group84" 1 1 1 1 1
"085_Group85" 1 1 1 1 1
"086_Group86" 1 1 1 1 1
"087_Group87" 1 1 1 1 1
"088_Group88" 1 1 1 1 1
"089_Group89" 1 1 1 1 1
"090_Group90" 1 1 1 1 1
"091_Group91" 1 1 1 1 1
"092_Group92" 1 1 1 1 1
"093_Group93" 1 1 1 1 1
"094_Group94" 1 1 1 1 1
"095_Group95" 1 1 1 1 1

"<<<<<< Number of Samples per Acquisition Interval [1unit=500values] >>>>>>"
Time[m] 2 4 6 8 10 
#Samples 2 2 2 2 2 

"<<<<<< Average Temperature [°C] >>>>>>"
Time[m] 2 4 6 8 10 
Temp[°C] 21.4 21.4 21.4 21.4 21.4 

"<<<<<< Well Activity >>>>>>"
Well Group/Time[m] 2 4 6 8 10
A1 "000_Group0" 27 16 12 15 8
B1 "001_Group1" 23 13 22 12 17
C1 "002_Group2" 20 36 16 3 5
D1 "003_Group3" 16 7 14 9 4
E1 "004_Group4" 35 32 12 11 21
F1 "005_Group5" 15 17 18 10 11
G1 "006_Group6" 42 28 37 23 26
H1 "007_Group7" 5 11 14 15 10
A2 "008_Group8" 18 0 2 9 1
B2 "009_Group9" 3 9 1 8 2
C2 "010_Group10" 2 6 5 13 14
D2 "011_Group11" 5 2 13 6 9
E2 "012_Group12" 5 6 5 8 6
F2 "013_Group13" 6 9 11 16 5
G2 "014_Group14" 3 5 10 1 13
H2 "015_Group15" 10 8 6 11 11
A3 "016_Group16" 0 8 7 13 8
B3 "017_Group17" 12 6 4 10 2
C3 "018_Group18" 4 6 14 6 10
D3 "019_Group19" 3 2 10 17 13
E3 "020_Group20" 10 1 13 8 13
F3 "021_Group21" 2 12 17 13 6
G3 "022_Group22" 2 7 5 5 13
H3 "023_Group23" 0 0 0 0 0
A4 "024_Group24" 19 14 10 9 3
B4 "025_Group25" 22 25 28 16 19
C4 "026_Group26" 15 12 8 11 6
D4 "027_Group27" 39 18 23 10 10
E4 "028_Group28" 31 19 5 11 7
F4 "029_Group29" 15 14 22 10 11
G4 "030_Group30" 31 34 21 27 24
H4 "031_Group31" 20 17 19 11 9
A5 "032_Group32" 7 15 13 17 2
B5 "033_Group33" 9 10 10 7 1
C5 "034_Group34" 13 23 4 4 14
D5 "035_Group35" 8 13 5 6 10
E5 "036_Group36" 7 4 8 7 7
F5 "037_Group37" 14 3 4 4 6
G5 "038_Group38" 11 9 10 8 1
H5 "039_Group39" 17 6 17 3 3
A6 "040_Group40" 33 12 9 1 6
B6 "041_Group41" 27 22 20 13 2
C6 "042_Group42" 17 7 2 8 5
D6 "043_Group43" 11 20 12 10 10
E6 "044_Group44" 7 13 7 8 4
F6 "045_Group45" 16 10 7 16 8
G6 "046_Group46" 6 14 10 4 4
H6 "047_Group47" 11 6 14 6 5
A7 "048_Group48" 16 15 2 5 2
B7 "049_Group49" 24 13 10 9 2
C7 "050_Group50" 22 22 5 8 2
D7 "051_Group51" 9 13 5 10 10
E7 "052_Group52" 6 3 5 1 1
F7 "053_Group53" 15 10 19 3 13
G7 "054_Group54" 21 7 9 12 4
H7 "055_Group55" 10 13 7 8 6
A8 "056_Group56" 1 9 12 10 12
B8 "057_Group57" 2 10 7 11 13
C8 "058_Group58" 0 6 6 7 1
D8 "059_Group59" 1 12 13 6 17
E8 "060_Group60" 15 9 19 6 1
F8 "061_Group61" 22 12 5 10 5
G8 "062_Group62" 4 3 5 4 11
H8 "063_Group63" 5 4 6 10 0
A9 "064_Group64" 22 21 14 4 7
B9 "065_Group65" 18 13 9 8 8
C9 "066_Group66" 11 9 5 6 11
D9 "067_Group67" 24 17 26 16 12
E9 "068_Group68" 46 39 44 26 18
F9 "069_Group69" 32 21 20 12 13
G9 "070_Group70" 26 29 11 6 13
H9 "071_Group71" 6 13 8 12 5
A10 "072_Group72" 17 8 0 6 8
B10 "073_Group73" 0 2 10 0 6
C10 "074_Group74" 1 8 11 13 11
D10 "075_Group75" 0 0 11 9 9
E10 "076_Group76" 11 0 7 3 0
F10 "077_Group77" 6 5 3 13 7
G10 "078_Group78" 9 9 11 11 16
H10 "079_Group79" 0 2 9 11 10
A11 "080_Group80" 33 44 22 17 12
B11 "081_Group81" 18 12 18 19 6
C11 "082_Group82" 31 26 24 19 13
D11 "083_Group83" 23 21 22 12 17
E11 "084_Group84" 21 26 9 9 7
F11 "085_Group85" 35 23 12 3 5
G11 "086_Group86" 18 19 13 20 8
H11 "087_Group87" 8 17 20 4 11
A12 "088_Group88" 15 0 2 11 2
B12 "089_Group89" 11 12 7 1 4
C12 "090_Group90" 10 11 12 9 2
D12 "091_Group91" 21 7 6 6 5
E12 "092_Group92" 8 15 4 1 1
F12 "093_Group93" 11 6 2 1 9
G12 "094_Group94" 21 5 2 5 5
H12 "095_Group95" 20 34 7 2 4

"<<<<<< Channel Activity >>>>>>"
Channel Well Group/Time[m] 2 4 6 8 10
CH0 A1.0 "000_Group0" 27 16 12 15 8
CH2 B1.0 "001_Group1" 23 13 22 12 17
CH4 C1.0 "002_Group2" 20 36 16 3 5
CH6 D1.0 "003_Group3" 16 7 14 9 4
CH8 E1.0 "004_Group4" 35 32 12 11 21
CH10 F1.0 "005_Group5" 15 17 18 10 11
CH12 G1.0 "006_Group6" 42 28 37 23 26
CH14 H1.0 "007_Group7" 5 11 14 15 10
CH32 A2.0 "008_Group8" 18 0 2 9 1
CH34 B2.0 "009_Group9" 3 9 1 8 2
CH36 C2.0 "010_Group10" 2 6 5 13 14
CH38 D2.0 "011_Group11" 5 2 13 6 9
CH40 E2.0 "012_Group12" 5 6 5 8 6
CH42 F2.0 "013_Group13" 6 9 11 16 5
CH44 G2.0 "014_Group14" 3 5 10 1 13
CH46 H2.0 "015_Group15" 10 8 6 11 11
CH64 A3.0 "016_Group16" 0 8 7 13 8
CH66 B3.0 "017_Group17" 12 6 4 10 2
CH68 C3.0 "018_Group18" 4 6 14 6 10
CH70 D3.0 "019_Group19" 3 2 10 17 13
CH72 E3.0 "020_Group20" 10 1 13 8 13
CH74 F3.0 "021_Group21" 2 12 17 13 6
CH76 G3.0 "022_Group22" 2 7 5 5 13
CH78 H3.0 "023_Group23" 0 0 0 0 0
CH96 A4.0 "024_Group24" 19 14 10 9 3
CH98 B4.0 "025_Group25" 22 25 28 16 19
CH100 C4.0 "026_Group26" 15 12 8 11 6
CH102 D4.0 "027_Group27" 39 18 23 10 10
CH104 E4.0 "028_Group28" 31 19 5 11 7
CH106 F4.0 "029_Group29" 15 14 22 10 11
CH108 G4.0 "030_Group30" 31 34 21 27 24
CH110 H4.0 "031_Group31" 20 17 19 11 9
CH128 A5.0 "032_Group32" 7 15 13 17 2
CH130 B5.0 "033_Group33" 9 10 10 7 1
CH132 C5.0 "034_Group34" 13 23 4 4 14
CH134 D5.0 "035_Group35" 8 13 5 6 10
CH136 E5.0 "036_Group36" 7 4 8 7 7
CH138 F5.0 "037_Group37" 14 3 4 4 6
CH140 G5.0 "038_Group38" 11 9 10 8 1
CH142 H5.0 "039_Group39" 17 6 17 3 3
CH160 A6.0 "040_Group40" 33 12 9 1 6
CH162 B6.0 "041_Group41" 27 22 20 13 2
CH164 C6.0 "042_Group42" 17 7 2 8 5
CH166 D6.0 "043_Group43" 11 20 12 10 10
CH168 E6.0 "044_Group44" 7 13 7 8 4
CH170 F6.0 "045_Group45" 16 10 7 16 8
CH172 G6.0 "046_Group46" 6 14 10 4 4
CH174 H6.0 "047_Group47" 11 6 14 6 5
CH192 A7.0 "048_Group48" 16 15 2 5 2
CH194 B7.0 "049_Group49" 24 13 10 9 2
CH196 C7.0 "050_Group50" 22 22 5 8 2
CH198 D7.0 "051_Group51" 9 13 5 10 10
CH200 E7.0 "052_Group52" 6 3 5 1 1
CH202 F7.0 "053_Group53" 15 10 19 3 13
CH204 G7.0 "054_Group54" 21 7 9 12 4
CH206 H7.0 "055_Group55" 10 13 7 8 6
CH224 A8.0 "056_Group56" 1 9 12 10 12
CH226 B8.0 "057_Group57" 2 10 7 11 13
CH228 C8.0 "058_Group58" 0 6 6 7 1
CH230 D8.0 "059_Group59" 1 12 13 6 17
CH232 E8.0 "060_Group60" 15 9 19 6 1
CH234 F8.0 "061_Group61" 22 12 5 10 5
CH236 G8.0 "062_Group62" 4 3 5 4 11
CH238 H8.0 "063_Group63" 5 4 6 10 0
CH256 A9.0 "064_Group64" 22 21 14 4 7
CH258 B9.0 "065_Group65" 18 13 9 8 8
CH260 C9.0 "066_Group66" 11 9 5 6 11
CH262 D9.0 "067_Group67" 24 17 26 16 12
CH264 E9.0 "068_Group68" 46 39 44 26 18
CH266 F9.0 "069_Group69" 32 21 20 12 13
CH268 G9.0 "070_Group70" 26 29 11 6 13
CH270 H9.0 "071_Group71" 6 13 8 12 5
CH288 A10.0 "072_Group72" 17 8 0 6 8
CH290 B10.0 "073_Group73" 0 2 10 0 6
CH292 C10.0 "074_Group74" 1 8 11 13 11
CH294 D10.0 "075_Group75" 0 0 11 9 9
CH296 E10.0 "076_Group76" 11 0 7 3 0
CH298 F10.0 "077_Group77" 6 5 3 13 7
CH300 G10.0 "078_Group78" 9 9 11 11 16
CH302 H10.0 "079_Group79" 0 2 9 11 10
CH320 A11.0 "080_Group80" 33 44 22 17 12
CH322 B11.0 "081_Group81" 18 12 18 19 6
CH324 C11.0 "082_Group82" 31 26 24 19 13
CH326 D11.0 "083_Group83" 23 21 22 12 17
CH328 E11.0 "084_Group84" 21 26 9 9 7
CH330 F11.0 "085_Group85" 35 23 12 3 5
CH332 G11.0 "086_Group86" 18 19 13 20 8
CH334 H11.0 "087_Group87" 8 17 20 4 11
CH352 A12.0 "088_Group88" 15 0 2 11 2
CH354 B12.0 "089_Group89" 11 12 7 1 4
CH356 C12.0 "090_Group90" 10 11 12 9 2
CH358 D12.0 "091_Group91" 21 7 6 6 5
CH360 E12.0 "092_Group92" 8 15 4 1 1
CH362 F12.0 "093_Group93" 11 6 2 1 9
CH364 G12.0 "094_Group94" 21 5 2 5 5
CH366 H12.0 "095_Group95" 20 34 7 2 4
