"DATE:" "2/24/2015 9:00:22 AM"
"FILE:" "C:\Users\AndersenLab\Desktop\wmicrotracker\p00011\20150224_0848"
"SUBPROJECT:" "20150224_Longevity_5_daf1"

"<<<<<< Group Activity: Average Activity Counts per Data Interval>>>>>>"
Group/Time[m] 2 4 6 8 10
"000_Group0" 35 29 16 22 17
"001_Group1" 45 21 26 19 31
"002_Group2" 37 11 8 11 12
"003_Group3" 21 24 14 11 11
"004_Group4" 29 26 32 12 13
"005_Group5" 39 29 34 14 15
"006_Group6" 48 28 25 15 49
"007_Group7" 48 29 26 18 21
"008_Group8" 3 3 6 10 9
"009_Group9" 7 5 9 5 0
"010_Group10" 7 10 11 10 10
"011_Group11" 2 19 5 16 5
"012_Group12" 5 6 12 21 12
"013_Group13" 8 4 4 12 7
"014_Group14" 6 16 14 12 13
"015_Group15" 13 9 13 9 17
"016_Group16" 7 3 10 10 3
"017_Group17" 5 15 12 9 8
"018_Group18" 5 4 4 9 2
"019_Group19" 13 26 6 14 14
"020_Group20" 21 14 1 14 16
"021_Group21" 9 18 0 11 3
"022_Group22" 4 8 19 2 8
"023_Group23" 9 21 0 1 0
"024_Group24" 12 13 17 14 11
"025_Group25" 17 17 11 13 15
"026_Group26" 13 21 35 20 9
"027_Group27" 28 35 27 12 16
"028_Group28" 18 17 13 10 5
"029_Group29" 29 12 12 13 16
"030_Group30" 39 12 23 14 11
"031_Group31" 19 12 23 11 13
"032_Group32" 26 23 17 16 10
"033_Group33" 12 9 10 10 9
"034_Group34" 11 12 10 7 9
"035_Group35" 12 12 17 16 17
"036_Group36" 30 21 12 13 11
"037_Group37" 16 13 16 13 18
"038_Group38" 32 14 13 14 9
"039_Group39" 22 18 11 17 18
"040_Group40" 20 15 20 22 7
"041_Group41" 12 11 17 14 10
"042_Group42" 26 14 7 15 19
"043_Group43" 9 19 10 10 14
"044_Group44" 16 18 8 20 12
"045_Group45" 21 17 13 16 22
"046_Group46" 21 15 13 16 13
"047_Group47" 41 30 22 23 8
"048_Group48" 12 10 15 11 17
"049_Group49" 36 12 19 17 15
"050_Group50" 20 17 14 13 9
"051_Group51" 16 21 19 11 20
"052_Group52" 11 22 8 9 6
"053_Group53" 16 16 11 11 9
"054_Group54" 19 15 10 9 15
"055_Group55" 30 15 10 12 8
"056_Group56" 3 10 10 8 0
"057_Group57" 10 9 12 11 9
"058_Group58" 6 14 10 5 25
"059_Group59" 3 13 5 5 7
"060_Group60" 1 5 6 2 6
"061_Group61" 17 17 13 10 6
"062_Group62" 10 20 15 0 10
"063_Group63" 5 12 13 4 7
"064_Group64" 20 11 10 14 10
"065_Group65" 30 16 29 8 16
"066_Group66" 17 26 15 11 14
"067_Group67" 19 21 4 17 23
"068_Group68" 28 32 25 14 8
"069_Group69" 27 47 27 21 10
"070_Group70" 20 25 31 26 10
"071_Group71" 36 37 26 19 11
"072_Group72" 1 12 0 4 1
"073_Group73" 15 6 5 3 1
"074_Group74" 8 16 10 14 13
"075_Group75" 12 13 15 10 6
"076_Group76" 2 10 3 5 9
"077_Group77" 7 21 11 14 1
"078_Group78" 5 16 6 6 9
"079_Group79" 3 22 6 4 5
"080_Group80" 36 31 29 36 7
"081_Group81" 23 11 12 8 11
"082_Group82" 23 15 13 8 12
"083_Group83" 30 26 16 10 16
"084_Group84" 26 37 18 20 22
"085_Group85" 39 38 30 21 28
"086_Group86" 42 34 17 8 12
"087_Group87" 27 20 14 8 16
"088_Group88" 8 13 14 17 9
"089_Group89" 13 6 12 12 12
"090_Group90" 12 23 17 16 9
"091_Group91" 4 12 12 16 17
"092_Group92" 18 19 11 8 11
"093_Group93" 31 12 16 9 15
"094_Group94" 25 20 16 24 8
"095_Group95" 22 17 15 11 10

"<<<<<< Group Activity: Number of wells/group >>>>>>"
Group/Time[m] 2 4 6 8 10
"000_Group0" 1 1 1 1 1
"001_Group1" 1 1 1 1 1
"002_Group2" 1 1 1 1 1
"003_Group3" 1 1 1 1 1
"004_Group4" 1 1 1 1 1
"005_Group5" 1 1 1 1 1
"006_Group6" 1 1 1 1 1
"007_Group7" 1 1 1 1 1
"008_Group8" 1 1 1 1 1
"009_Group9" 1 1 1 1 1
"010_Group10" 1 1 1 1 1
"011_Group11" 1 1 1 1 1
"012_Group12" 1 1 1 1 1
"013_Group13" 1 1 1 1 1
"014_Group14" 1 1 1 1 1
"015_Group15" 1 1 1 1 1
"016_Group16" 1 1 1 1 1
"017_Group17" 1 1 1 1 1
"018_Group18" 1 1 1 1 1
"019_Group19" 1 1 1 1 1
"020_Group20" 1 1 1 1 1
"021_Group21" 1 1 1 1 1
"022_Group22" 1 1 1 1 1
"023_Group23" 1 1 1 1 1
"024_Group24" 1 1 1 1 1
"025_Group25" 1 1 1 1 1
"026_Group26" 1 1 1 1 1
"027_Group27" 1 1 1 1 1
"028_Group28" 1 1 1 1 1
"029_Group29" 1 1 1 1 1
"030_Group30" 1 1 1 1 1
"031_Group31" 1 1 1 1 1
"032_Group32" 1 1 1 1 1
"033_Group33" 1 1 1 1 1
"034_Group34" 1 1 1 1 1
"035_Group35" 1 1 1 1 1
"036_Group36" 1 1 1 1 1
"037_Group37" 1 1 1 1 1
"038_Group38" 1 1 1 1 1
"039_Group39" 1 1 1 1 1
"040_Group40" 1 1 1 1 1
"041_Group41" 1 1 1 1 1
"042_Group42" 1 1 1 1 1
"043_Group43" 1 1 1 1 1
"044_Group44" 1 1 1 1 1
"045_Group45" 1 1 1 1 1
"046_Group46" 1 1 1 1 1
"047_Group47" 1 1 1 1 1
"048_Group48" 1 1 1 1 1
"049_Group49" 1 1 1 1 1
"050_Group50" 1 1 1 1 1
"051_Group51" 1 1 1 1 1
"052_Group52" 1 1 1 1 1
"053_Group53" 1 1 1 1 1
"054_Group54" 1 1 1 1 1
"055_Group55" 1 1 1 1 1
"056_Group56" 1 1 1 1 1
"057_Group57" 1 1 1 1 1
"058_Group58" 1 1 1 1 1
"059_Group59" 1 1 1 1 1
"060_Group60" 1 1 1 1 1
"061_Group61" 1 1 1 1 1
"062_Group62" 1 1 1 1 1
"063_Group63" 1 1 1 1 1
"064_Group64" 1 1 1 1 1
"065_Group65" 1 1 1 1 1
"066_Group66" 1 1 1 1 1
"067_Group67" 1 1 1 1 1
"068_Group68" 1 1 1 1 1
"069_Group69" 1 1 1 1 1
"070_Group70" 1 1 1 1 1
"071_Group71" 1 1 1 1 1
"072_Group72" 1 1 1 1 1
"073_Group73" 1 1 1 1 1
"074_Group74" 1 1 1 1 1
"075_Group75" 1 1 1 1 1
"076_Group76" 1 1 1 1 1
"077_Group77" 1 1 1 1 1
"078_Group78" 1 1 1 1 1
"079_Group79" 1 1 1 1 1
"080_Group80" 1 1 1 1 1
"081_Group81" 1 1 1 1 1
"082_Group82" 1 1 1 1 1
"083_Group83" 1 1 1 1 1
"084_Group84" 1 1 1 1 1
"085_Group85" 1 1 1 1 1
"086_Group86" 1 1 1 1 1
"087_Group87" 1 1 1 1 1
"088_Group88" 1 1 1 1 1
"089_Group89" 1 1 1 1 1
"090_Group90" 1 1 1 1 1
"091_Group91" 1 1 1 1 1
"092_Group92" 1 1 1 1 1
"093_Group93" 1 1 1 1 1
"094_Group94" 1 1 1 1 1
"095_Group95" 1 1 1 1 1

"<<<<<< Number of Samples per Acquisition Interval [1unit=500values] >>>>>>"
Time[m] 2 4 6 8 10 
#Samples 2 2 2 2 2 

"<<<<<< Average Temperature [°C] >>>>>>"
Time[m] 2 4 6 8 10 
Temp[°C] 20.8 20.9 20.9 20.9 20.9 

"<<<<<< Well Activity >>>>>>"
Well Group/Time[m] 2 4 6 8 10
A1 "000_Group0" 35 29 16 22 17
B1 "001_Group1" 45 21 26 19 31
C1 "002_Group2" 37 11 8 11 12
D1 "003_Group3" 21 24 14 11 11
E1 "004_Group4" 29 26 32 12 13
F1 "005_Group5" 39 29 34 14 15
G1 "006_Group6" 48 28 25 15 49
H1 "007_Group7" 48 29 26 18 21
A2 "008_Group8" 3 3 6 10 9
B2 "009_Group9" 7 5 9 5 0
C2 "010_Group10" 7 10 11 10 10
D2 "011_Group11" 2 19 5 16 5
E2 "012_Group12" 5 6 12 21 12
F2 "013_Group13" 8 4 4 12 7
G2 "014_Group14" 6 16 14 12 13
H2 "015_Group15" 13 9 13 9 17
A3 "016_Group16" 7 3 10 10 3
B3 "017_Group17" 5 15 12 9 8
C3 "018_Group18" 5 4 4 9 2
D3 "019_Group19" 13 26 6 14 14
E3 "020_Group20" 21 14 1 14 16
F3 "021_Group21" 9 18 0 11 3
G3 "022_Group22" 4 8 19 2 8
H3 "023_Group23" 9 21 0 1 0
A4 "024_Group24" 12 13 17 14 11
B4 "025_Group25" 17 17 11 13 15
C4 "026_Group26" 13 21 35 20 9
D4 "027_Group27" 28 35 27 12 16
E4 "028_Group28" 18 17 13 10 5
F4 "029_Group29" 29 12 12 13 16
G4 "030_Group30" 39 12 23 14 11
H4 "031_Group31" 19 12 23 11 13
A5 "032_Group32" 26 23 17 16 10
B5 "033_Group33" 12 9 10 10 9
C5 "034_Group34" 11 12 10 7 9
D5 "035_Group35" 12 12 17 16 17
E5 "036_Group36" 30 21 12 13 11
F5 "037_Group37" 16 13 16 13 18
G5 "038_Group38" 32 14 13 14 9
H5 "039_Group39" 22 18 11 17 18
A6 "040_Group40" 20 15 20 22 7
B6 "041_Group41" 12 11 17 14 10
C6 "042_Group42" 26 14 7 15 19
D6 "043_Group43" 9 19 10 10 14
E6 "044_Group44" 16 18 8 20 12
F6 "045_Group45" 21 17 13 16 22
G6 "046_Group46" 21 15 13 16 13
H6 "047_Group47" 41 30 22 23 8
A7 "048_Group48" 12 10 15 11 17
B7 "049_Group49" 36 12 19 17 15
C7 "050_Group50" 20 17 14 13 9
D7 "051_Group51" 16 21 19 11 20
E7 "052_Group52" 11 22 8 9 6
F7 "053_Group53" 16 16 11 11 9
G7 "054_Group54" 19 15 10 9 15
H7 "055_Group55" 30 15 10 12 8
A8 "056_Group56" 3 10 10 8 0
B8 "057_Group57" 10 9 12 11 9
C8 "058_Group58" 6 14 10 5 25
D8 "059_Group59" 3 13 5 5 7
E8 "060_Group60" 1 5 6 2 6
F8 "061_Group61" 17 17 13 10 6
G8 "062_Group62" 10 20 15 0 10
H8 "063_Group63" 5 12 13 4 7
A9 "064_Group64" 20 11 10 14 10
B9 "065_Group65" 30 16 29 8 16
C9 "066_Group66" 17 26 15 11 14
D9 "067_Group67" 19 21 4 17 23
E9 "068_Group68" 28 32 25 14 8
F9 "069_Group69" 27 47 27 21 10
G9 "070_Group70" 20 25 31 26 10
H9 "071_Group71" 36 37 26 19 11
A10 "072_Group72" 1 12 0 4 1
B10 "073_Group73" 15 6 5 3 1
C10 "074_Group74" 8 16 10 14 13
D10 "075_Group75" 12 13 15 10 6
E10 "076_Group76" 2 10 3 5 9
F10 "077_Group77" 7 21 11 14 1
G10 "078_Group78" 5 16 6 6 9
H10 "079_Group79" 3 22 6 4 5
A11 "080_Group80" 36 31 29 36 7
B11 "081_Group81" 23 11 12 8 11
C11 "082_Group82" 23 15 13 8 12
D11 "083_Group83" 30 26 16 10 16
E11 "084_Group84" 26 37 18 20 22
F11 "085_Group85" 39 38 30 21 28
G11 "086_Group86" 42 34 17 8 12
H11 "087_Group87" 27 20 14 8 16
A12 "088_Group88" 8 13 14 17 9
B12 "089_Group89" 13 6 12 12 12
C12 "090_Group90" 12 23 17 16 9
D12 "091_Group91" 4 12 12 16 17
E12 "092_Group92" 18 19 11 8 11
F12 "093_Group93" 31 12 16 9 15
G12 "094_Group94" 25 20 16 24 8
H12 "095_Group95" 22 17 15 11 10

"<<<<<< Channel Activity >>>>>>"
Channel Well Group/Time[m] 2 4 6 8 10
CH0 A1.0 "000_Group0" 35 29 16 22 17
CH2 B1.0 "001_Group1" 45 21 26 19 31
CH4 C1.0 "002_Group2" 37 11 8 11 12
CH6 D1.0 "003_Group3" 21 24 14 11 11
CH8 E1.0 "004_Group4" 29 26 32 12 13
CH10 F1.0 "005_Group5" 39 29 34 14 15
CH12 G1.0 "006_Group6" 48 28 25 15 49
CH14 H1.0 "007_Group7" 48 29 26 18 21
CH32 A2.0 "008_Group8" 3 3 6 10 9
CH34 B2.0 "009_Group9" 7 5 9 5 0
CH36 C2.0 "010_Group10" 7 10 11 10 10
CH38 D2.0 "011_Group11" 2 19 5 16 5
CH40 E2.0 "012_Group12" 5 6 12 21 12
CH42 F2.0 "013_Group13" 8 4 4 12 7
CH44 G2.0 "014_Group14" 6 16 14 12 13
CH46 H2.0 "015_Group15" 13 9 13 9 17
CH64 A3.0 "016_Group16" 7 3 10 10 3
CH66 B3.0 "017_Group17" 5 15 12 9 8
CH68 C3.0 "018_Group18" 5 4 4 9 2
CH70 D3.0 "019_Group19" 13 26 6 14 14
CH72 E3.0 "020_Group20" 21 14 1 14 16
CH74 F3.0 "021_Group21" 9 18 0 11 3
CH76 G3.0 "022_Group22" 4 8 19 2 8
CH78 H3.0 "023_Group23" 9 21 0 1 0
CH96 A4.0 "024_Group24" 12 13 17 14 11
CH98 B4.0 "025_Group25" 17 17 11 13 15
CH100 C4.0 "026_Group26" 13 21 35 20 9
CH102 D4.0 "027_Group27" 28 35 27 12 16
CH104 E4.0 "028_Group28" 18 17 13 10 5
CH106 F4.0 "029_Group29" 29 12 12 13 16
CH108 G4.0 "030_Group30" 39 12 23 14 11
CH110 H4.0 "031_Group31" 19 12 23 11 13
CH128 A5.0 "032_Group32" 26 23 17 16 10
CH130 B5.0 "033_Group33" 12 9 10 10 9
CH132 C5.0 "034_Group34" 11 12 10 7 9
CH134 D5.0 "035_Group35" 12 12 17 16 17
CH136 E5.0 "036_Group36" 30 21 12 13 11
CH138 F5.0 "037_Group37" 16 13 16 13 18
CH140 G5.0 "038_Group38" 32 14 13 14 9
CH142 H5.0 "039_Group39" 22 18 11 17 18
CH160 A6.0 "040_Group40" 20 15 20 22 7
CH162 B6.0 "041_Group41" 12 11 17 14 10
CH164 C6.0 "042_Group42" 26 14 7 15 19
CH166 D6.0 "043_Group43" 9 19 10 10 14
CH168 E6.0 "044_Group44" 16 18 8 20 12
CH170 F6.0 "045_Group45" 21 17 13 16 22
CH172 G6.0 "046_Group46" 21 15 13 16 13
CH174 H6.0 "047_Group47" 41 30 22 23 8
CH192 A7.0 "048_Group48" 12 10 15 11 17
CH194 B7.0 "049_Group49" 36 12 19 17 15
CH196 C7.0 "050_Group50" 20 17 14 13 9
CH198 D7.0 "051_Group51" 16 21 19 11 20
CH200 E7.0 "052_Group52" 11 22 8 9 6
CH202 F7.0 "053_Group53" 16 16 11 11 9
CH204 G7.0 "054_Group54" 19 15 10 9 15
CH206 H7.0 "055_Group55" 30 15 10 12 8
CH224 A8.0 "056_Group56" 3 10 10 8 0
CH226 B8.0 "057_Group57" 10 9 12 11 9
CH228 C8.0 "058_Group58" 6 14 10 5 25
CH230 D8.0 "059_Group59" 3 13 5 5 7
CH232 E8.0 "060_Group60" 1 5 6 2 6
CH234 F8.0 "061_Group61" 17 17 13 10 6
CH236 G8.0 "062_Group62" 10 20 15 0 10
CH238 H8.0 "063_Group63" 5 12 13 4 7
CH256 A9.0 "064_Group64" 20 11 10 14 10
CH258 B9.0 "065_Group65" 30 16 29 8 16
CH260 C9.0 "066_Group66" 17 26 15 11 14
CH262 D9.0 "067_Group67" 19 21 4 17 23
CH264 E9.0 "068_Group68" 28 32 25 14 8
CH266 F9.0 "069_Group69" 27 47 27 21 10
CH268 G9.0 "070_Group70" 20 25 31 26 10
CH270 H9.0 "071_Group71" 36 37 26 19 11
CH288 A10.0 "072_Group72" 1 12 0 4 1
CH290 B10.0 "073_Group73" 15 6 5 3 1
CH292 C10.0 "074_Group74" 8 16 10 14 13
CH294 D10.0 "075_Group75" 12 13 15 10 6
CH296 E10.0 "076_Group76" 2 10 3 5 9
CH298 F10.0 "077_Group77" 7 21 11 14 1
CH300 G10.0 "078_Group78" 5 16 6 6 9
CH302 H10.0 "079_Group79" 3 22 6 4 5
CH320 A11.0 "080_Group80" 36 31 29 36 7
CH322 B11.0 "081_Group81" 23 11 12 8 11
CH324 C11.0 "082_Group82" 23 15 13 8 12
CH326 D11.0 "083_Group83" 30 26 16 10 16
CH328 E11.0 "084_Group84" 26 37 18 20 22
CH330 F11.0 "085_Group85" 39 38 30 21 28
CH332 G11.0 "086_Group86" 42 34 17 8 12
CH334 H11.0 "087_Group87" 27 20 14 8 16
CH352 A12.0 "088_Group88" 8 13 14 17 9
CH354 B12.0 "089_Group89" 13 6 12 12 12
CH356 C12.0 "090_Group90" 12 23 17 16 9
CH358 D12.0 "091_Group91" 4 12 12 16 17
CH360 E12.0 "092_Group92" 18 19 11 8 11
CH362 F12.0 "093_Group93" 31 12 16 9 15
CH364 G12.0 "094_Group94" 25 20 16 24 8
CH366 H12.0 "095_Group95" 22 17 15 11 10
