"DATE:" "3/4/2015 8:54:57 AM"
"FILE:" "C:\Users\AndersenLab\Desktop\wmicrotracker\p00011\20150304_0843"
"SUBPROJECT:" "20150304_Longevity_5_daf1"

"<<<<<< Group Activity: Average Activity Counts per Data Interval>>>>>>"
Group/Time[m] 2 4 6 8 10
"000_Group0" 8 19 25 13 4
"001_Group1" 24 21 5 0 1
"002_Group2" 8 14 21 17 19
"003_Group3" 24 16 7 1 4
"004_Group4" 30 16 11 13 7
"005_Group5" 15 13 6 2 3
"006_Group6" 11 20 27 22 13
"007_Group7" 14 17 20 2 4
"008_Group8" 1 0 8 3 1
"009_Group9" 0 1 8 0 1
"010_Group10" 8 0 3 1 9
"011_Group11" 2 0 0 0 3
"012_Group12" 0 9 7 5 7
"013_Group13" 2 8 11 10 6
"014_Group14" 0 1 4 1 4
"015_Group15" 8 5 5 4 8
"016_Group16" 2 0 0 6 5
"017_Group17" 0 0 0 0 1
"018_Group18" 0 0 1 5 1
"019_Group19" 0 0 16 8 6
"020_Group20" 3 1 0 5 3
"021_Group21" 0 0 3 2 1
"022_Group22" 2 0 4 6 8
"023_Group23" 0 0 0 0 0
"024_Group24" 23 3 0 3 3
"025_Group25" 24 32 14 32 17
"026_Group26" 24 24 25 9 17
"027_Group27" 21 26 17 29 27
"028_Group28" 26 20 17 10 8
"029_Group29" 23 9 10 7 11
"030_Group30" 9 21 20 4 3
"031_Group31" 23 26 4 18 5
"032_Group32" 12 15 20 8 0
"033_Group33" 7 10 22 0 1
"034_Group34" 0 0 0 0 0
"035_Group35" 8 11 7 6 5
"036_Group36" 15 14 5 6 2
"037_Group37" 15 9 5 4 3
"038_Group38" 2 0 0 1 0
"039_Group39" 4 2 0 7 0
"040_Group40" 8 3 1 4 9
"041_Group41" 12 7 4 1 0
"042_Group42" 10 6 0 8 10
"043_Group43" 6 2 7 1 0
"044_Group44" 11 6 0 5 0
"045_Group45" 8 13 14 2 1
"046_Group46" 6 10 2 5 7
"047_Group47" 11 0 0 0 0
"048_Group48" 34 22 4 0 0
"049_Group49" 5 0 0 0 0
"050_Group50" 3 12 10 7 15
"051_Group51" 8 9 0 0 0
"052_Group52" 3 3 2 0 2
"053_Group53" 11 6 0 2 0
"054_Group54" 7 16 13 5 6
"055_Group55" 15 7 0 8 3
"056_Group56" 0 0 1 13 10
"057_Group57" 2 0 0 4 6
"058_Group58" 5 0 0 0 2
"059_Group59" 0 0 13 5 2
"060_Group60" 0 0 0 0 2
"061_Group61" 0 0 0 4 2
"062_Group62" 0 0 3 2 0
"063_Group63" 7 1 8 10 7
"064_Group64" 17 5 2 2 0
"065_Group65" 24 20 20 10 9
"066_Group66" 16 22 10 15 22
"067_Group67" 23 19 19 18 6
"068_Group68" 7 9 4 9 7
"069_Group69" 24 21 7 6 2
"070_Group70" 13 8 11 7 31
"071_Group71" 18 0 10 9 0
"072_Group72" 1 0 0 0 1
"073_Group73" 0 3 5 0 0
"074_Group74" 3 3 0 7 3
"075_Group75" 4 0 3 0 12
"076_Group76" 0 0 0 0 0
"077_Group77" 3 0 0 0 3
"078_Group78" 0 0 0 8 0
"079_Group79" 2 0 0 0 1
"080_Group80" 21 22 11 0 9
"081_Group81" 26 13 13 14 14
"082_Group82" 15 16 1 6 12
"083_Group83" 5 21 22 13 10
"084_Group84" 5 12 23 9 3
"085_Group85" 12 23 20 0 10
"086_Group86" 14 8 14 10 7
"087_Group87" 0 12 2 7 6
"088_Group88" 11 4 4 0 2
"089_Group89" 5 0 0 0 0
"090_Group90" 23 8 7 11 13
"091_Group91" 3 3 0 0 0
"092_Group92" 0 7 8 1 2
"093_Group93" 10 13 8 12 7
"094_Group94" 10 3 1 0 2
"095_Group95" 7 1 2 6 11

"<<<<<< Group Activity: Number of wells/group >>>>>>"
Group/Time[m] 2 4 6 8 10
"000_Group0" 1 1 1 1 1
"001_Group1" 1 1 1 1 1
"002_Group2" 1 1 1 1 1
"003_Group3" 1 1 1 1 1
"004_Group4" 1 1 1 1 1
"005_Group5" 1 1 1 1 1
"006_Group6" 1 1 1 1 1
"007_Group7" 1 1 1 1 1
"008_Group8" 1 1 1 1 1
"009_Group9" 1 1 1 1 1
"010_Group10" 1 1 1 1 1
"011_Group11" 1 1 1 1 1
"012_Group12" 1 1 1 1 1
"013_Group13" 1 1 1 1 1
"014_Group14" 1 1 1 1 1
"015_Group15" 1 1 1 1 1
"016_Group16" 1 1 1 1 1
"017_Group17" 1 1 1 1 1
"018_Group18" 1 1 1 1 1
"019_Group19" 1 1 1 1 1
"020_Group20" 1 1 1 1 1
"021_Group21" 1 1 1 1 1
"022_Group22" 1 1 1 1 1
"023_Group23" 1 1 1 1 1
"024_Group24" 1 1 1 1 1
"025_Group25" 1 1 1 1 1
"026_Group26" 1 1 1 1 1
"027_Group27" 1 1 1 1 1
"028_Group28" 1 1 1 1 1
"029_Group29" 1 1 1 1 1
"030_Group30" 1 1 1 1 1
"031_Group31" 1 1 1 1 1
"032_Group32" 1 1 1 1 1
"033_Group33" 1 1 1 1 1
"034_Group34" 1 1 1 1 1
"035_Group35" 1 1 1 1 1
"036_Group36" 1 1 1 1 1
"037_Group37" 1 1 1 1 1
"038_Group38" 1 1 1 1 1
"039_Group39" 1 1 1 1 1
"040_Group40" 1 1 1 1 1
"041_Group41" 1 1 1 1 1
"042_Group42" 1 1 1 1 1
"043_Group43" 1 1 1 1 1
"044_Group44" 1 1 1 1 1
"045_Group45" 1 1 1 1 1
"046_Group46" 1 1 1 1 1
"047_Group47" 1 1 1 1 1
"048_Group48" 1 1 1 1 1
"049_Group49" 1 1 1 1 1
"050_Group50" 1 1 1 1 1
"051_Group51" 1 1 1 1 1
"052_Group52" 1 1 1 1 1
"053_Group53" 1 1 1 1 1
"054_Group54" 1 1 1 1 1
"055_Group55" 1 1 1 1 1
"056_Group56" 1 1 1 1 1
"057_Group57" 1 1 1 1 1
"058_Group58" 1 1 1 1 1
"059_Group59" 1 1 1 1 1
"060_Group60" 1 1 1 1 1
"061_Group61" 1 1 1 1 1
"062_Group62" 1 1 1 1 1
"063_Group63" 1 1 1 1 1
"064_Group64" 1 1 1 1 1
"065_Group65" 1 1 1 1 1
"066_Group66" 1 1 1 1 1
"067_Group67" 1 1 1 1 1
"068_Group68" 1 1 1 1 1
"069_Group69" 1 1 1 1 1
"070_Group70" 1 1 1 1 1
"071_Group71" 1 1 1 1 1
"072_Group72" 1 1 1 1 1
"073_Group73" 1 1 1 1 1
"074_Group74" 1 1 1 1 1
"075_Group75" 1 1 1 1 1
"076_Group76" 1 1 1 1 1
"077_Group77" 1 1 1 1 1
"078_Group78" 1 1 1 1 1
"079_Group79" 1 1 1 1 1
"080_Group80" 1 1 1 1 1
"081_Group81" 1 1 1 1 1
"082_Group82" 1 1 1 1 1
"083_Group83" 1 1 1 1 1
"084_Group84" 1 1 1 1 1
"085_Group85" 1 1 1 1 1
"086_Group86" 1 1 1 1 1
"087_Group87" 1 1 1 1 1
"088_Group88" 1 1 1 1 1
"089_Group89" 1 1 1 1 1
"090_Group90" 1 1 1 1 1
"091_Group91" 1 1 1 1 1
"092_Group92" 1 1 1 1 1
"093_Group93" 1 1 1 1 1
"094_Group94" 1 1 1 1 1
"095_Group95" 1 1 1 1 1

"<<<<<< Number of Samples per Acquisition Interval [1unit=500values] >>>>>>"
Time[m] 2 4 6 8 10 
#Samples 2 2 2 2 2 

"<<<<<< Average Temperature [°C] >>>>>>"
Time[m] 2 4 6 8 10 
Temp[°C] 21.1 21.1 21.1 21.1 21.2 

"<<<<<< Well Activity >>>>>>"
Well Group/Time[m] 2 4 6 8 10
A1 "000_Group0" 8 19 25 13 4
B1 "001_Group1" 24 21 5 0 1
C1 "002_Group2" 8 14 21 17 19
D1 "003_Group3" 24 16 7 1 4
E1 "004_Group4" 30 16 11 13 7
F1 "005_Group5" 15 13 6 2 3
G1 "006_Group6" 11 20 27 22 13
H1 "007_Group7" 14 17 20 2 4
A2 "008_Group8" 1 0 8 3 1
B2 "009_Group9" 0 1 8 0 1
C2 "010_Group10" 8 0 3 1 9
D2 "011_Group11" 2 0 0 0 3
E2 "012_Group12" 0 9 7 5 7
F2 "013_Group13" 2 8 11 10 6
G2 "014_Group14" 0 1 4 1 4
H2 "015_Group15" 8 5 5 4 8
A3 "016_Group16" 2 0 0 6 5
B3 "017_Group17" 0 0 0 0 1
C3 "018_Group18" 0 0 1 5 1
D3 "019_Group19" 0 0 16 8 6
E3 "020_Group20" 3 1 0 5 3
F3 "021_Group21" 0 0 3 2 1
G3 "022_Group22" 2 0 4 6 8
H3 "023_Group23" 0 0 0 0 0
A4 "024_Group24" 23 3 0 3 3
B4 "025_Group25" 24 32 14 32 17
C4 "026_Group26" 24 24 25 9 17
D4 "027_Group27" 21 26 17 29 27
E4 "028_Group28" 26 20 17 10 8
F4 "029_Group29" 23 9 10 7 11
G4 "030_Group30" 9 21 20 4 3
H4 "031_Group31" 23 26 4 18 5
A5 "032_Group32" 12 15 20 8 0
B5 "033_Group33" 7 10 22 0 1
C5 "034_Group34" 0 0 0 0 0
D5 "035_Group35" 8 11 7 6 5
E5 "036_Group36" 15 14 5 6 2
F5 "037_Group37" 15 9 5 4 3
G5 "038_Group38" 2 0 0 1 0
H5 "039_Group39" 4 2 0 7 0
A6 "040_Group40" 8 3 1 4 9
B6 "041_Group41" 12 7 4 1 0
C6 "042_Group42" 10 6 0 8 10
D6 "043_Group43" 6 2 7 1 0
E6 "044_Group44" 11 6 0 5 0
F6 "045_Group45" 8 13 14 2 1
G6 "046_Group46" 6 10 2 5 7
H6 "047_Group47" 11 0 0 0 0
A7 "048_Group48" 34 22 4 0 0
B7 "049_Group49" 5 0 0 0 0
C7 "050_Group50" 3 12 10 7 15
D7 "051_Group51" 8 9 0 0 0
E7 "052_Group52" 3 3 2 0 2
F7 "053_Group53" 11 6 0 2 0
G7 "054_Group54" 7 16 13 5 6
H7 "055_Group55" 15 7 0 8 3
A8 "056_Group56" 0 0 1 13 10
B8 "057_Group57" 2 0 0 4 6
C8 "058_Group58" 5 0 0 0 2
D8 "059_Group59" 0 0 13 5 2
E8 "060_Group60" 0 0 0 0 2
F8 "061_Group61" 0 0 0 4 2
G8 "062_Group62" 0 0 3 2 0
H8 "063_Group63" 7 1 8 10 7
A9 "064_Group64" 17 5 2 2 0
B9 "065_Group65" 24 20 20 10 9
C9 "066_Group66" 16 22 10 15 22
D9 "067_Group67" 23 19 19 18 6
E9 "068_Group68" 7 9 4 9 7
F9 "069_Group69" 24 21 7 6 2
G9 "070_Group70" 13 8 11 7 31
H9 "071_Group71" 18 0 10 9 0
A10 "072_Group72" 1 0 0 0 1
B10 "073_Group73" 0 3 5 0 0
C10 "074_Group74" 3 3 0 7 3
D10 "075_Group75" 4 0 3 0 12
E10 "076_Group76" 0 0 0 0 0
F10 "077_Group77" 3 0 0 0 3
G10 "078_Group78" 0 0 0 8 0
H10 "079_Group79" 2 0 0 0 1
A11 "080_Group80" 21 22 11 0 9
B11 "081_Group81" 26 13 13 14 14
C11 "082_Group82" 15 16 1 6 12
D11 "083_Group83" 5 21 22 13 10
E11 "084_Group84" 5 12 23 9 3
F11 "085_Group85" 12 23 20 0 10
G11 "086_Group86" 14 8 14 10 7
H11 "087_Group87" 0 12 2 7 6
A12 "088_Group88" 11 4 4 0 2
B12 "089_Group89" 5 0 0 0 0
C12 "090_Group90" 23 8 7 11 13
D12 "091_Group91" 3 3 0 0 0
E12 "092_Group92" 0 7 8 1 2
F12 "093_Group93" 10 13 8 12 7
G12 "094_Group94" 10 3 1 0 2
H12 "095_Group95" 7 1 2 6 11

"<<<<<< Channel Activity >>>>>>"
Channel Well Group/Time[m] 2 4 6 8 10
CH0 A1.0 "000_Group0" 8 19 25 13 4
CH2 B1.0 "001_Group1" 24 21 5 0 1
CH4 C1.0 "002_Group2" 8 14 21 17 19
CH6 D1.0 "003_Group3" 24 16 7 1 4
CH8 E1.0 "004_Group4" 30 16 11 13 7
CH10 F1.0 "005_Group5" 15 13 6 2 3
CH12 G1.0 "006_Group6" 11 20 27 22 13
CH14 H1.0 "007_Group7" 14 17 20 2 4
CH32 A2.0 "008_Group8" 1 0 8 3 1
CH34 B2.0 "009_Group9" 0 1 8 0 1
CH36 C2.0 "010_Group10" 8 0 3 1 9
CH38 D2.0 "011_Group11" 2 0 0 0 3
CH40 E2.0 "012_Group12" 0 9 7 5 7
CH42 F2.0 "013_Group13" 2 8 11 10 6
CH44 G2.0 "014_Group14" 0 1 4 1 4
CH46 H2.0 "015_Group15" 8 5 5 4 8
CH64 A3.0 "016_Group16" 2 0 0 6 5
CH66 B3.0 "017_Group17" 0 0 0 0 1
CH68 C3.0 "018_Group18" 0 0 1 5 1
CH70 D3.0 "019_Group19" 0 0 16 8 6
CH72 E3.0 "020_Group20" 3 1 0 5 3
CH74 F3.0 "021_Group21" 0 0 3 2 1
CH76 G3.0 "022_Group22" 2 0 4 6 8
CH78 H3.0 "023_Group23" 0 0 0 0 0
CH96 A4.0 "024_Group24" 23 3 0 3 3
CH98 B4.0 "025_Group25" 24 32 14 32 17
CH100 C4.0 "026_Group26" 24 24 25 9 17
CH102 D4.0 "027_Group27" 21 26 17 29 27
CH104 E4.0 "028_Group28" 26 20 17 10 8
CH106 F4.0 "029_Group29" 23 9 10 7 11
CH108 G4.0 "030_Group30" 9 21 20 4 3
CH110 H4.0 "031_Group31" 23 26 4 18 5
CH128 A5.0 "032_Group32" 12 15 20 8 0
CH130 B5.0 "033_Group33" 7 10 22 0 1
CH132 C5.0 "034_Group34" 0 0 0 0 0
CH134 D5.0 "035_Group35" 8 11 7 6 5
CH136 E5.0 "036_Group36" 15 14 5 6 2
CH138 F5.0 "037_Group37" 15 9 5 4 3
CH140 G5.0 "038_Group38" 2 0 0 1 0
CH142 H5.0 "039_Group39" 4 2 0 7 0
CH160 A6.0 "040_Group40" 8 3 1 4 9
CH162 B6.0 "041_Group41" 12 7 4 1 0
CH164 C6.0 "042_Group42" 10 6 0 8 10
CH166 D6.0 "043_Group43" 6 2 7 1 0
CH168 E6.0 "044_Group44" 11 6 0 5 0
CH170 F6.0 "045_Group45" 8 13 14 2 1
CH172 G6.0 "046_Group46" 6 10 2 5 7
CH174 H6.0 "047_Group47" 11 0 0 0 0
CH192 A7.0 "048_Group48" 34 22 4 0 0
CH194 B7.0 "049_Group49" 5 0 0 0 0
CH196 C7.0 "050_Group50" 3 12 10 7 15
CH198 D7.0 "051_Group51" 8 9 0 0 0
CH200 E7.0 "052_Group52" 3 3 2 0 2
CH202 F7.0 "053_Group53" 11 6 0 2 0
CH204 G7.0 "054_Group54" 7 16 13 5 6
CH206 H7.0 "055_Group55" 15 7 0 8 3
CH224 A8.0 "056_Group56" 0 0 1 13 10
CH226 B8.0 "057_Group57" 2 0 0 4 6
CH228 C8.0 "058_Group58" 5 0 0 0 2
CH230 D8.0 "059_Group59" 0 0 13 5 2
CH232 E8.0 "060_Group60" 0 0 0 0 2
CH234 F8.0 "061_Group61" 0 0 0 4 2
CH236 G8.0 "062_Group62" 0 0 3 2 0
CH238 H8.0 "063_Group63" 7 1 8 10 7
CH256 A9.0 "064_Group64" 17 5 2 2 0
CH258 B9.0 "065_Group65" 24 20 20 10 9
CH260 C9.0 "066_Group66" 16 22 10 15 22
CH262 D9.0 "067_Group67" 23 19 19 18 6
CH264 E9.0 "068_Group68" 7 9 4 9 7
CH266 F9.0 "069_Group69" 24 21 7 6 2
CH268 G9.0 "070_Group70" 13 8 11 7 31
CH270 H9.0 "071_Group71" 18 0 10 9 0
CH288 A10.0 "072_Group72" 1 0 0 0 1
CH290 B10.0 "073_Group73" 0 3 5 0 0
CH292 C10.0 "074_Group74" 3 3 0 7 3
CH294 D10.0 "075_Group75" 4 0 3 0 12
CH296 E10.0 "076_Group76" 0 0 0 0 0
CH298 F10.0 "077_Group77" 3 0 0 0 3
CH300 G10.0 "078_Group78" 0 0 0 8 0
CH302 H10.0 "079_Group79" 2 0 0 0 1
CH320 A11.0 "080_Group80" 21 22 11 0 9
CH322 B11.0 "081_Group81" 26 13 13 14 14
CH324 C11.0 "082_Group82" 15 16 1 6 12
CH326 D11.0 "083_Group83" 5 21 22 13 10
CH328 E11.0 "084_Group84" 5 12 23 9 3
CH330 F11.0 "085_Group85" 12 23 20 0 10
CH332 G11.0 "086_Group86" 14 8 14 10 7
CH334 H11.0 "087_Group87" 0 12 2 7 6
CH352 A12.0 "088_Group88" 11 4 4 0 2
CH354 B12.0 "089_Group89" 5 0 0 0 0
CH356 C12.0 "090_Group90" 23 8 7 11 13
CH358 D12.0 "091_Group91" 3 3 0 0 0
CH360 E12.0 "092_Group92" 0 7 8 1 2
CH362 F12.0 "093_Group93" 10 13 8 12 7
CH364 G12.0 "094_Group94" 10 3 1 0 2
CH366 H12.0 "095_Group95" 7 1 2 6 11
