"DATE:" "1/31/2015 10:00:37 AM"
"FILE:" "C:\Users\AndersenLab\Desktop\wmicrotracker\p00011\20150131_0948"
"SUBPROJECT:" "20150131_Longevity_3_3mgmL"

"<<<<<< Group Activity: Average Activity Counts per Data Interval>>>>>>"
Group/Time[m] 2 4 6 8 10
"000_Group0" 6 4 4 17 16
"001_Group1" 1 4 1 0 5
"002_Group2" 0 0 0 0 0
"003_Group3" 9 6 2 3 0
"004_Group4" 1 5 5 4 3
"005_Group5" 0 1 0 0 1
"006_Group6" 1 0 0 0 0
"007_Group7" 2 2 0 1 4
"008_Group8" 33 35 40 38 43
"009_Group9" 26 40 36 44 31
"010_Group10" 43 37 33 44 23
"011_Group11" 10 25 35 18 34
"012_Group12" 18 24 38 29 25
"013_Group13" 31 34 38 46 29
"014_Group14" 19 35 27 40 44
"015_Group15" 32 34 31 23 15
"016_Group16" 9 6 20 1 9
"017_Group17" 0 0 0 0 0
"018_Group18" 1 2 3 5 2
"019_Group19" 1 0 0 3 0
"020_Group20" 1 0 1 2 0
"021_Group21" 2 0 0 4 5
"022_Group22" 1 2 1 5 0
"023_Group23" 0 0 0 0 1
"024_Group24" 44 24 15 19 11
"025_Group25" 20 34 34 36 33
"026_Group26" 8 30 28 7 8
"027_Group27" 11 37 33 31 25
"028_Group28" 25 28 47 42 37
"029_Group29" 29 39 18 41 32
"030_Group30" 15 9 9 15 15
"031_Group31" 17 15 15 12 6
"032_Group32" 0 0 0 3 4
"033_Group33" 0 0 0 0 6
"034_Group34" 8 6 8 9 11
"035_Group35" 13 16 16 13 14
"036_Group36" 6 20 15 21 18
"037_Group37" 3 0 0 1 1
"038_Group38" 7 3 8 12 5
"039_Group39" 3 10 11 0 2
"040_Group40" 7 2 14 3 8
"041_Group41" 3 0 0 0 0
"042_Group42" 2 6 3 0 0
"043_Group43" 0 0 0 0 0
"044_Group44" 9 1 0 0 3
"045_Group45" 10 6 11 0 8
"046_Group46" 0 2 0 0 0
"047_Group47" 0 0 0 0 0
"048_Group48" 7 23 22 30 29
"049_Group49" 27 21 7 8 11
"050_Group50" 13 10 18 16 9
"051_Group51" 4 9 8 13 10
"052_Group52" 11 15 21 17 13
"053_Group53" 7 12 14 9 15
"054_Group54" 12 12 17 12 39
"055_Group55" 14 15 16 18 27
"056_Group56" 16 15 13 18 13
"057_Group57" 12 19 9 12 12
"058_Group58" 11 23 11 13 15
"059_Group59" 15 13 10 11 15
"060_Group60" 13 8 11 16 11
"061_Group61" 12 11 11 11 16
"062_Group62" 22 12 9 14 9
"063_Group63" 9 5 3 14 12
"064_Group64" 42 46 38 22 11
"065_Group65" 15 13 8 21 10
"066_Group66" 17 12 13 12 12
"067_Group67" 34 34 37 37 25
"068_Group68" 29 12 22 25 15
"069_Group69" 50 40 40 32 26
"070_Group70" 39 46 27 14 28
"071_Group71" 14 29 22 21 23
"072_Group72" 0 6 3 0 0
"073_Group73" 5 1 1 0 1
"074_Group74" 5 3 0 0 0
"075_Group75" 8 6 4 0 0
"076_Group76" 8 0 0 6 0
"077_Group77" 9 0 3 0 4
"078_Group78" 0 0 0 0 1
"079_Group79" 5 2 0 0 0
"080_Group80" 11 19 10 8 8
"081_Group81" 10 16 9 13 8
"082_Group82" 10 9 15 15 16
"083_Group83" 22 11 18 13 10
"084_Group84" 8 12 11 5 8
"085_Group85" 11 16 7 11 6
"086_Group86" 8 17 23 7 22
"087_Group87" 20 10 4 7 10
"088_Group88" 0 1 13 5 0
"089_Group89" 0 0 0 0 0
"090_Group90" 0 0 0 0 0
"091_Group91" 1 5 0 0 0
"092_Group92" 0 0 0 0 0
"093_Group93" 4 0 2 0 0
"094_Group94" 0 3 0 0 0
"095_Group95" 5 14 8 3 0

"<<<<<< Group Activity: Number of wells/group >>>>>>"
Group/Time[m] 2 4 6 8 10
"000_Group0" 1 1 1 1 1
"001_Group1" 1 1 1 1 1
"002_Group2" 1 1 1 1 1
"003_Group3" 1 1 1 1 1
"004_Group4" 1 1 1 1 1
"005_Group5" 1 1 1 1 1
"006_Group6" 1 1 1 1 1
"007_Group7" 1 1 1 1 1
"008_Group8" 1 1 1 1 1
"009_Group9" 1 1 1 1 1
"010_Group10" 1 1 1 1 1
"011_Group11" 1 1 1 1 1
"012_Group12" 1 1 1 1 1
"013_Group13" 1 1 1 1 1
"014_Group14" 1 1 1 1 1
"015_Group15" 1 1 1 1 1
"016_Group16" 1 1 1 1 1
"017_Group17" 1 1 1 1 1
"018_Group18" 1 1 1 1 1
"019_Group19" 1 1 1 1 1
"020_Group20" 1 1 1 1 1
"021_Group21" 1 1 1 1 1
"022_Group22" 1 1 1 1 1
"023_Group23" 1 1 1 1 1
"024_Group24" 1 1 1 1 1
"025_Group25" 1 1 1 1 1
"026_Group26" 1 1 1 1 1
"027_Group27" 1 1 1 1 1
"028_Group28" 1 1 1 1 1
"029_Group29" 1 1 1 1 1
"030_Group30" 1 1 1 1 1
"031_Group31" 1 1 1 1 1
"032_Group32" 1 1 1 1 1
"033_Group33" 1 1 1 1 1
"034_Group34" 1 1 1 1 1
"035_Group35" 1 1 1 1 1
"036_Group36" 1 1 1 1 1
"037_Group37" 1 1 1 1 1
"038_Group38" 1 1 1 1 1
"039_Group39" 1 1 1 1 1
"040_Group40" 1 1 1 1 1
"041_Group41" 1 1 1 1 1
"042_Group42" 1 1 1 1 1
"043_Group43" 1 1 1 1 1
"044_Group44" 1 1 1 1 1
"045_Group45" 1 1 1 1 1
"046_Group46" 1 1 1 1 1
"047_Group47" 1 1 1 1 1
"048_Group48" 1 1 1 1 1
"049_Group49" 1 1 1 1 1
"050_Group50" 1 1 1 1 1
"051_Group51" 1 1 1 1 1
"052_Group52" 1 1 1 1 1
"053_Group53" 1 1 1 1 1
"054_Group54" 1 1 1 1 1
"055_Group55" 1 1 1 1 1
"056_Group56" 1 1 1 1 1
"057_Group57" 1 1 1 1 1
"058_Group58" 1 1 1 1 1
"059_Group59" 1 1 1 1 1
"060_Group60" 1 1 1 1 1
"061_Group61" 1 1 1 1 1
"062_Group62" 1 1 1 1 1
"063_Group63" 1 1 1 1 1
"064_Group64" 1 1 1 1 1
"065_Group65" 1 1 1 1 1
"066_Group66" 1 1 1 1 1
"067_Group67" 1 1 1 1 1
"068_Group68" 1 1 1 1 1
"069_Group69" 1 1 1 1 1
"070_Group70" 1 1 1 1 1
"071_Group71" 1 1 1 1 1
"072_Group72" 1 1 1 1 1
"073_Group73" 1 1 1 1 1
"074_Group74" 1 1 1 1 1
"075_Group75" 1 1 1 1 1
"076_Group76" 1 1 1 1 1
"077_Group77" 1 1 1 1 1
"078_Group78" 1 1 1 1 1
"079_Group79" 1 1 1 1 1
"080_Group80" 1 1 1 1 1
"081_Group81" 1 1 1 1 1
"082_Group82" 1 1 1 1 1
"083_Group83" 1 1 1 1 1
"084_Group84" 1 1 1 1 1
"085_Group85" 1 1 1 1 1
"086_Group86" 1 1 1 1 1
"087_Group87" 1 1 1 1 1
"088_Group88" 1 1 1 1 1
"089_Group89" 1 1 1 1 1
"090_Group90" 1 1 1 1 1
"091_Group91" 1 1 1 1 1
"092_Group92" 1 1 1 1 1
"093_Group93" 1 1 1 1 1
"094_Group94" 1 1 1 1 1
"095_Group95" 1 1 1 1 1

"<<<<<< Number of Samples per Acquisition Interval [1unit=500values] >>>>>>"
Time[m] 2 4 6 8 10 
#Samples 2 2 2 2 2 

"<<<<<< Average Temperature [°C] >>>>>>"
Time[m] 2 4 6 8 10 
Temp[°C] 22.0 22.0 22.0 22.0 22.0 

"<<<<<< Well Activity >>>>>>"
Well Group/Time[m] 2 4 6 8 10
A1 "000_Group0" 6 4 4 17 16
B1 "001_Group1" 1 4 1 0 5
C1 "002_Group2" 0 0 0 0 0
D1 "003_Group3" 9 6 2 3 0
E1 "004_Group4" 1 5 5 4 3
F1 "005_Group5" 0 1 0 0 1
G1 "006_Group6" 1 0 0 0 0
H1 "007_Group7" 2 2 0 1 4
A2 "008_Group8" 33 35 40 38 43
B2 "009_Group9" 26 40 36 44 31
C2 "010_Group10" 43 37 33 44 23
D2 "011_Group11" 10 25 35 18 34
E2 "012_Group12" 18 24 38 29 25
F2 "013_Group13" 31 34 38 46 29
G2 "014_Group14" 19 35 27 40 44
H2 "015_Group15" 32 34 31 23 15
A3 "016_Group16" 9 6 20 1 9
B3 "017_Group17" 0 0 0 0 0
C3 "018_Group18" 1 2 3 5 2
D3 "019_Group19" 1 0 0 3 0
E3 "020_Group20" 1 0 1 2 0
F3 "021_Group21" 2 0 0 4 5
G3 "022_Group22" 1 2 1 5 0
H3 "023_Group23" 0 0 0 0 1
A4 "024_Group24" 44 24 15 19 11
B4 "025_Group25" 20 34 34 36 33
C4 "026_Group26" 8 30 28 7 8
D4 "027_Group27" 11 37 33 31 25
E4 "028_Group28" 25 28 47 42 37
F4 "029_Group29" 29 39 18 41 32
G4 "030_Group30" 15 9 9 15 15
H4 "031_Group31" 17 15 15 12 6
A5 "032_Group32" 0 0 0 3 4
B5 "033_Group33" 0 0 0 0 6
C5 "034_Group34" 8 6 8 9 11
D5 "035_Group35" 13 16 16 13 14
E5 "036_Group36" 6 20 15 21 18
F5 "037_Group37" 3 0 0 1 1
G5 "038_Group38" 7 3 8 12 5
H5 "039_Group39" 3 10 11 0 2
A6 "040_Group40" 7 2 14 3 8
B6 "041_Group41" 3 0 0 0 0
C6 "042_Group42" 2 6 3 0 0
D6 "043_Group43" 0 0 0 0 0
E6 "044_Group44" 9 1 0 0 3
F6 "045_Group45" 10 6 11 0 8
G6 "046_Group46" 0 2 0 0 0
H6 "047_Group47" 0 0 0 0 0
A7 "048_Group48" 7 23 22 30 29
B7 "049_Group49" 27 21 7 8 11
C7 "050_Group50" 13 10 18 16 9
D7 "051_Group51" 4 9 8 13 10
E7 "052_Group52" 11 15 21 17 13
F7 "053_Group53" 7 12 14 9 15
G7 "054_Group54" 12 12 17 12 39
H7 "055_Group55" 14 15 16 18 27
A8 "056_Group56" 16 15 13 18 13
B8 "057_Group57" 12 19 9 12 12
C8 "058_Group58" 11 23 11 13 15
D8 "059_Group59" 15 13 10 11 15
E8 "060_Group60" 13 8 11 16 11
F8 "061_Group61" 12 11 11 11 16
G8 "062_Group62" 22 12 9 14 9
H8 "063_Group63" 9 5 3 14 12
A9 "064_Group64" 42 46 38 22 11
B9 "065_Group65" 15 13 8 21 10
C9 "066_Group66" 17 12 13 12 12
D9 "067_Group67" 34 34 37 37 25
E9 "068_Group68" 29 12 22 25 15
F9 "069_Group69" 50 40 40 32 26
G9 "070_Group70" 39 46 27 14 28
H9 "071_Group71" 14 29 22 21 23
A10 "072_Group72" 0 6 3 0 0
B10 "073_Group73" 5 1 1 0 1
C10 "074_Group74" 5 3 0 0 0
D10 "075_Group75" 8 6 4 0 0
E10 "076_Group76" 8 0 0 6 0
F10 "077_Group77" 9 0 3 0 4
G10 "078_Group78" 0 0 0 0 1
H10 "079_Group79" 5 2 0 0 0
A11 "080_Group80" 11 19 10 8 8
B11 "081_Group81" 10 16 9 13 8
C11 "082_Group82" 10 9 15 15 16
D11 "083_Group83" 22 11 18 13 10
E11 "084_Group84" 8 12 11 5 8
F11 "085_Group85" 11 16 7 11 6
G11 "086_Group86" 8 17 23 7 22
H11 "087_Group87" 20 10 4 7 10
A12 "088_Group88" 0 1 13 5 0
B12 "089_Group89" 0 0 0 0 0
C12 "090_Group90" 0 0 0 0 0
D12 "091_Group91" 1 5 0 0 0
E12 "092_Group92" 0 0 0 0 0
F12 "093_Group93" 4 0 2 0 0
G12 "094_Group94" 0 3 0 0 0
H12 "095_Group95" 5 14 8 3 0

"<<<<<< Channel Activity >>>>>>"
Channel Well Group/Time[m] 2 4 6 8 10
CH0 A1.0 "000_Group0" 6 4 4 17 16
CH2 B1.0 "001_Group1" 1 4 1 0 5
CH4 C1.0 "002_Group2" 0 0 0 0 0
CH6 D1.0 "003_Group3" 9 6 2 3 0
CH8 E1.0 "004_Group4" 1 5 5 4 3
CH10 F1.0 "005_Group5" 0 1 0 0 1
CH12 G1.0 "006_Group6" 1 0 0 0 0
CH14 H1.0 "007_Group7" 2 2 0 1 4
CH32 A2.0 "008_Group8" 33 35 40 38 43
CH34 B2.0 "009_Group9" 26 40 36 44 31
CH36 C2.0 "010_Group10" 43 37 33 44 23
CH38 D2.0 "011_Group11" 10 25 35 18 34
CH40 E2.0 "012_Group12" 18 24 38 29 25
CH42 F2.0 "013_Group13" 31 34 38 46 29
CH44 G2.0 "014_Group14" 19 35 27 40 44
CH46 H2.0 "015_Group15" 32 34 31 23 15
CH64 A3.0 "016_Group16" 9 6 20 1 9
CH66 B3.0 "017_Group17" 0 0 0 0 0
CH68 C3.0 "018_Group18" 1 2 3 5 2
CH70 D3.0 "019_Group19" 1 0 0 3 0
CH72 E3.0 "020_Group20" 1 0 1 2 0
CH74 F3.0 "021_Group21" 2 0 0 4 5
CH76 G3.0 "022_Group22" 1 2 1 5 0
CH78 H3.0 "023_Group23" 0 0 0 0 1
CH96 A4.0 "024_Group24" 44 24 15 19 11
CH98 B4.0 "025_Group25" 20 34 34 36 33
CH100 C4.0 "026_Group26" 8 30 28 7 8
CH102 D4.0 "027_Group27" 11 37 33 31 25
CH104 E4.0 "028_Group28" 25 28 47 42 37
CH106 F4.0 "029_Group29" 29 39 18 41 32
CH108 G4.0 "030_Group30" 15 9 9 15 15
CH110 H4.0 "031_Group31" 17 15 15 12 6
CH128 A5.0 "032_Group32" 0 0 0 3 4
CH130 B5.0 "033_Group33" 0 0 0 0 6
CH132 C5.0 "034_Group34" 8 6 8 9 11
CH134 D5.0 "035_Group35" 13 16 16 13 14
CH136 E5.0 "036_Group36" 6 20 15 21 18
CH138 F5.0 "037_Group37" 3 0 0 1 1
CH140 G5.0 "038_Group38" 7 3 8 12 5
CH142 H5.0 "039_Group39" 3 10 11 0 2
CH160 A6.0 "040_Group40" 7 2 14 3 8
CH162 B6.0 "041_Group41" 3 0 0 0 0
CH164 C6.0 "042_Group42" 2 6 3 0 0
CH166 D6.0 "043_Group43" 0 0 0 0 0
CH168 E6.0 "044_Group44" 9 1 0 0 3
CH170 F6.0 "045_Group45" 10 6 11 0 8
CH172 G6.0 "046_Group46" 0 2 0 0 0
CH174 H6.0 "047_Group47" 0 0 0 0 0
CH192 A7.0 "048_Group48" 7 23 22 30 29
CH194 B7.0 "049_Group49" 27 21 7 8 11
CH196 C7.0 "050_Group50" 13 10 18 16 9
CH198 D7.0 "051_Group51" 4 9 8 13 10
CH200 E7.0 "052_Group52" 11 15 21 17 13
CH202 F7.0 "053_Group53" 7 12 14 9 15
CH204 G7.0 "054_Group54" 12 12 17 12 39
CH206 H7.0 "055_Group55" 14 15 16 18 27
CH224 A8.0 "056_Group56" 16 15 13 18 13
CH226 B8.0 "057_Group57" 12 19 9 12 12
CH228 C8.0 "058_Group58" 11 23 11 13 15
CH230 D8.0 "059_Group59" 15 13 10 11 15
CH232 E8.0 "060_Group60" 13 8 11 16 11
CH234 F8.0 "061_Group61" 12 11 11 11 16
CH236 G8.0 "062_Group62" 22 12 9 14 9
CH238 H8.0 "063_Group63" 9 5 3 14 12
CH256 A9.0 "064_Group64" 42 46 38 22 11
CH258 B9.0 "065_Group65" 15 13 8 21 10
CH260 C9.0 "066_Group66" 17 12 13 12 12
CH262 D9.0 "067_Group67" 34 34 37 37 25
CH264 E9.0 "068_Group68" 29 12 22 25 15
CH266 F9.0 "069_Group69" 50 40 40 32 26
CH268 G9.0 "070_Group70" 39 46 27 14 28
CH270 H9.0 "071_Group71" 14 29 22 21 23
CH288 A10.0 "072_Group72" 0 6 3 0 0
CH290 B10.0 "073_Group73" 5 1 1 0 1
CH292 C10.0 "074_Group74" 5 3 0 0 0
CH294 D10.0 "075_Group75" 8 6 4 0 0
CH296 E10.0 "076_Group76" 8 0 0 6 0
CH298 F10.0 "077_Group77" 9 0 3 0 4
CH300 G10.0 "078_Group78" 0 0 0 0 1
CH302 H10.0 "079_Group79" 5 2 0 0 0
CH320 A11.0 "080_Group80" 11 19 10 8 8
CH322 B11.0 "081_Group81" 10 16 9 13 8
CH324 C11.0 "082_Group82" 10 9 15 15 16
CH326 D11.0 "083_Group83" 22 11 18 13 10
CH328 E11.0 "084_Group84" 8 12 11 5 8
CH330 F11.0 "085_Group85" 11 16 7 11 6
CH332 G11.0 "086_Group86" 8 17 23 7 22
CH334 H11.0 "087_Group87" 20 10 4 7 10
CH352 A12.0 "088_Group88" 0 1 13 5 0
CH354 B12.0 "089_Group89" 0 0 0 0 0
CH356 C12.0 "090_Group90" 0 0 0 0 0
CH358 D12.0 "091_Group91" 1 5 0 0 0
CH360 E12.0 "092_Group92" 0 0 0 0 0
CH362 F12.0 "093_Group93" 4 0 2 0 0
CH364 G12.0 "094_Group94" 0 3 0 0 0
CH366 H12.0 "095_Group95" 5 14 8 3 0
