"DATE:" "1/29/2015 9:53:28 AM"
"FILE:" "C:\Users\AndersenLab\Desktop\wmicrotracker\p00011\20150129_0939"
"SUBPROJECT:" "20150129_Longevity_3_3mgmL"

"<<<<<< Group Activity: Average Activity Counts per Data Interval>>>>>>"
Group/Time[m] 2 4 6 8 10
"000_Group0" 44 22 37 25 48
"001_Group1" 32 35 23 22 27
"002_Group2" 30 14 33 19 31
"003_Group3" 11 22 29 33 23
"004_Group4" 34 35 40 48 36
"005_Group5" 21 21 27 20 44
"006_Group6" 40 31 16 19 29
"007_Group7" 34 20 34 16 30
"008_Group8" 16 30 29 26 27
"009_Group9" 20 17 20 36 21
"010_Group10" 25 24 27 21 19
"011_Group11" 12 33 30 34 30
"012_Group12" 18 39 21 27 33
"013_Group13" 17 31 23 23 23
"014_Group14" 21 33 33 38 31
"015_Group15" 33 28 28 28 23
"016_Group16" 13 19 25 29 41
"017_Group17" 24 22 13 15 24
"018_Group18" 18 29 35 9 21
"019_Group19" 26 30 27 15 15
"020_Group20" 19 17 32 22 20
"021_Group21" 19 32 17 18 23
"022_Group22" 27 26 28 29 14
"023_Group23" 31 16 26 35 26
"024_Group24" 24 30 33 22 17
"025_Group25" 17 27 20 15 17
"026_Group26" 41 22 19 33 24
"027_Group27" 13 22 26 18 25
"028_Group28" 9 24 29 25 21
"029_Group29" 29 24 15 14 22
"030_Group30" 10 41 34 24 14
"031_Group31" 20 27 33 26 36
"032_Group32" 22 30 27 28 25
"033_Group33" 15 9 13 11 16
"034_Group34" 24 26 22 14 22
"035_Group35" 54 47 34 31 39
"036_Group36" 14 23 37 41 39
"037_Group37" 31 35 25 23 25
"038_Group38" 34 29 47 39 43
"039_Group39" 19 16 33 34 15
"040_Group40" 37 34 42 42 25
"041_Group41" 29 41 22 32 30
"042_Group42" 34 36 31 16 30
"043_Group43" 30 29 26 26 27
"044_Group44" 24 27 23 38 35
"045_Group45" 26 26 24 16 24
"046_Group46" 44 44 35 22 39
"047_Group47" 31 39 35 34 29
"048_Group48" 45 49 46 56 40
"049_Group49" 37 28 20 13 33
"050_Group50" 49 32 27 27 36
"051_Group51" 52 55 39 56 54
"052_Group52" 28 39 52 37 41
"053_Group53" 38 30 43 44 43
"054_Group54" 33 37 33 45 42
"055_Group55" 66 39 38 40 38
"056_Group56" 37 24 23 32 18
"057_Group57" 35 19 20 12 19
"058_Group58" 14 33 26 22 13
"059_Group59" 56 36 41 24 28
"060_Group60" 25 20 22 19 26
"061_Group61" 29 44 32 20 21
"062_Group62" 27 23 31 26 18
"063_Group63" 21 31 25 29 32
"064_Group64" 36 34 32 38 40
"065_Group65" 35 27 30 16 36
"066_Group66" 32 31 29 20 24
"067_Group67" 54 44 52 45 50
"068_Group68" 23 28 24 13 22
"069_Group69" 25 22 26 14 9
"070_Group70" 20 42 52 43 45
"071_Group71" 26 31 24 26 21
"072_Group72" 22 30 20 31 16
"073_Group73" 9 19 24 24 8
"074_Group74" 16 25 21 29 23
"075_Group75" 20 24 19 33 19
"076_Group76" 10 18 19 27 31
"077_Group77" 20 22 40 18 30
"078_Group78" 14 25 20 19 19
"079_Group79" 12 16 16 26 20
"080_Group80" 23 20 13 12 27
"081_Group81" 18 18 13 21 27
"082_Group82" 16 25 21 22 24
"083_Group83" 26 12 16 21 17
"084_Group84" 27 18 19 28 15
"085_Group85" 19 23 22 30 27
"086_Group86" 23 17 33 17 19
"087_Group87" 11 26 11 18 25
"088_Group88" 16 27 25 39 19
"089_Group89" 25 28 26 29 28
"090_Group90" 13 13 15 19 21
"091_Group91" 30 29 25 29 37
"092_Group92" 33 29 17 25 32
"093_Group93" 35 29 34 39 12
"094_Group94" 37 33 41 37 20
"095_Group95" 31 32 42 24 28

"<<<<<< Group Activity: Number of wells/group >>>>>>"
Group/Time[m] 2 4 6 8 10
"000_Group0" 1 1 1 1 1
"001_Group1" 1 1 1 1 1
"002_Group2" 1 1 1 1 1
"003_Group3" 1 1 1 1 1
"004_Group4" 1 1 1 1 1
"005_Group5" 1 1 1 1 1
"006_Group6" 1 1 1 1 1
"007_Group7" 1 1 1 1 1
"008_Group8" 1 1 1 1 1
"009_Group9" 1 1 1 1 1
"010_Group10" 1 1 1 1 1
"011_Group11" 1 1 1 1 1
"012_Group12" 1 1 1 1 1
"013_Group13" 1 1 1 1 1
"014_Group14" 1 1 1 1 1
"015_Group15" 1 1 1 1 1
"016_Group16" 1 1 1 1 1
"017_Group17" 1 1 1 1 1
"018_Group18" 1 1 1 1 1
"019_Group19" 1 1 1 1 1
"020_Group20" 1 1 1 1 1
"021_Group21" 1 1 1 1 1
"022_Group22" 1 1 1 1 1
"023_Group23" 1 1 1 1 1
"024_Group24" 1 1 1 1 1
"025_Group25" 1 1 1 1 1
"026_Group26" 1 1 1 1 1
"027_Group27" 1 1 1 1 1
"028_Group28" 1 1 1 1 1
"029_Group29" 1 1 1 1 1
"030_Group30" 1 1 1 1 1
"031_Group31" 1 1 1 1 1
"032_Group32" 1 1 1 1 1
"033_Group33" 1 1 1 1 1
"034_Group34" 1 1 1 1 1
"035_Group35" 1 1 1 1 1
"036_Group36" 1 1 1 1 1
"037_Group37" 1 1 1 1 1
"038_Group38" 1 1 1 1 1
"039_Group39" 1 1 1 1 1
"040_Group40" 1 1 1 1 1
"041_Group41" 1 1 1 1 1
"042_Group42" 1 1 1 1 1
"043_Group43" 1 1 1 1 1
"044_Group44" 1 1 1 1 1
"045_Group45" 1 1 1 1 1
"046_Group46" 1 1 1 1 1
"047_Group47" 1 1 1 1 1
"048_Group48" 1 1 1 1 1
"049_Group49" 1 1 1 1 1
"050_Group50" 1 1 1 1 1
"051_Group51" 1 1 1 1 1
"052_Group52" 1 1 1 1 1
"053_Group53" 1 1 1 1 1
"054_Group54" 1 1 1 1 1
"055_Group55" 1 1 1 1 1
"056_Group56" 1 1 1 1 1
"057_Group57" 1 1 1 1 1
"058_Group58" 1 1 1 1 1
"059_Group59" 1 1 1 1 1
"060_Group60" 1 1 1 1 1
"061_Group61" 1 1 1 1 1
"062_Group62" 1 1 1 1 1
"063_Group63" 1 1 1 1 1
"064_Group64" 1 1 1 1 1
"065_Group65" 1 1 1 1 1
"066_Group66" 1 1 1 1 1
"067_Group67" 1 1 1 1 1
"068_Group68" 1 1 1 1 1
"069_Group69" 1 1 1 1 1
"070_Group70" 1 1 1 1 1
"071_Group71" 1 1 1 1 1
"072_Group72" 1 1 1 1 1
"073_Group73" 1 1 1 1 1
"074_Group74" 1 1 1 1 1
"075_Group75" 1 1 1 1 1
"076_Group76" 1 1 1 1 1
"077_Group77" 1 1 1 1 1
"078_Group78" 1 1 1 1 1
"079_Group79" 1 1 1 1 1
"080_Group80" 1 1 1 1 1
"081_Group81" 1 1 1 1 1
"082_Group82" 1 1 1 1 1
"083_Group83" 1 1 1 1 1
"084_Group84" 1 1 1 1 1
"085_Group85" 1 1 1 1 1
"086_Group86" 1 1 1 1 1
"087_Group87" 1 1 1 1 1
"088_Group88" 1 1 1 1 1
"089_Group89" 1 1 1 1 1
"090_Group90" 1 1 1 1 1
"091_Group91" 1 1 1 1 1
"092_Group92" 1 1 1 1 1
"093_Group93" 1 1 1 1 1
"094_Group94" 1 1 1 1 1
"095_Group95" 1 1 1 1 1

"<<<<<< Number of Samples per Acquisition Interval [1unit=500values] >>>>>>"
Time[m] 2 4 6 8 10 
#Samples 2 2 2 2 2 

"<<<<<< Average Temperature [°C] >>>>>>"
Time[m] 2 4 6 8 10 
Temp[°C] 22.2 22.2 22.2 22.2 22.2 

"<<<<<< Well Activity >>>>>>"
Well Group/Time[m] 2 4 6 8 10
A1 "000_Group0" 44 22 37 25 48
B1 "001_Group1" 32 35 23 22 27
C1 "002_Group2" 30 14 33 19 31
D1 "003_Group3" 11 22 29 33 23
E1 "004_Group4" 34 35 40 48 36
F1 "005_Group5" 21 21 27 20 44
G1 "006_Group6" 40 31 16 19 29
H1 "007_Group7" 34 20 34 16 30
A2 "008_Group8" 16 30 29 26 27
B2 "009_Group9" 20 17 20 36 21
C2 "010_Group10" 25 24 27 21 19
D2 "011_Group11" 12 33 30 34 30
E2 "012_Group12" 18 39 21 27 33
F2 "013_Group13" 17 31 23 23 23
G2 "014_Group14" 21 33 33 38 31
H2 "015_Group15" 33 28 28 28 23
A3 "016_Group16" 13 19 25 29 41
B3 "017_Group17" 24 22 13 15 24
C3 "018_Group18" 18 29 35 9 21
D3 "019_Group19" 26 30 27 15 15
E3 "020_Group20" 19 17 32 22 20
F3 "021_Group21" 19 32 17 18 23
G3 "022_Group22" 27 26 28 29 14
H3 "023_Group23" 31 16 26 35 26
A4 "024_Group24" 24 30 33 22 17
B4 "025_Group25" 17 27 20 15 17
C4 "026_Group26" 41 22 19 33 24
D4 "027_Group27" 13 22 26 18 25
E4 "028_Group28" 9 24 29 25 21
F4 "029_Group29" 29 24 15 14 22
G4 "030_Group30" 10 41 34 24 14
H4 "031_Group31" 20 27 33 26 36
A5 "032_Group32" 22 30 27 28 25
B5 "033_Group33" 15 9 13 11 16
C5 "034_Group34" 24 26 22 14 22
D5 "035_Group35" 54 47 34 31 39
E5 "036_Group36" 14 23 37 41 39
F5 "037_Group37" 31 35 25 23 25
G5 "038_Group38" 34 29 47 39 43
H5 "039_Group39" 19 16 33 34 15
A6 "040_Group40" 37 34 42 42 25
B6 "041_Group41" 29 41 22 32 30
C6 "042_Group42" 34 36 31 16 30
D6 "043_Group43" 30 29 26 26 27
E6 "044_Group44" 24 27 23 38 35
F6 "045_Group45" 26 26 24 16 24
G6 "046_Group46" 44 44 35 22 39
H6 "047_Group47" 31 39 35 34 29
A7 "048_Group48" 45 49 46 56 40
B7 "049_Group49" 37 28 20 13 33
C7 "050_Group50" 49 32 27 27 36
D7 "051_Group51" 52 55 39 56 54
E7 "052_Group52" 28 39 52 37 41
F7 "053_Group53" 38 30 43 44 43
G7 "054_Group54" 33 37 33 45 42
H7 "055_Group55" 66 39 38 40 38
A8 "056_Group56" 37 24 23 32 18
B8 "057_Group57" 35 19 20 12 19
C8 "058_Group58" 14 33 26 22 13
D8 "059_Group59" 56 36 41 24 28
E8 "060_Group60" 25 20 22 19 26
F8 "061_Group61" 29 44 32 20 21
G8 "062_Group62" 27 23 31 26 18
H8 "063_Group63" 21 31 25 29 32
A9 "064_Group64" 36 34 32 38 40
B9 "065_Group65" 35 27 30 16 36
C9 "066_Group66" 32 31 29 20 24
D9 "067_Group67" 54 44 52 45 50
E9 "068_Group68" 23 28 24 13 22
F9 "069_Group69" 25 22 26 14 9
G9 "070_Group70" 20 42 52 43 45
H9 "071_Group71" 26 31 24 26 21
A10 "072_Group72" 22 30 20 31 16
B10 "073_Group73" 9 19 24 24 8
C10 "074_Group74" 16 25 21 29 23
D10 "075_Group75" 20 24 19 33 19
E10 "076_Group76" 10 18 19 27 31
F10 "077_Group77" 20 22 40 18 30
G10 "078_Group78" 14 25 20 19 19
H10 "079_Group79" 12 16 16 26 20
A11 "080_Group80" 23 20 13 12 27
B11 "081_Group81" 18 18 13 21 27
C11 "082_Group82" 16 25 21 22 24
D11 "083_Group83" 26 12 16 21 17
E11 "084_Group84" 27 18 19 28 15
F11 "085_Group85" 19 23 22 30 27
G11 "086_Group86" 23 17 33 17 19
H11 "087_Group87" 11 26 11 18 25
A12 "088_Group88" 16 27 25 39 19
B12 "089_Group89" 25 28 26 29 28
C12 "090_Group90" 13 13 15 19 21
D12 "091_Group91" 30 29 25 29 37
E12 "092_Group92" 33 29 17 25 32
F12 "093_Group93" 35 29 34 39 12
G12 "094_Group94" 37 33 41 37 20
H12 "095_Group95" 31 32 42 24 28

"<<<<<< Channel Activity >>>>>>"
Channel Well Group/Time[m] 2 4 6 8 10
CH0 A1.0 "000_Group0" 44 22 37 25 48
CH2 B1.0 "001_Group1" 32 35 23 22 27
CH4 C1.0 "002_Group2" 30 14 33 19 31
CH6 D1.0 "003_Group3" 11 22 29 33 23
CH8 E1.0 "004_Group4" 34 35 40 48 36
CH10 F1.0 "005_Group5" 21 21 27 20 44
CH12 G1.0 "006_Group6" 40 31 16 19 29
CH14 H1.0 "007_Group7" 34 20 34 16 30
CH32 A2.0 "008_Group8" 16 30 29 26 27
CH34 B2.0 "009_Group9" 20 17 20 36 21
CH36 C2.0 "010_Group10" 25 24 27 21 19
CH38 D2.0 "011_Group11" 12 33 30 34 30
CH40 E2.0 "012_Group12" 18 39 21 27 33
CH42 F2.0 "013_Group13" 17 31 23 23 23
CH44 G2.0 "014_Group14" 21 33 33 38 31
CH46 H2.0 "015_Group15" 33 28 28 28 23
CH64 A3.0 "016_Group16" 13 19 25 29 41
CH66 B3.0 "017_Group17" 24 22 13 15 24
CH68 C3.0 "018_Group18" 18 29 35 9 21
CH70 D3.0 "019_Group19" 26 30 27 15 15
CH72 E3.0 "020_Group20" 19 17 32 22 20
CH74 F3.0 "021_Group21" 19 32 17 18 23
CH76 G3.0 "022_Group22" 27 26 28 29 14
CH78 H3.0 "023_Group23" 31 16 26 35 26
CH96 A4.0 "024_Group24" 24 30 33 22 17
CH98 B4.0 "025_Group25" 17 27 20 15 17
CH100 C4.0 "026_Group26" 41 22 19 33 24
CH102 D4.0 "027_Group27" 13 22 26 18 25
CH104 E4.0 "028_Group28" 9 24 29 25 21
CH106 F4.0 "029_Group29" 29 24 15 14 22
CH108 G4.0 "030_Group30" 10 41 34 24 14
CH110 H4.0 "031_Group31" 20 27 33 26 36
CH128 A5.0 "032_Group32" 22 30 27 28 25
CH130 B5.0 "033_Group33" 15 9 13 11 16
CH132 C5.0 "034_Group34" 24 26 22 14 22
CH134 D5.0 "035_Group35" 54 47 34 31 39
CH136 E5.0 "036_Group36" 14 23 37 41 39
CH138 F5.0 "037_Group37" 31 35 25 23 25
CH140 G5.0 "038_Group38" 34 29 47 39 43
CH142 H5.0 "039_Group39" 19 16 33 34 15
CH160 A6.0 "040_Group40" 37 34 42 42 25
CH162 B6.0 "041_Group41" 29 41 22 32 30
CH164 C6.0 "042_Group42" 34 36 31 16 30
CH166 D6.0 "043_Group43" 30 29 26 26 27
CH168 E6.0 "044_Group44" 24 27 23 38 35
CH170 F6.0 "045_Group45" 26 26 24 16 24
CH172 G6.0 "046_Group46" 44 44 35 22 39
CH174 H6.0 "047_Group47" 31 39 35 34 29
CH192 A7.0 "048_Group48" 45 49 46 56 40
CH194 B7.0 "049_Group49" 37 28 20 13 33
CH196 C7.0 "050_Group50" 49 32 27 27 36
CH198 D7.0 "051_Group51" 52 55 39 56 54
CH200 E7.0 "052_Group52" 28 39 52 37 41
CH202 F7.0 "053_Group53" 38 30 43 44 43
CH204 G7.0 "054_Group54" 33 37 33 45 42
CH206 H7.0 "055_Group55" 66 39 38 40 38
CH224 A8.0 "056_Group56" 37 24 23 32 18
CH226 B8.0 "057_Group57" 35 19 20 12 19
CH228 C8.0 "058_Group58" 14 33 26 22 13
CH230 D8.0 "059_Group59" 56 36 41 24 28
CH232 E8.0 "060_Group60" 25 20 22 19 26
CH234 F8.0 "061_Group61" 29 44 32 20 21
CH236 G8.0 "062_Group62" 27 23 31 26 18
CH238 H8.0 "063_Group63" 21 31 25 29 32
CH256 A9.0 "064_Group64" 36 34 32 38 40
CH258 B9.0 "065_Group65" 35 27 30 16 36
CH260 C9.0 "066_Group66" 32 31 29 20 24
CH262 D9.0 "067_Group67" 54 44 52 45 50
CH264 E9.0 "068_Group68" 23 28 24 13 22
CH266 F9.0 "069_Group69" 25 22 26 14 9
CH268 G9.0 "070_Group70" 20 42 52 43 45
CH270 H9.0 "071_Group71" 26 31 24 26 21
CH288 A10.0 "072_Group72" 22 30 20 31 16
CH290 B10.0 "073_Group73" 9 19 24 24 8
CH292 C10.0 "074_Group74" 16 25 21 29 23
CH294 D10.0 "075_Group75" 20 24 19 33 19
CH296 E10.0 "076_Group76" 10 18 19 27 31
CH298 F10.0 "077_Group77" 20 22 40 18 30
CH300 G10.0 "078_Group78" 14 25 20 19 19
CH302 H10.0 "079_Group79" 12 16 16 26 20
CH320 A11.0 "080_Group80" 23 20 13 12 27
CH322 B11.0 "081_Group81" 18 18 13 21 27
CH324 C11.0 "082_Group82" 16 25 21 22 24
CH326 D11.0 "083_Group83" 26 12 16 21 17
CH328 E11.0 "084_Group84" 27 18 19 28 15
CH330 F11.0 "085_Group85" 19 23 22 30 27
CH332 G11.0 "086_Group86" 23 17 33 17 19
CH334 H11.0 "087_Group87" 11 26 11 18 25
CH352 A12.0 "088_Group88" 16 27 25 39 19
CH354 B12.0 "089_Group89" 25 28 26 29 28
CH356 C12.0 "090_Group90" 13 13 15 19 21
CH358 D12.0 "091_Group91" 30 29 25 29 37
CH360 E12.0 "092_Group92" 33 29 17 25 32
CH362 F12.0 "093_Group93" 35 29 34 39 12
CH364 G12.0 "094_Group94" 37 33 41 37 20
CH366 H12.0 "095_Group95" 31 32 42 24 28
