"DATE:" "2/3/2015 9:06:00 AM"
"FILE:" "C:\Users\AndersenLab\Desktop\wmicrotracker\p00011\20150203_0854"
"SUBPROJECT:" "20150203_Longevity_3_3mgmL"

"<<<<<< Group Activity: Average Activity Counts per Data Interval>>>>>>"
Group/Time[m] 2 4 6 8 10
"000_Group0" 22 15 16 11 9
"001_Group1" 18 11 25 28 23
"002_Group2" 25 25 16 11 24
"003_Group3" 25 23 22 11 22
"004_Group4" 20 10 2 4 13
"005_Group5" 12 18 12 20 10
"006_Group6" 14 19 10 17 11
"007_Group7" 22 21 4 2 9
"008_Group8" 22 26 31 22 11
"009_Group9" 36 27 23 31 28
"010_Group10" 28 42 29 27 22
"011_Group11" 19 11 32 34 15
"012_Group12" 33 11 20 26 4
"013_Group13" 28 9 12 6 12
"014_Group14" 25 25 16 18 30
"015_Group15" 26 27 8 9 9
"016_Group16" 26 13 5 6 13
"017_Group17" 16 17 5 19 15
"018_Group18" 20 16 15 10 18
"019_Group19" 9 30 12 4 19
"020_Group20" 11 14 21 12 12
"021_Group21" 20 12 11 19 5
"022_Group22" 6 36 22 13 37
"023_Group23" 18 6 13 9 4
"024_Group24" 33 18 15 12 12
"025_Group25" 35 41 37 41 35
"026_Group26" 12 8 11 9 10
"027_Group27" 29 33 39 29 24
"028_Group28" 34 27 16 12 7
"029_Group29" 27 23 17 14 6
"030_Group30" 41 37 30 39 19
"031_Group31" 49 32 17 22 20
"032_Group32" 18 26 24 19 26
"033_Group33" 17 25 8 16 9
"034_Group34" 23 30 12 15 14
"035_Group35" 23 17 24 17 9
"036_Group36" 25 28 12 8 1
"037_Group37" 23 9 4 16 21
"038_Group38" 28 19 12 20 7
"039_Group39" 36 19 10 28 19
"040_Group40" 21 15 14 3 11
"041_Group41" 20 18 21 29 13
"042_Group42" 10 9 11 4 4
"043_Group43" 0 0 5 0 0
"044_Group44" 7 9 8 10 4
"045_Group45" 11 17 15 15 8
"046_Group46" 10 10 9 6 1
"047_Group47" 6 4 6 6 4
"048_Group48" 19 17 22 9 15
"049_Group49" 49 20 15 8 13
"050_Group50" 22 15 18 17 20
"051_Group51" 36 29 15 4 12
"052_Group52" 14 5 6 10 7
"053_Group53" 14 12 31 25 10
"054_Group54" 37 10 8 9 9
"055_Group55" 30 34 23 13 14
"056_Group56" 22 13 16 6 9
"057_Group57" 35 27 15 9 12
"058_Group58" 50 18 11 8 18
"059_Group59" 43 39 23 40 9
"060_Group60" 38 38 17 8 21
"061_Group61" 33 8 24 32 16
"062_Group62" 19 14 13 15 9
"063_Group63" 39 25 19 12 18
"064_Group64" 44 56 25 27 28
"065_Group65" 18 29 40 26 17
"066_Group66" 15 17 16 23 20
"067_Group67" 21 31 27 9 13
"068_Group68" 31 20 27 28 33
"069_Group69" 40 25 33 36 32
"070_Group70" 9 29 27 30 29
"071_Group71" 21 35 43 19 9
"072_Group72" 17 22 20 8 4
"073_Group73" 28 23 7 12 5
"074_Group74" 17 19 12 2 3
"075_Group75" 20 27 9 12 11
"076_Group76" 16 14 11 19 16
"077_Group77" 18 25 13 19 18
"078_Group78" 26 20 11 11 7
"079_Group79" 21 20 13 3 5
"080_Group80" 9 7 14 10 15
"081_Group81" 8 10 11 10 7
"082_Group82" 16 16 12 8 8
"083_Group83" 18 11 26 19 12
"084_Group84" 8 11 13 11 9
"085_Group85" 21 13 15 17 10
"086_Group86" 19 9 8 12 8
"087_Group87" 12 12 14 12 20
"088_Group88" 10 8 3 9 5
"089_Group89" 6 12 14 9 7
"090_Group90" 8 20 11 19 12
"091_Group91" 13 9 6 2 4
"092_Group92" 3 7 1 0 0
"093_Group93" 18 20 17 14 19
"094_Group94" 24 21 7 13 4
"095_Group95" 6 1 0 0 0

"<<<<<< Group Activity: Number of wells/group >>>>>>"
Group/Time[m] 2 4 6 8 10
"000_Group0" 1 1 1 1 1
"001_Group1" 1 1 1 1 1
"002_Group2" 1 1 1 1 1
"003_Group3" 1 1 1 1 1
"004_Group4" 1 1 1 1 1
"005_Group5" 1 1 1 1 1
"006_Group6" 1 1 1 1 1
"007_Group7" 1 1 1 1 1
"008_Group8" 1 1 1 1 1
"009_Group9" 1 1 1 1 1
"010_Group10" 1 1 1 1 1
"011_Group11" 1 1 1 1 1
"012_Group12" 1 1 1 1 1
"013_Group13" 1 1 1 1 1
"014_Group14" 1 1 1 1 1
"015_Group15" 1 1 1 1 1
"016_Group16" 1 1 1 1 1
"017_Group17" 1 1 1 1 1
"018_Group18" 1 1 1 1 1
"019_Group19" 1 1 1 1 1
"020_Group20" 1 1 1 1 1
"021_Group21" 1 1 1 1 1
"022_Group22" 1 1 1 1 1
"023_Group23" 1 1 1 1 1
"024_Group24" 1 1 1 1 1
"025_Group25" 1 1 1 1 1
"026_Group26" 1 1 1 1 1
"027_Group27" 1 1 1 1 1
"028_Group28" 1 1 1 1 1
"029_Group29" 1 1 1 1 1
"030_Group30" 1 1 1 1 1
"031_Group31" 1 1 1 1 1
"032_Group32" 1 1 1 1 1
"033_Group33" 1 1 1 1 1
"034_Group34" 1 1 1 1 1
"035_Group35" 1 1 1 1 1
"036_Group36" 1 1 1 1 1
"037_Group37" 1 1 1 1 1
"038_Group38" 1 1 1 1 1
"039_Group39" 1 1 1 1 1
"040_Group40" 1 1 1 1 1
"041_Group41" 1 1 1 1 1
"042_Group42" 1 1 1 1 1
"043_Group43" 1 1 1 1 1
"044_Group44" 1 1 1 1 1
"045_Group45" 1 1 1 1 1
"046_Group46" 1 1 1 1 1
"047_Group47" 1 1 1 1 1
"048_Group48" 1 1 1 1 1
"049_Group49" 1 1 1 1 1
"050_Group50" 1 1 1 1 1
"051_Group51" 1 1 1 1 1
"052_Group52" 1 1 1 1 1
"053_Group53" 1 1 1 1 1
"054_Group54" 1 1 1 1 1
"055_Group55" 1 1 1 1 1
"056_Group56" 1 1 1 1 1
"057_Group57" 1 1 1 1 1
"058_Group58" 1 1 1 1 1
"059_Group59" 1 1 1 1 1
"060_Group60" 1 1 1 1 1
"061_Group61" 1 1 1 1 1
"062_Group62" 1 1 1 1 1
"063_Group63" 1 1 1 1 1
"064_Group64" 1 1 1 1 1
"065_Group65" 1 1 1 1 1
"066_Group66" 1 1 1 1 1
"067_Group67" 1 1 1 1 1
"068_Group68" 1 1 1 1 1
"069_Group69" 1 1 1 1 1
"070_Group70" 1 1 1 1 1
"071_Group71" 1 1 1 1 1
"072_Group72" 1 1 1 1 1
"073_Group73" 1 1 1 1 1
"074_Group74" 1 1 1 1 1
"075_Group75" 1 1 1 1 1
"076_Group76" 1 1 1 1 1
"077_Group77" 1 1 1 1 1
"078_Group78" 1 1 1 1 1
"079_Group79" 1 1 1 1 1
"080_Group80" 1 1 1 1 1
"081_Group81" 1 1 1 1 1
"082_Group82" 1 1 1 1 1
"083_Group83" 1 1 1 1 1
"084_Group84" 1 1 1 1 1
"085_Group85" 1 1 1 1 1
"086_Group86" 1 1 1 1 1
"087_Group87" 1 1 1 1 1
"088_Group88" 1 1 1 1 1
"089_Group89" 1 1 1 1 1
"090_Group90" 1 1 1 1 1
"091_Group91" 1 1 1 1 1
"092_Group92" 1 1 1 1 1
"093_Group93" 1 1 1 1 1
"094_Group94" 1 1 1 1 1
"095_Group95" 1 1 1 1 1

"<<<<<< Number of Samples per Acquisition Interval [1unit=500values] >>>>>>"
Time[m] 2 4 6 8 10 
#Samples 2 2 2 2 2 

"<<<<<< Average Temperature [°C] >>>>>>"
Time[m] 2 4 6 8 10 
Temp[°C] 21.6 21.6 21.6 21.7 21.7 

"<<<<<< Well Activity >>>>>>"
Well Group/Time[m] 2 4 6 8 10
A1 "000_Group0" 22 15 16 11 9
B1 "001_Group1" 18 11 25 28 23
C1 "002_Group2" 25 25 16 11 24
D1 "003_Group3" 25 23 22 11 22
E1 "004_Group4" 20 10 2 4 13
F1 "005_Group5" 12 18 12 20 10
G1 "006_Group6" 14 19 10 17 11
H1 "007_Group7" 22 21 4 2 9
A2 "008_Group8" 22 26 31 22 11
B2 "009_Group9" 36 27 23 31 28
C2 "010_Group10" 28 42 29 27 22
D2 "011_Group11" 19 11 32 34 15
E2 "012_Group12" 33 11 20 26 4
F2 "013_Group13" 28 9 12 6 12
G2 "014_Group14" 25 25 16 18 30
H2 "015_Group15" 26 27 8 9 9
A3 "016_Group16" 26 13 5 6 13
B3 "017_Group17" 16 17 5 19 15
C3 "018_Group18" 20 16 15 10 18
D3 "019_Group19" 9 30 12 4 19
E3 "020_Group20" 11 14 21 12 12
F3 "021_Group21" 20 12 11 19 5
G3 "022_Group22" 6 36 22 13 37
H3 "023_Group23" 18 6 13 9 4
A4 "024_Group24" 33 18 15 12 12
B4 "025_Group25" 35 41 37 41 35
C4 "026_Group26" 12 8 11 9 10
D4 "027_Group27" 29 33 39 29 24
E4 "028_Group28" 34 27 16 12 7
F4 "029_Group29" 27 23 17 14 6
G4 "030_Group30" 41 37 30 39 19
H4 "031_Group31" 49 32 17 22 20
A5 "032_Group32" 18 26 24 19 26
B5 "033_Group33" 17 25 8 16 9
C5 "034_Group34" 23 30 12 15 14
D5 "035_Group35" 23 17 24 17 9
E5 "036_Group36" 25 28 12 8 1
F5 "037_Group37" 23 9 4 16 21
G5 "038_Group38" 28 19 12 20 7
H5 "039_Group39" 36 19 10 28 19
A6 "040_Group40" 21 15 14 3 11
B6 "041_Group41" 20 18 21 29 13
C6 "042_Group42" 10 9 11 4 4
D6 "043_Group43" 0 0 5 0 0
E6 "044_Group44" 7 9 8 10 4
F6 "045_Group45" 11 17 15 15 8
G6 "046_Group46" 10 10 9 6 1
H6 "047_Group47" 6 4 6 6 4
A7 "048_Group48" 19 17 22 9 15
B7 "049_Group49" 49 20 15 8 13
C7 "050_Group50" 22 15 18 17 20
D7 "051_Group51" 36 29 15 4 12
E7 "052_Group52" 14 5 6 10 7
F7 "053_Group53" 14 12 31 25 10
G7 "054_Group54" 37 10 8 9 9
H7 "055_Group55" 30 34 23 13 14
A8 "056_Group56" 22 13 16 6 9
B8 "057_Group57" 35 27 15 9 12
C8 "058_Group58" 50 18 11 8 18
D8 "059_Group59" 43 39 23 40 9
E8 "060_Group60" 38 38 17 8 21
F8 "061_Group61" 33 8 24 32 16
G8 "062_Group62" 19 14 13 15 9
H8 "063_Group63" 39 25 19 12 18
A9 "064_Group64" 44 56 25 27 28
B9 "065_Group65" 18 29 40 26 17
C9 "066_Group66" 15 17 16 23 20
D9 "067_Group67" 21 31 27 9 13
E9 "068_Group68" 31 20 27 28 33
F9 "069_Group69" 40 25 33 36 32
G9 "070_Group70" 9 29 27 30 29
H9 "071_Group71" 21 35 43 19 9
A10 "072_Group72" 17 22 20 8 4
B10 "073_Group73" 28 23 7 12 5
C10 "074_Group74" 17 19 12 2 3
D10 "075_Group75" 20 27 9 12 11
E10 "076_Group76" 16 14 11 19 16
F10 "077_Group77" 18 25 13 19 18
G10 "078_Group78" 26 20 11 11 7
H10 "079_Group79" 21 20 13 3 5
A11 "080_Group80" 9 7 14 10 15
B11 "081_Group81" 8 10 11 10 7
C11 "082_Group82" 16 16 12 8 8
D11 "083_Group83" 18 11 26 19 12
E11 "084_Group84" 8 11 13 11 9
F11 "085_Group85" 21 13 15 17 10
G11 "086_Group86" 19 9 8 12 8
H11 "087_Group87" 12 12 14 12 20
A12 "088_Group88" 10 8 3 9 5
B12 "089_Group89" 6 12 14 9 7
C12 "090_Group90" 8 20 11 19 12
D12 "091_Group91" 13 9 6 2 4
E12 "092_Group92" 3 7 1 0 0
F12 "093_Group93" 18 20 17 14 19
G12 "094_Group94" 24 21 7 13 4
H12 "095_Group95" 6 1 0 0 0

"<<<<<< Channel Activity >>>>>>"
Channel Well Group/Time[m] 2 4 6 8 10
CH0 A1.0 "000_Group0" 22 15 16 11 9
CH2 B1.0 "001_Group1" 18 11 25 28 23
CH4 C1.0 "002_Group2" 25 25 16 11 24
CH6 D1.0 "003_Group3" 25 23 22 11 22
CH8 E1.0 "004_Group4" 20 10 2 4 13
CH10 F1.0 "005_Group5" 12 18 12 20 10
CH12 G1.0 "006_Group6" 14 19 10 17 11
CH14 H1.0 "007_Group7" 22 21 4 2 9
CH32 A2.0 "008_Group8" 22 26 31 22 11
CH34 B2.0 "009_Group9" 36 27 23 31 28
CH36 C2.0 "010_Group10" 28 42 29 27 22
CH38 D2.0 "011_Group11" 19 11 32 34 15
CH40 E2.0 "012_Group12" 33 11 20 26 4
CH42 F2.0 "013_Group13" 28 9 12 6 12
CH44 G2.0 "014_Group14" 25 25 16 18 30
CH46 H2.0 "015_Group15" 26 27 8 9 9
CH64 A3.0 "016_Group16" 26 13 5 6 13
CH66 B3.0 "017_Group17" 16 17 5 19 15
CH68 C3.0 "018_Group18" 20 16 15 10 18
CH70 D3.0 "019_Group19" 9 30 12 4 19
CH72 E3.0 "020_Group20" 11 14 21 12 12
CH74 F3.0 "021_Group21" 20 12 11 19 5
CH76 G3.0 "022_Group22" 6 36 22 13 37
CH78 H3.0 "023_Group23" 18 6 13 9 4
CH96 A4.0 "024_Group24" 33 18 15 12 12
CH98 B4.0 "025_Group25" 35 41 37 41 35
CH100 C4.0 "026_Group26" 12 8 11 9 10
CH102 D4.0 "027_Group27" 29 33 39 29 24
CH104 E4.0 "028_Group28" 34 27 16 12 7
CH106 F4.0 "029_Group29" 27 23 17 14 6
CH108 G4.0 "030_Group30" 41 37 30 39 19
CH110 H4.0 "031_Group31" 49 32 17 22 20
CH128 A5.0 "032_Group32" 18 26 24 19 26
CH130 B5.0 "033_Group33" 17 25 8 16 9
CH132 C5.0 "034_Group34" 23 30 12 15 14
CH134 D5.0 "035_Group35" 23 17 24 17 9
CH136 E5.0 "036_Group36" 25 28 12 8 1
CH138 F5.0 "037_Group37" 23 9 4 16 21
CH140 G5.0 "038_Group38" 28 19 12 20 7
CH142 H5.0 "039_Group39" 36 19 10 28 19
CH160 A6.0 "040_Group40" 21 15 14 3 11
CH162 B6.0 "041_Group41" 20 18 21 29 13
CH164 C6.0 "042_Group42" 10 9 11 4 4
CH166 D6.0 "043_Group43" 0 0 5 0 0
CH168 E6.0 "044_Group44" 7 9 8 10 4
CH170 F6.0 "045_Group45" 11 17 15 15 8
CH172 G6.0 "046_Group46" 10 10 9 6 1
CH174 H6.0 "047_Group47" 6 4 6 6 4
CH192 A7.0 "048_Group48" 19 17 22 9 15
CH194 B7.0 "049_Group49" 49 20 15 8 13
CH196 C7.0 "050_Group50" 22 15 18 17 20
CH198 D7.0 "051_Group51" 36 29 15 4 12
CH200 E7.0 "052_Group52" 14 5 6 10 7
CH202 F7.0 "053_Group53" 14 12 31 25 10
CH204 G7.0 "054_Group54" 37 10 8 9 9
CH206 H7.0 "055_Group55" 30 34 23 13 14
CH224 A8.0 "056_Group56" 22 13 16 6 9
CH226 B8.0 "057_Group57" 35 27 15 9 12
CH228 C8.0 "058_Group58" 50 18 11 8 18
CH230 D8.0 "059_Group59" 43 39 23 40 9
CH232 E8.0 "060_Group60" 38 38 17 8 21
CH234 F8.0 "061_Group61" 33 8 24 32 16
CH236 G8.0 "062_Group62" 19 14 13 15 9
CH238 H8.0 "063_Group63" 39 25 19 12 18
CH256 A9.0 "064_Group64" 44 56 25 27 28
CH258 B9.0 "065_Group65" 18 29 40 26 17
CH260 C9.0 "066_Group66" 15 17 16 23 20
CH262 D9.0 "067_Group67" 21 31 27 9 13
CH264 E9.0 "068_Group68" 31 20 27 28 33
CH266 F9.0 "069_Group69" 40 25 33 36 32
CH268 G9.0 "070_Group70" 9 29 27 30 29
CH270 H9.0 "071_Group71" 21 35 43 19 9
CH288 A10.0 "072_Group72" 17 22 20 8 4
CH290 B10.0 "073_Group73" 28 23 7 12 5
CH292 C10.0 "074_Group74" 17 19 12 2 3
CH294 D10.0 "075_Group75" 20 27 9 12 11
CH296 E10.0 "076_Group76" 16 14 11 19 16
CH298 F10.0 "077_Group77" 18 25 13 19 18
CH300 G10.0 "078_Group78" 26 20 11 11 7
CH302 H10.0 "079_Group79" 21 20 13 3 5
CH320 A11.0 "080_Group80" 9 7 14 10 15
CH322 B11.0 "081_Group81" 8 10 11 10 7
CH324 C11.0 "082_Group82" 16 16 12 8 8
CH326 D11.0 "083_Group83" 18 11 26 19 12
CH328 E11.0 "084_Group84" 8 11 13 11 9
CH330 F11.0 "085_Group85" 21 13 15 17 10
CH332 G11.0 "086_Group86" 19 9 8 12 8
CH334 H11.0 "087_Group87" 12 12 14 12 20
CH352 A12.0 "088_Group88" 10 8 3 9 5
CH354 B12.0 "089_Group89" 6 12 14 9 7
CH356 C12.0 "090_Group90" 8 20 11 19 12
CH358 D12.0 "091_Group91" 13 9 6 2 4
CH360 E12.0 "092_Group92" 3 7 1 0 0
CH362 F12.0 "093_Group93" 18 20 17 14 19
CH364 G12.0 "094_Group94" 24 21 7 13 4
CH366 H12.0 "095_Group95" 6 1 0 0 0
