"DATE:" "1/30/2015 9:15:29 AM"
"FILE:" "C:\Users\AndersenLab\Desktop\wmicrotracker\p00011\20150130_0901"
"SUBPROJECT:" "20150130_Longevity_3_3mgmL"

"<<<<<< Group Activity: Average Activity Counts per Data Interval>>>>>>"
Group/Time[m] 2 4 6 8 10
"000_Group0" 1 0 0 0 0
"001_Group1" 1 0 0 0 0
"002_Group2" 0 0 0 0 0
"003_Group3" 0 0 0 0 0
"004_Group4" 0 0 0 0 0
"005_Group5" 0 0 0 0 0
"006_Group6" 0 0 0 0 0
"007_Group7" 2 6 3 0 3
"008_Group8" 43 42 26 36 46
"009_Group9" 47 31 28 28 30
"010_Group10" 21 26 16 30 34
"011_Group11" 41 27 38 33 31
"012_Group12" 24 32 53 28 37
"013_Group13" 29 48 35 32 37
"014_Group14" 26 36 44 31 21
"015_Group15" 23 38 27 25 32
"016_Group16" 1 4 1 4 10
"017_Group17" 3 4 8 2 0
"018_Group18" 4 2 1 3 4
"019_Group19" 9 2 0 0 0
"020_Group20" 9 5 8 0 0
"021_Group21" 10 8 12 10 8
"022_Group22" 2 2 1 1 0
"023_Group23" 11 3 0 4 1
"024_Group24" 19 21 14 7 12
"025_Group25" 25 21 10 19 18
"026_Group26" 20 11 14 13 9
"027_Group27" 15 15 23 11 26
"028_Group28" 14 39 25 29 19
"029_Group29" 10 11 14 17 13
"030_Group30" 10 13 26 14 24
"031_Group31" 16 15 40 34 29
"032_Group32" 7 9 8 4 6
"033_Group33" 5 0 4 1 15
"034_Group34" 12 6 7 1 0
"035_Group35" 1 3 3 4 2
"036_Group36" 3 2 5 3 10
"037_Group37" 3 1 0 0 0
"038_Group38" 10 11 7 8 18
"039_Group39" 15 14 7 4 8
"040_Group40" 15 9 9 1 1
"041_Group41" 9 22 15 7 1
"042_Group42" 15 15 18 13 13
"043_Group43" 0 11 3 3 3
"044_Group44" 11 12 25 15 7
"045_Group45" 1 0 0 12 5
"046_Group46" 3 6 2 3 7
"047_Group47" 11 13 10 6 18
"048_Group48" 20 14 5 7 15
"049_Group49" 14 17 13 22 33
"050_Group50" 35 39 36 41 27
"051_Group51" 36 28 26 16 23
"052_Group52" 26 27 35 25 19
"053_Group53" 31 11 23 21 38
"054_Group54" 12 9 19 13 22
"055_Group55" 19 27 32 29 31
"056_Group56" 18 23 14 10 15
"057_Group57" 34 30 13 12 16
"058_Group58" 25 13 20 14 8
"059_Group59" 25 12 11 6 11
"060_Group60" 27 27 24 18 17
"061_Group61" 17 6 9 19 23
"062_Group62" 18 18 16 13 7
"063_Group63" 22 12 12 22 18
"064_Group64" 20 25 15 24 21
"065_Group65" 21 25 21 17 10
"066_Group66" 40 47 47 32 24
"067_Group67" 26 38 28 15 21
"068_Group68" 31 37 50 31 30
"069_Group69" 12 22 27 39 30
"070_Group70" 17 29 42 40 39
"071_Group71" 25 23 31 38 28
"072_Group72" 41 25 28 11 9
"073_Group73" 43 49 31 19 28
"074_Group74" 30 38 22 20 20
"075_Group75" 37 28 22 15 17
"076_Group76" 13 30 44 26 34
"077_Group77" 27 34 28 21 25
"078_Group78" 27 37 31 17 29
"079_Group79" 32 38 50 32 26
"080_Group80" 24 20 12 14 20
"081_Group81" 22 5 6 12 4
"082_Group82" 10 9 11 8 22
"083_Group83" 10 16 13 11 11
"084_Group84" 6 8 15 10 13
"085_Group85" 9 12 7 12 15
"086_Group86" 10 9 10 12 12
"087_Group87" 14 12 7 16 14
"088_Group88" 30 15 19 10 16
"089_Group89" 12 14 2 11 15
"090_Group90" 20 27 18 15 23
"091_Group91" 3 3 0 1 4
"092_Group92" 19 32 24 27 18
"093_Group93" 9 0 2 0 1
"094_Group94" 13 17 13 11 19
"095_Group95" 25 28 22 17 17

"<<<<<< Group Activity: Number of wells/group >>>>>>"
Group/Time[m] 2 4 6 8 10
"000_Group0" 1 1 1 1 1
"001_Group1" 1 1 1 1 1
"002_Group2" 1 1 1 1 1
"003_Group3" 1 1 1 1 1
"004_Group4" 1 1 1 1 1
"005_Group5" 1 1 1 1 1
"006_Group6" 1 1 1 1 1
"007_Group7" 1 1 1 1 1
"008_Group8" 1 1 1 1 1
"009_Group9" 1 1 1 1 1
"010_Group10" 1 1 1 1 1
"011_Group11" 1 1 1 1 1
"012_Group12" 1 1 1 1 1
"013_Group13" 1 1 1 1 1
"014_Group14" 1 1 1 1 1
"015_Group15" 1 1 1 1 1
"016_Group16" 1 1 1 1 1
"017_Group17" 1 1 1 1 1
"018_Group18" 1 1 1 1 1
"019_Group19" 1 1 1 1 1
"020_Group20" 1 1 1 1 1
"021_Group21" 1 1 1 1 1
"022_Group22" 1 1 1 1 1
"023_Group23" 1 1 1 1 1
"024_Group24" 1 1 1 1 1
"025_Group25" 1 1 1 1 1
"026_Group26" 1 1 1 1 1
"027_Group27" 1 1 1 1 1
"028_Group28" 1 1 1 1 1
"029_Group29" 1 1 1 1 1
"030_Group30" 1 1 1 1 1
"031_Group31" 1 1 1 1 1
"032_Group32" 1 1 1 1 1
"033_Group33" 1 1 1 1 1
"034_Group34" 1 1 1 1 1
"035_Group35" 1 1 1 1 1
"036_Group36" 1 1 1 1 1
"037_Group37" 1 1 1 1 1
"038_Group38" 1 1 1 1 1
"039_Group39" 1 1 1 1 1
"040_Group40" 1 1 1 1 1
"041_Group41" 1 1 1 1 1
"042_Group42" 1 1 1 1 1
"043_Group43" 1 1 1 1 1
"044_Group44" 1 1 1 1 1
"045_Group45" 1 1 1 1 1
"046_Group46" 1 1 1 1 1
"047_Group47" 1 1 1 1 1
"048_Group48" 1 1 1 1 1
"049_Group49" 1 1 1 1 1
"050_Group50" 1 1 1 1 1
"051_Group51" 1 1 1 1 1
"052_Group52" 1 1 1 1 1
"053_Group53" 1 1 1 1 1
"054_Group54" 1 1 1 1 1
"055_Group55" 1 1 1 1 1
"056_Group56" 1 1 1 1 1
"057_Group57" 1 1 1 1 1
"058_Group58" 1 1 1 1 1
"059_Group59" 1 1 1 1 1
"060_Group60" 1 1 1 1 1
"061_Group61" 1 1 1 1 1
"062_Group62" 1 1 1 1 1
"063_Group63" 1 1 1 1 1
"064_Group64" 1 1 1 1 1
"065_Group65" 1 1 1 1 1
"066_Group66" 1 1 1 1 1
"067_Group67" 1 1 1 1 1
"068_Group68" 1 1 1 1 1
"069_Group69" 1 1 1 1 1
"070_Group70" 1 1 1 1 1
"071_Group71" 1 1 1 1 1
"072_Group72" 1 1 1 1 1
"073_Group73" 1 1 1 1 1
"074_Group74" 1 1 1 1 1
"075_Group75" 1 1 1 1 1
"076_Group76" 1 1 1 1 1
"077_Group77" 1 1 1 1 1
"078_Group78" 1 1 1 1 1
"079_Group79" 1 1 1 1 1
"080_Group80" 1 1 1 1 1
"081_Group81" 1 1 1 1 1
"082_Group82" 1 1 1 1 1
"083_Group83" 1 1 1 1 1
"084_Group84" 1 1 1 1 1
"085_Group85" 1 1 1 1 1
"086_Group86" 1 1 1 1 1
"087_Group87" 1 1 1 1 1
"088_Group88" 1 1 1 1 1
"089_Group89" 1 1 1 1 1
"090_Group90" 1 1 1 1 1
"091_Group91" 1 1 1 1 1
"092_Group92" 1 1 1 1 1
"093_Group93" 1 1 1 1 1
"094_Group94" 1 1 1 1 1
"095_Group95" 1 1 1 1 1

"<<<<<< Number of Samples per Acquisition Interval [1unit=500values] >>>>>>"
Time[m] 2 4 6 8 10 
#Samples 2 2 2 2 2 

"<<<<<< Average Temperature [°C] >>>>>>"
Time[m] 2 4 6 8 10 
Temp[°C] 21.6 21.6 21.6 21.6 21.6 

"<<<<<< Well Activity >>>>>>"
Well Group/Time[m] 2 4 6 8 10
A1 "000_Group0" 1 0 0 0 0
B1 "001_Group1" 1 0 0 0 0
C1 "002_Group2" 0 0 0 0 0
D1 "003_Group3" 0 0 0 0 0
E1 "004_Group4" 0 0 0 0 0
F1 "005_Group5" 0 0 0 0 0
G1 "006_Group6" 0 0 0 0 0
H1 "007_Group7" 2 6 3 0 3
A2 "008_Group8" 43 42 26 36 46
B2 "009_Group9" 47 31 28 28 30
C2 "010_Group10" 21 26 16 30 34
D2 "011_Group11" 41 27 38 33 31
E2 "012_Group12" 24 32 53 28 37
F2 "013_Group13" 29 48 35 32 37
G2 "014_Group14" 26 36 44 31 21
H2 "015_Group15" 23 38 27 25 32
A3 "016_Group16" 1 4 1 4 10
B3 "017_Group17" 3 4 8 2 0
C3 "018_Group18" 4 2 1 3 4
D3 "019_Group19" 9 2 0 0 0
E3 "020_Group20" 9 5 8 0 0
F3 "021_Group21" 10 8 12 10 8
G3 "022_Group22" 2 2 1 1 0
H3 "023_Group23" 11 3 0 4 1
A4 "024_Group24" 19 21 14 7 12
B4 "025_Group25" 25 21 10 19 18
C4 "026_Group26" 20 11 14 13 9
D4 "027_Group27" 15 15 23 11 26
E4 "028_Group28" 14 39 25 29 19
F4 "029_Group29" 10 11 14 17 13
G4 "030_Group30" 10 13 26 14 24
H4 "031_Group31" 16 15 40 34 29
A5 "032_Group32" 7 9 8 4 6
B5 "033_Group33" 5 0 4 1 15
C5 "034_Group34" 12 6 7 1 0
D5 "035_Group35" 1 3 3 4 2
E5 "036_Group36" 3 2 5 3 10
F5 "037_Group37" 3 1 0 0 0
G5 "038_Group38" 10 11 7 8 18
H5 "039_Group39" 15 14 7 4 8
A6 "040_Group40" 15 9 9 1 1
B6 "041_Group41" 9 22 15 7 1
C6 "042_Group42" 15 15 18 13 13
D6 "043_Group43" 0 11 3 3 3
E6 "044_Group44" 11 12 25 15 7
F6 "045_Group45" 1 0 0 12 5
G6 "046_Group46" 3 6 2 3 7
H6 "047_Group47" 11 13 10 6 18
A7 "048_Group48" 20 14 5 7 15
B7 "049_Group49" 14 17 13 22 33
C7 "050_Group50" 35 39 36 41 27
D7 "051_Group51" 36 28 26 16 23
E7 "052_Group52" 26 27 35 25 19
F7 "053_Group53" 31 11 23 21 38
G7 "054_Group54" 12 9 19 13 22
H7 "055_Group55" 19 27 32 29 31
A8 "056_Group56" 18 23 14 10 15
B8 "057_Group57" 34 30 13 12 16
C8 "058_Group58" 25 13 20 14 8
D8 "059_Group59" 25 12 11 6 11
E8 "060_Group60" 27 27 24 18 17
F8 "061_Group61" 17 6 9 19 23
G8 "062_Group62" 18 18 16 13 7
H8 "063_Group63" 22 12 12 22 18
A9 "064_Group64" 20 25 15 24 21
B9 "065_Group65" 21 25 21 17 10
C9 "066_Group66" 40 47 47 32 24
D9 "067_Group67" 26 38 28 15 21
E9 "068_Group68" 31 37 50 31 30
F9 "069_Group69" 12 22 27 39 30
G9 "070_Group70" 17 29 42 40 39
H9 "071_Group71" 25 23 31 38 28
A10 "072_Group72" 41 25 28 11 9
B10 "073_Group73" 43 49 31 19 28
C10 "074_Group74" 30 38 22 20 20
D10 "075_Group75" 37 28 22 15 17
E10 "076_Group76" 13 30 44 26 34
F10 "077_Group77" 27 34 28 21 25
G10 "078_Group78" 27 37 31 17 29
H10 "079_Group79" 32 38 50 32 26
A11 "080_Group80" 24 20 12 14 20
B11 "081_Group81" 22 5 6 12 4
C11 "082_Group82" 10 9 11 8 22
D11 "083_Group83" 10 16 13 11 11
E11 "084_Group84" 6 8 15 10 13
F11 "085_Group85" 9 12 7 12 15
G11 "086_Group86" 10 9 10 12 12
H11 "087_Group87" 14 12 7 16 14
A12 "088_Group88" 30 15 19 10 16
B12 "089_Group89" 12 14 2 11 15
C12 "090_Group90" 20 27 18 15 23
D12 "091_Group91" 3 3 0 1 4
E12 "092_Group92" 19 32 24 27 18
F12 "093_Group93" 9 0 2 0 1
G12 "094_Group94" 13 17 13 11 19
H12 "095_Group95" 25 28 22 17 17

"<<<<<< Channel Activity >>>>>>"
Channel Well Group/Time[m] 2 4 6 8 10
CH0 A1.0 "000_Group0" 1 0 0 0 0
CH2 B1.0 "001_Group1" 1 0 0 0 0
CH4 C1.0 "002_Group2" 0 0 0 0 0
CH6 D1.0 "003_Group3" 0 0 0 0 0
CH8 E1.0 "004_Group4" 0 0 0 0 0
CH10 F1.0 "005_Group5" 0 0 0 0 0
CH12 G1.0 "006_Group6" 0 0 0 0 0
CH14 H1.0 "007_Group7" 2 6 3 0 3
CH32 A2.0 "008_Group8" 43 42 26 36 46
CH34 B2.0 "009_Group9" 47 31 28 28 30
CH36 C2.0 "010_Group10" 21 26 16 30 34
CH38 D2.0 "011_Group11" 41 27 38 33 31
CH40 E2.0 "012_Group12" 24 32 53 28 37
CH42 F2.0 "013_Group13" 29 48 35 32 37
CH44 G2.0 "014_Group14" 26 36 44 31 21
CH46 H2.0 "015_Group15" 23 38 27 25 32
CH64 A3.0 "016_Group16" 1 4 1 4 10
CH66 B3.0 "017_Group17" 3 4 8 2 0
CH68 C3.0 "018_Group18" 4 2 1 3 4
CH70 D3.0 "019_Group19" 9 2 0 0 0
CH72 E3.0 "020_Group20" 9 5 8 0 0
CH74 F3.0 "021_Group21" 10 8 12 10 8
CH76 G3.0 "022_Group22" 2 2 1 1 0
CH78 H3.0 "023_Group23" 11 3 0 4 1
CH96 A4.0 "024_Group24" 19 21 14 7 12
CH98 B4.0 "025_Group25" 25 21 10 19 18
CH100 C4.0 "026_Group26" 20 11 14 13 9
CH102 D4.0 "027_Group27" 15 15 23 11 26
CH104 E4.0 "028_Group28" 14 39 25 29 19
CH106 F4.0 "029_Group29" 10 11 14 17 13
CH108 G4.0 "030_Group30" 10 13 26 14 24
CH110 H4.0 "031_Group31" 16 15 40 34 29
CH128 A5.0 "032_Group32" 7 9 8 4 6
CH130 B5.0 "033_Group33" 5 0 4 1 15
CH132 C5.0 "034_Group34" 12 6 7 1 0
CH134 D5.0 "035_Group35" 1 3 3 4 2
CH136 E5.0 "036_Group36" 3 2 5 3 10
CH138 F5.0 "037_Group37" 3 1 0 0 0
CH140 G5.0 "038_Group38" 10 11 7 8 18
CH142 H5.0 "039_Group39" 15 14 7 4 8
CH160 A6.0 "040_Group40" 15 9 9 1 1
CH162 B6.0 "041_Group41" 9 22 15 7 1
CH164 C6.0 "042_Group42" 15 15 18 13 13
CH166 D6.0 "043_Group43" 0 11 3 3 3
CH168 E6.0 "044_Group44" 11 12 25 15 7
CH170 F6.0 "045_Group45" 1 0 0 12 5
CH172 G6.0 "046_Group46" 3 6 2 3 7
CH174 H6.0 "047_Group47" 11 13 10 6 18
CH192 A7.0 "048_Group48" 20 14 5 7 15
CH194 B7.0 "049_Group49" 14 17 13 22 33
CH196 C7.0 "050_Group50" 35 39 36 41 27
CH198 D7.0 "051_Group51" 36 28 26 16 23
CH200 E7.0 "052_Group52" 26 27 35 25 19
CH202 F7.0 "053_Group53" 31 11 23 21 38
CH204 G7.0 "054_Group54" 12 9 19 13 22
CH206 H7.0 "055_Group55" 19 27 32 29 31
CH224 A8.0 "056_Group56" 18 23 14 10 15
CH226 B8.0 "057_Group57" 34 30 13 12 16
CH228 C8.0 "058_Group58" 25 13 20 14 8
CH230 D8.0 "059_Group59" 25 12 11 6 11
CH232 E8.0 "060_Group60" 27 27 24 18 17
CH234 F8.0 "061_Group61" 17 6 9 19 23
CH236 G8.0 "062_Group62" 18 18 16 13 7
CH238 H8.0 "063_Group63" 22 12 12 22 18
CH256 A9.0 "064_Group64" 20 25 15 24 21
CH258 B9.0 "065_Group65" 21 25 21 17 10
CH260 C9.0 "066_Group66" 40 47 47 32 24
CH262 D9.0 "067_Group67" 26 38 28 15 21
CH264 E9.0 "068_Group68" 31 37 50 31 30
CH266 F9.0 "069_Group69" 12 22 27 39 30
CH268 G9.0 "070_Group70" 17 29 42 40 39
CH270 H9.0 "071_Group71" 25 23 31 38 28
CH288 A10.0 "072_Group72" 41 25 28 11 9
CH290 B10.0 "073_Group73" 43 49 31 19 28
CH292 C10.0 "074_Group74" 30 38 22 20 20
CH294 D10.0 "075_Group75" 37 28 22 15 17
CH296 E10.0 "076_Group76" 13 30 44 26 34
CH298 F10.0 "077_Group77" 27 34 28 21 25
CH300 G10.0 "078_Group78" 27 37 31 17 29
CH302 H10.0 "079_Group79" 32 38 50 32 26
CH320 A11.0 "080_Group80" 24 20 12 14 20
CH322 B11.0 "081_Group81" 22 5 6 12 4
CH324 C11.0 "082_Group82" 10 9 11 8 22
CH326 D11.0 "083_Group83" 10 16 13 11 11
CH328 E11.0 "084_Group84" 6 8 15 10 13
CH330 F11.0 "085_Group85" 9 12 7 12 15
CH332 G11.0 "086_Group86" 10 9 10 12 12
CH334 H11.0 "087_Group87" 14 12 7 16 14
CH352 A12.0 "088_Group88" 30 15 19 10 16
CH354 B12.0 "089_Group89" 12 14 2 11 15
CH356 C12.0 "090_Group90" 20 27 18 15 23
CH358 D12.0 "091_Group91" 3 3 0 1 4
CH360 E12.0 "092_Group92" 19 32 24 27 18
CH362 F12.0 "093_Group93" 9 0 2 0 1
CH364 G12.0 "094_Group94" 13 17 13 11 19
CH366 H12.0 "095_Group95" 25 28 22 17 17
