"DATE:" "2/1/2015 9:47:06 AM"
"FILE:" "C:\Users\AndersenLab\Desktop\wmicrotracker\p00011\20150201_0935"
"SUBPROJECT:" "20150201_Longevity_3_3mgmL"

"<<<<<< Group Activity: Average Activity Counts per Data Interval>>>>>>"
Group/Time[m] 2 4 6 8 10
"000_Group0" 37 28 22 18 20
"001_Group1" 20 13 24 18 15
"002_Group2" 8 23 12 22 13
"003_Group3" 22 8 8 1 5
"004_Group4" 7 5 1 2 1
"005_Group5" 7 4 2 3 1
"006_Group6" 5 6 7 5 7
"007_Group7" 14 9 10 4 5
"008_Group8" 33 16 29 32 21
"009_Group9" 44 32 26 25 20
"010_Group10" 41 40 37 36 38
"011_Group11" 46 34 37 37 30
"012_Group12" 36 42 38 33 21
"013_Group13" 40 41 36 34 50
"014_Group14" 25 41 45 36 41
"015_Group15" 35 23 30 29 18
"016_Group16" 18 11 6 2 0
"017_Group17" 10 7 14 9 8
"018_Group18" 8 6 10 13 3
"019_Group19" 5 4 0 0 0
"020_Group20" 4 7 5 4 11
"021_Group21" 5 4 3 6 7
"022_Group22" 4 23 6 1 4
"023_Group23" 11 9 13 9 4
"024_Group24" 39 31 28 24 12
"025_Group25" 42 34 20 19 25
"026_Group26" 15 16 13 14 9
"027_Group27" 34 42 42 24 27
"028_Group28" 14 40 23 14 30
"029_Group29" 11 15 18 20 11
"030_Group30" 35 40 28 38 13
"031_Group31" 22 18 22 10 21
"032_Group32" 26 22 2 8 3
"033_Group33" 10 12 6 18 7
"034_Group34" 11 8 14 6 0
"035_Group35" 5 13 10 5 10
"036_Group36" 6 1 2 1 3
"037_Group37" 2 1 0 0 10
"038_Group38" 10 1 0 0 0
"039_Group39" 0 0 0 0 0
"040_Group40" 15 6 14 14 15
"041_Group41" 1 1 2 0 1
"042_Group42" 14 11 8 3 1
"043_Group43" 3 4 3 1 0
"044_Group44" 23 0 0 0 8
"045_Group45" 2 0 1 3 2
"046_Group46" 1 0 0 1 0
"047_Group47" 0 2 6 2 0
"048_Group48" 56 49 41 21 1
"049_Group49" 50 26 10 22 30
"050_Group50" 57 24 9 9 9
"051_Group51" 15 10 17 17 5
"052_Group52" 33 23 12 6 7
"053_Group53" 13 33 39 53 27
"054_Group54" 22 20 11 24 37
"055_Group55" 37 16 17 13 8
"056_Group56" 27 33 30 20 7
"057_Group57" 18 12 8 13 9
"058_Group58" 34 17 10 15 13
"059_Group59" 55 48 24 18 11
"060_Group60" 16 8 15 10 10
"061_Group61" 33 17 19 18 16
"062_Group62" 25 16 19 9 10
"063_Group63" 15 18 11 10 13
"064_Group64" 33 43 44 28 16
"065_Group65" 29 31 32 31 8
"066_Group66" 39 44 39 36 12
"067_Group67" 23 17 13 8 25
"068_Group68" 27 37 34 43 28
"069_Group69" 23 36 27 34 12
"070_Group70" 30 44 18 20 14
"071_Group71" 45 34 28 25 20
"072_Group72" 1 3 4 6 7
"073_Group73" 6 9 3 8 0
"074_Group74" 11 6 0 0 0
"075_Group75" 13 11 1 10 1
"076_Group76" 2 2 0 2 1
"077_Group77" 7 6 7 0 0
"078_Group78" 4 2 3 0 0
"079_Group79" 9 4 1 0 0
"080_Group80" 10 7 11 7 13
"081_Group81" 18 9 10 7 9
"082_Group82" 21 13 10 11 11
"083_Group83" 19 20 11 15 9
"084_Group84" 10 12 19 15 9
"085_Group85" 21 14 9 12 8
"086_Group86" 20 14 10 11 10
"087_Group87" 30 31 26 16 10
"088_Group88" 1 10 6 4 2
"089_Group89" 0 0 0 0 9
"090_Group90" 8 1 4 4 7
"091_Group91" 2 2 0 10 2
"092_Group92" 3 1 2 0 2
"093_Group93" 4 1 0 0 0
"094_Group94" 1 1 0 0 0
"095_Group95" 0 1 0 0 0

"<<<<<< Group Activity: Number of wells/group >>>>>>"
Group/Time[m] 2 4 6 8 10
"000_Group0" 1 1 1 1 1
"001_Group1" 1 1 1 1 1
"002_Group2" 1 1 1 1 1
"003_Group3" 1 1 1 1 1
"004_Group4" 1 1 1 1 1
"005_Group5" 1 1 1 1 1
"006_Group6" 1 1 1 1 1
"007_Group7" 1 1 1 1 1
"008_Group8" 1 1 1 1 1
"009_Group9" 1 1 1 1 1
"010_Group10" 1 1 1 1 1
"011_Group11" 1 1 1 1 1
"012_Group12" 1 1 1 1 1
"013_Group13" 1 1 1 1 1
"014_Group14" 1 1 1 1 1
"015_Group15" 1 1 1 1 1
"016_Group16" 1 1 1 1 1
"017_Group17" 1 1 1 1 1
"018_Group18" 1 1 1 1 1
"019_Group19" 1 1 1 1 1
"020_Group20" 1 1 1 1 1
"021_Group21" 1 1 1 1 1
"022_Group22" 1 1 1 1 1
"023_Group23" 1 1 1 1 1
"024_Group24" 1 1 1 1 1
"025_Group25" 1 1 1 1 1
"026_Group26" 1 1 1 1 1
"027_Group27" 1 1 1 1 1
"028_Group28" 1 1 1 1 1
"029_Group29" 1 1 1 1 1
"030_Group30" 1 1 1 1 1
"031_Group31" 1 1 1 1 1
"032_Group32" 1 1 1 1 1
"033_Group33" 1 1 1 1 1
"034_Group34" 1 1 1 1 1
"035_Group35" 1 1 1 1 1
"036_Group36" 1 1 1 1 1
"037_Group37" 1 1 1 1 1
"038_Group38" 1 1 1 1 1
"039_Group39" 1 1 1 1 1
"040_Group40" 1 1 1 1 1
"041_Group41" 1 1 1 1 1
"042_Group42" 1 1 1 1 1
"043_Group43" 1 1 1 1 1
"044_Group44" 1 1 1 1 1
"045_Group45" 1 1 1 1 1
"046_Group46" 1 1 1 1 1
"047_Group47" 1 1 1 1 1
"048_Group48" 1 1 1 1 1
"049_Group49" 1 1 1 1 1
"050_Group50" 1 1 1 1 1
"051_Group51" 1 1 1 1 1
"052_Group52" 1 1 1 1 1
"053_Group53" 1 1 1 1 1
"054_Group54" 1 1 1 1 1
"055_Group55" 1 1 1 1 1
"056_Group56" 1 1 1 1 1
"057_Group57" 1 1 1 1 1
"058_Group58" 1 1 1 1 1
"059_Group59" 1 1 1 1 1
"060_Group60" 1 1 1 1 1
"061_Group61" 1 1 1 1 1
"062_Group62" 1 1 1 1 1
"063_Group63" 1 1 1 1 1
"064_Group64" 1 1 1 1 1
"065_Group65" 1 1 1 1 1
"066_Group66" 1 1 1 1 1
"067_Group67" 1 1 1 1 1
"068_Group68" 1 1 1 1 1
"069_Group69" 1 1 1 1 1
"070_Group70" 1 1 1 1 1
"071_Group71" 1 1 1 1 1
"072_Group72" 1 1 1 1 1
"073_Group73" 1 1 1 1 1
"074_Group74" 1 1 1 1 1
"075_Group75" 1 1 1 1 1
"076_Group76" 1 1 1 1 1
"077_Group77" 1 1 1 1 1
"078_Group78" 1 1 1 1 1
"079_Group79" 1 1 1 1 1
"080_Group80" 1 1 1 1 1
"081_Group81" 1 1 1 1 1
"082_Group82" 1 1 1 1 1
"083_Group83" 1 1 1 1 1
"084_Group84" 1 1 1 1 1
"085_Group85" 1 1 1 1 1
"086_Group86" 1 1 1 1 1
"087_Group87" 1 1 1 1 1
"088_Group88" 1 1 1 1 1
"089_Group89" 1 1 1 1 1
"090_Group90" 1 1 1 1 1
"091_Group91" 1 1 1 1 1
"092_Group92" 1 1 1 1 1
"093_Group93" 1 1 1 1 1
"094_Group94" 1 1 1 1 1
"095_Group95" 1 1 1 1 1

"<<<<<< Number of Samples per Acquisition Interval [1unit=500values] >>>>>>"
Time[m] 2 4 6 8 10 
#Samples 2 2 2 2 2 

"<<<<<< Average Temperature [°C] >>>>>>"
Time[m] 2 4 6 8 10 
Temp[°C] 21.6 21.6 21.6 21.6 21.6 

"<<<<<< Well Activity >>>>>>"
Well Group/Time[m] 2 4 6 8 10
A1 "000_Group0" 37 28 22 18 20
B1 "001_Group1" 20 13 24 18 15
C1 "002_Group2" 8 23 12 22 13
D1 "003_Group3" 22 8 8 1 5
E1 "004_Group4" 7 5 1 2 1
F1 "005_Group5" 7 4 2 3 1
G1 "006_Group6" 5 6 7 5 7
H1 "007_Group7" 14 9 10 4 5
A2 "008_Group8" 33 16 29 32 21
B2 "009_Group9" 44 32 26 25 20
C2 "010_Group10" 41 40 37 36 38
D2 "011_Group11" 46 34 37 37 30
E2 "012_Group12" 36 42 38 33 21
F2 "013_Group13" 40 41 36 34 50
G2 "014_Group14" 25 41 45 36 41
H2 "015_Group15" 35 23 30 29 18
A3 "016_Group16" 18 11 6 2 0
B3 "017_Group17" 10 7 14 9 8
C3 "018_Group18" 8 6 10 13 3
D3 "019_Group19" 5 4 0 0 0
E3 "020_Group20" 4 7 5 4 11
F3 "021_Group21" 5 4 3 6 7
G3 "022_Group22" 4 23 6 1 4
H3 "023_Group23" 11 9 13 9 4
A4 "024_Group24" 39 31 28 24 12
B4 "025_Group25" 42 34 20 19 25
C4 "026_Group26" 15 16 13 14 9
D4 "027_Group27" 34 42 42 24 27
E4 "028_Group28" 14 40 23 14 30
F4 "029_Group29" 11 15 18 20 11
G4 "030_Group30" 35 40 28 38 13
H4 "031_Group31" 22 18 22 10 21
A5 "032_Group32" 26 22 2 8 3
B5 "033_Group33" 10 12 6 18 7
C5 "034_Group34" 11 8 14 6 0
D5 "035_Group35" 5 13 10 5 10
E5 "036_Group36" 6 1 2 1 3
F5 "037_Group37" 2 1 0 0 10
G5 "038_Group38" 10 1 0 0 0
H5 "039_Group39" 0 0 0 0 0
A6 "040_Group40" 15 6 14 14 15
B6 "041_Group41" 1 1 2 0 1
C6 "042_Group42" 14 11 8 3 1
D6 "043_Group43" 3 4 3 1 0
E6 "044_Group44" 23 0 0 0 8
F6 "045_Group45" 2 0 1 3 2
G6 "046_Group46" 1 0 0 1 0
H6 "047_Group47" 0 2 6 2 0
A7 "048_Group48" 56 49 41 21 1
B7 "049_Group49" 50 26 10 22 30
C7 "050_Group50" 57 24 9 9 9
D7 "051_Group51" 15 10 17 17 5
E7 "052_Group52" 33 23 12 6 7
F7 "053_Group53" 13 33 39 53 27
G7 "054_Group54" 22 20 11 24 37
H7 "055_Group55" 37 16 17 13 8
A8 "056_Group56" 27 33 30 20 7
B8 "057_Group57" 18 12 8 13 9
C8 "058_Group58" 34 17 10 15 13
D8 "059_Group59" 55 48 24 18 11
E8 "060_Group60" 16 8 15 10 10
F8 "061_Group61" 33 17 19 18 16
G8 "062_Group62" 25 16 19 9 10
H8 "063_Group63" 15 18 11 10 13
A9 "064_Group64" 33 43 44 28 16
B9 "065_Group65" 29 31 32 31 8
C9 "066_Group66" 39 44 39 36 12
D9 "067_Group67" 23 17 13 8 25
E9 "068_Group68" 27 37 34 43 28
F9 "069_Group69" 23 36 27 34 12
G9 "070_Group70" 30 44 18 20 14
H9 "071_Group71" 45 34 28 25 20
A10 "072_Group72" 1 3 4 6 7
B10 "073_Group73" 6 9 3 8 0
C10 "074_Group74" 11 6 0 0 0
D10 "075_Group75" 13 11 1 10 1
E10 "076_Group76" 2 2 0 2 1
F10 "077_Group77" 7 6 7 0 0
G10 "078_Group78" 4 2 3 0 0
H10 "079_Group79" 9 4 1 0 0
A11 "080_Group80" 10 7 11 7 13
B11 "081_Group81" 18 9 10 7 9
C11 "082_Group82" 21 13 10 11 11
D11 "083_Group83" 19 20 11 15 9
E11 "084_Group84" 10 12 19 15 9
F11 "085_Group85" 21 14 9 12 8
G11 "086_Group86" 20 14 10 11 10
H11 "087_Group87" 30 31 26 16 10
A12 "088_Group88" 1 10 6 4 2
B12 "089_Group89" 0 0 0 0 9
C12 "090_Group90" 8 1 4 4 7
D12 "091_Group91" 2 2 0 10 2
E12 "092_Group92" 3 1 2 0 2
F12 "093_Group93" 4 1 0 0 0
G12 "094_Group94" 1 1 0 0 0
H12 "095_Group95" 0 1 0 0 0

"<<<<<< Channel Activity >>>>>>"
Channel Well Group/Time[m] 2 4 6 8 10
CH0 A1.0 "000_Group0" 37 28 22 18 20
CH2 B1.0 "001_Group1" 20 13 24 18 15
CH4 C1.0 "002_Group2" 8 23 12 22 13
CH6 D1.0 "003_Group3" 22 8 8 1 5
CH8 E1.0 "004_Group4" 7 5 1 2 1
CH10 F1.0 "005_Group5" 7 4 2 3 1
CH12 G1.0 "006_Group6" 5 6 7 5 7
CH14 H1.0 "007_Group7" 14 9 10 4 5
CH32 A2.0 "008_Group8" 33 16 29 32 21
CH34 B2.0 "009_Group9" 44 32 26 25 20
CH36 C2.0 "010_Group10" 41 40 37 36 38
CH38 D2.0 "011_Group11" 46 34 37 37 30
CH40 E2.0 "012_Group12" 36 42 38 33 21
CH42 F2.0 "013_Group13" 40 41 36 34 50
CH44 G2.0 "014_Group14" 25 41 45 36 41
CH46 H2.0 "015_Group15" 35 23 30 29 18
CH64 A3.0 "016_Group16" 18 11 6 2 0
CH66 B3.0 "017_Group17" 10 7 14 9 8
CH68 C3.0 "018_Group18" 8 6 10 13 3
CH70 D3.0 "019_Group19" 5 4 0 0 0
CH72 E3.0 "020_Group20" 4 7 5 4 11
CH74 F3.0 "021_Group21" 5 4 3 6 7
CH76 G3.0 "022_Group22" 4 23 6 1 4
CH78 H3.0 "023_Group23" 11 9 13 9 4
CH96 A4.0 "024_Group24" 39 31 28 24 12
CH98 B4.0 "025_Group25" 42 34 20 19 25
CH100 C4.0 "026_Group26" 15 16 13 14 9
CH102 D4.0 "027_Group27" 34 42 42 24 27
CH104 E4.0 "028_Group28" 14 40 23 14 30
CH106 F4.0 "029_Group29" 11 15 18 20 11
CH108 G4.0 "030_Group30" 35 40 28 38 13
CH110 H4.0 "031_Group31" 22 18 22 10 21
CH128 A5.0 "032_Group32" 26 22 2 8 3
CH130 B5.0 "033_Group33" 10 12 6 18 7
CH132 C5.0 "034_Group34" 11 8 14 6 0
CH134 D5.0 "035_Group35" 5 13 10 5 10
CH136 E5.0 "036_Group36" 6 1 2 1 3
CH138 F5.0 "037_Group37" 2 1 0 0 10
CH140 G5.0 "038_Group38" 10 1 0 0 0
CH142 H5.0 "039_Group39" 0 0 0 0 0
CH160 A6.0 "040_Group40" 15 6 14 14 15
CH162 B6.0 "041_Group41" 1 1 2 0 1
CH164 C6.0 "042_Group42" 14 11 8 3 1
CH166 D6.0 "043_Group43" 3 4 3 1 0
CH168 E6.0 "044_Group44" 23 0 0 0 8
CH170 F6.0 "045_Group45" 2 0 1 3 2
CH172 G6.0 "046_Group46" 1 0 0 1 0
CH174 H6.0 "047_Group47" 0 2 6 2 0
CH192 A7.0 "048_Group48" 56 49 41 21 1
CH194 B7.0 "049_Group49" 50 26 10 22 30
CH196 C7.0 "050_Group50" 57 24 9 9 9
CH198 D7.0 "051_Group51" 15 10 17 17 5
CH200 E7.0 "052_Group52" 33 23 12 6 7
CH202 F7.0 "053_Group53" 13 33 39 53 27
CH204 G7.0 "054_Group54" 22 20 11 24 37
CH206 H7.0 "055_Group55" 37 16 17 13 8
CH224 A8.0 "056_Group56" 27 33 30 20 7
CH226 B8.0 "057_Group57" 18 12 8 13 9
CH228 C8.0 "058_Group58" 34 17 10 15 13
CH230 D8.0 "059_Group59" 55 48 24 18 11
CH232 E8.0 "060_Group60" 16 8 15 10 10
CH234 F8.0 "061_Group61" 33 17 19 18 16
CH236 G8.0 "062_Group62" 25 16 19 9 10
CH238 H8.0 "063_Group63" 15 18 11 10 13
CH256 A9.0 "064_Group64" 33 43 44 28 16
CH258 B9.0 "065_Group65" 29 31 32 31 8
CH260 C9.0 "066_Group66" 39 44 39 36 12
CH262 D9.0 "067_Group67" 23 17 13 8 25
CH264 E9.0 "068_Group68" 27 37 34 43 28
CH266 F9.0 "069_Group69" 23 36 27 34 12
CH268 G9.0 "070_Group70" 30 44 18 20 14
CH270 H9.0 "071_Group71" 45 34 28 25 20
CH288 A10.0 "072_Group72" 1 3 4 6 7
CH290 B10.0 "073_Group73" 6 9 3 8 0
CH292 C10.0 "074_Group74" 11 6 0 0 0
CH294 D10.0 "075_Group75" 13 11 1 10 1
CH296 E10.0 "076_Group76" 2 2 0 2 1
CH298 F10.0 "077_Group77" 7 6 7 0 0
CH300 G10.0 "078_Group78" 4 2 3 0 0
CH302 H10.0 "079_Group79" 9 4 1 0 0
CH320 A11.0 "080_Group80" 10 7 11 7 13
CH322 B11.0 "081_Group81" 18 9 10 7 9
CH324 C11.0 "082_Group82" 21 13 10 11 11
CH326 D11.0 "083_Group83" 19 20 11 15 9
CH328 E11.0 "084_Group84" 10 12 19 15 9
CH330 F11.0 "085_Group85" 21 14 9 12 8
CH332 G11.0 "086_Group86" 20 14 10 11 10
CH334 H11.0 "087_Group87" 30 31 26 16 10
CH352 A12.0 "088_Group88" 1 10 6 4 2
CH354 B12.0 "089_Group89" 0 0 0 0 9
CH356 C12.0 "090_Group90" 8 1 4 4 7
CH358 D12.0 "091_Group91" 2 2 0 10 2
CH360 E12.0 "092_Group92" 3 1 2 0 2
CH362 F12.0 "093_Group93" 4 1 0 0 0
CH364 G12.0 "094_Group94" 1 1 0 0 0
CH366 H12.0 "095_Group95" 0 1 0 0 0
