"DATE:" "2/2/2015 8:42:34 AM"
"FILE:" "C:\Users\AndersenLab\Desktop\wmicrotracker\p00011\20150202_0827"
"SUBPROJECT:" "20150202_Longevity_3_3mgmL"

"<<<<<< Group Activity: Average Activity Counts per Data Interval>>>>>>"
Group/Time[m] 2 4 6 8 10
"000_Group0" 25 23 29 27 24
"001_Group1" 15 25 14 14 3
"002_Group2" 14 11 10 4 15
"003_Group3" 14 19 20 9 9
"004_Group4" 23 15 11 18 12
"005_Group5" 26 10 15 22 9
"006_Group6" 27 36 22 14 7
"007_Group7" 15 7 24 8 10
"008_Group8" 18 19 26 21 14
"009_Group9" 32 24 33 18 25
"010_Group10" 27 32 23 30 18
"011_Group11" 18 31 27 31 25
"012_Group12" 6 15 14 16 18
"013_Group13" 10 19 20 17 33
"014_Group14" 35 27 24 31 26
"015_Group15" 27 39 35 34 28
"016_Group16" 7 8 7 14 6
"017_Group17" 10 3 3 4 2
"018_Group18" 9 11 15 2 7
"019_Group19" 7 7 7 2 4
"020_Group20" 19 18 12 6 16
"021_Group21" 25 13 6 6 7
"022_Group22" 9 11 13 5 1
"023_Group23" 7 17 13 12 7
"024_Group24" 34 38 27 19 22
"025_Group25" 9 10 6 5 7
"026_Group26" 19 20 8 19 9
"027_Group27" 13 10 20 18 13
"028_Group28" 29 39 28 24 7
"029_Group29" 17 25 27 24 24
"030_Group30" 23 24 27 32 8
"031_Group31" 21 29 27 16 20
"032_Group32" 22 23 24 9 4
"033_Group33" 9 10 9 9 6
"034_Group34" 21 8 11 3 5
"035_Group35" 11 12 16 10 1
"036_Group36" 10 14 12 1 1
"037_Group37" 8 7 3 1 1
"038_Group38" 19 14 10 8 0
"039_Group39" 5 1 2 1 0
"040_Group40" 8 14 6 2 11
"041_Group41" 4 8 3 5 0
"042_Group42" 7 9 11 11 3
"043_Group43" 1 8 0 3 1
"044_Group44" 1 4 6 1 10
"045_Group45" 14 3 4 1 0
"046_Group46" 8 7 7 3 3
"047_Group47" 7 3 0 0 0
"048_Group48" 26 12 8 11 25
"049_Group49" 42 43 13 28 8
"050_Group50" 41 33 34 11 17
"051_Group51" 37 46 28 8 3
"052_Group52" 35 31 23 11 10
"053_Group53" 16 14 19 18 8
"054_Group54" 27 20 8 10 8
"055_Group55" 19 27 31 20 10
"056_Group56" 11 14 6 12 10
"057_Group57" 21 24 30 23 11
"058_Group58" 39 29 23 18 17
"059_Group59" 31 15 18 15 7
"060_Group60" 47 19 21 25 11
"061_Group61" 25 32 30 23 12
"062_Group62" 22 19 34 19 13
"063_Group63" 34 17 13 11 12
"064_Group64" 32 25 30 20 18
"065_Group65" 16 12 17 9 11
"066_Group66" 37 46 30 27 14
"067_Group67" 26 30 26 7 6
"068_Group68" 18 30 34 12 14
"069_Group69" 26 42 33 25 30
"070_Group70" 25 43 33 5 21
"071_Group71" 17 28 27 23 10
"072_Group72" 12 12 15 10 8
"073_Group73" 6 5 4 0 0
"074_Group74" 2 1 0 0 0
"075_Group75" 2 3 0 0 0
"076_Group76" 10 8 7 2 7
"077_Group77" 11 7 2 1 0
"078_Group78" 8 8 0 0 0
"079_Group79" 9 7 6 4 1
"080_Group80" 14 5 11 12 11
"081_Group81" 12 9 15 13 10
"082_Group82" 7 8 8 16 11
"083_Group83" 15 7 8 15 3
"084_Group84" 15 10 6 5 3
"085_Group85" 10 11 15 15 16
"086_Group86" 15 11 15 16 16
"087_Group87" 16 9 12 13 4
"088_Group88" 8 6 12 14 8
"089_Group89" 9 9 8 10 17
"090_Group90" 9 9 9 2 6
"091_Group91" 3 3 5 7 6
"092_Group92" 0 5 1 2 0
"093_Group93" 6 16 6 5 4
"094_Group94" 8 9 24 21 12
"095_Group95" 8 10 5 4 6

"<<<<<< Group Activity: Number of wells/group >>>>>>"
Group/Time[m] 2 4 6 8 10
"000_Group0" 1 1 1 1 1
"001_Group1" 1 1 1 1 1
"002_Group2" 1 1 1 1 1
"003_Group3" 1 1 1 1 1
"004_Group4" 1 1 1 1 1
"005_Group5" 1 1 1 1 1
"006_Group6" 1 1 1 1 1
"007_Group7" 1 1 1 1 1
"008_Group8" 1 1 1 1 1
"009_Group9" 1 1 1 1 1
"010_Group10" 1 1 1 1 1
"011_Group11" 1 1 1 1 1
"012_Group12" 1 1 1 1 1
"013_Group13" 1 1 1 1 1
"014_Group14" 1 1 1 1 1
"015_Group15" 1 1 1 1 1
"016_Group16" 1 1 1 1 1
"017_Group17" 1 1 1 1 1
"018_Group18" 1 1 1 1 1
"019_Group19" 1 1 1 1 1
"020_Group20" 1 1 1 1 1
"021_Group21" 1 1 1 1 1
"022_Group22" 1 1 1 1 1
"023_Group23" 1 1 1 1 1
"024_Group24" 1 1 1 1 1
"025_Group25" 1 1 1 1 1
"026_Group26" 1 1 1 1 1
"027_Group27" 1 1 1 1 1
"028_Group28" 1 1 1 1 1
"029_Group29" 1 1 1 1 1
"030_Group30" 1 1 1 1 1
"031_Group31" 1 1 1 1 1
"032_Group32" 1 1 1 1 1
"033_Group33" 1 1 1 1 1
"034_Group34" 1 1 1 1 1
"035_Group35" 1 1 1 1 1
"036_Group36" 1 1 1 1 1
"037_Group37" 1 1 1 1 1
"038_Group38" 1 1 1 1 1
"039_Group39" 1 1 1 1 1
"040_Group40" 1 1 1 1 1
"041_Group41" 1 1 1 1 1
"042_Group42" 1 1 1 1 1
"043_Group43" 1 1 1 1 1
"044_Group44" 1 1 1 1 1
"045_Group45" 1 1 1 1 1
"046_Group46" 1 1 1 1 1
"047_Group47" 1 1 1 1 1
"048_Group48" 1 1 1 1 1
"049_Group49" 1 1 1 1 1
"050_Group50" 1 1 1 1 1
"051_Group51" 1 1 1 1 1
"052_Group52" 1 1 1 1 1
"053_Group53" 1 1 1 1 1
"054_Group54" 1 1 1 1 1
"055_Group55" 1 1 1 1 1
"056_Group56" 1 1 1 1 1
"057_Group57" 1 1 1 1 1
"058_Group58" 1 1 1 1 1
"059_Group59" 1 1 1 1 1
"060_Group60" 1 1 1 1 1
"061_Group61" 1 1 1 1 1
"062_Group62" 1 1 1 1 1
"063_Group63" 1 1 1 1 1
"064_Group64" 1 1 1 1 1
"065_Group65" 1 1 1 1 1
"066_Group66" 1 1 1 1 1
"067_Group67" 1 1 1 1 1
"068_Group68" 1 1 1 1 1
"069_Group69" 1 1 1 1 1
"070_Group70" 1 1 1 1 1
"071_Group71" 1 1 1 1 1
"072_Group72" 1 1 1 1 1
"073_Group73" 1 1 1 1 1
"074_Group74" 1 1 1 1 1
"075_Group75" 1 1 1 1 1
"076_Group76" 1 1 1 1 1
"077_Group77" 1 1 1 1 1
"078_Group78" 1 1 1 1 1
"079_Group79" 1 1 1 1 1
"080_Group80" 1 1 1 1 1
"081_Group81" 1 1 1 1 1
"082_Group82" 1 1 1 1 1
"083_Group83" 1 1 1 1 1
"084_Group84" 1 1 1 1 1
"085_Group85" 1 1 1 1 1
"086_Group86" 1 1 1 1 1
"087_Group87" 1 1 1 1 1
"088_Group88" 1 1 1 1 1
"089_Group89" 1 1 1 1 1
"090_Group90" 1 1 1 1 1
"091_Group91" 1 1 1 1 1
"092_Group92" 1 1 1 1 1
"093_Group93" 1 1 1 1 1
"094_Group94" 1 1 1 1 1
"095_Group95" 1 1 1 1 1

"<<<<<< Number of Samples per Acquisition Interval [1unit=500values] >>>>>>"
Time[m] 2 4 6 8 10 
#Samples 2 2 2 2 2 

"<<<<<< Average Temperature [°C] >>>>>>"
Time[m] 2 4 6 8 10 
Temp[°C] 20.7 20.7 20.7 20.7 20.7 

"<<<<<< Well Activity >>>>>>"
Well Group/Time[m] 2 4 6 8 10
A1 "000_Group0" 25 23 29 27 24
B1 "001_Group1" 15 25 14 14 3
C1 "002_Group2" 14 11 10 4 15
D1 "003_Group3" 14 19 20 9 9
E1 "004_Group4" 23 15 11 18 12
F1 "005_Group5" 26 10 15 22 9
G1 "006_Group6" 27 36 22 14 7
H1 "007_Group7" 15 7 24 8 10
A2 "008_Group8" 18 19 26 21 14
B2 "009_Group9" 32 24 33 18 25
C2 "010_Group10" 27 32 23 30 18
D2 "011_Group11" 18 31 27 31 25
E2 "012_Group12" 6 15 14 16 18
F2 "013_Group13" 10 19 20 17 33
G2 "014_Group14" 35 27 24 31 26
H2 "015_Group15" 27 39 35 34 28
A3 "016_Group16" 7 8 7 14 6
B3 "017_Group17" 10 3 3 4 2
C3 "018_Group18" 9 11 15 2 7
D3 "019_Group19" 7 7 7 2 4
E3 "020_Group20" 19 18 12 6 16
F3 "021_Group21" 25 13 6 6 7
G3 "022_Group22" 9 11 13 5 1
H3 "023_Group23" 7 17 13 12 7
A4 "024_Group24" 34 38 27 19 22
B4 "025_Group25" 9 10 6 5 7
C4 "026_Group26" 19 20 8 19 9
D4 "027_Group27" 13 10 20 18 13
E4 "028_Group28" 29 39 28 24 7
F4 "029_Group29" 17 25 27 24 24
G4 "030_Group30" 23 24 27 32 8
H4 "031_Group31" 21 29 27 16 20
A5 "032_Group32" 22 23 24 9 4
B5 "033_Group33" 9 10 9 9 6
C5 "034_Group34" 21 8 11 3 5
D5 "035_Group35" 11 12 16 10 1
E5 "036_Group36" 10 14 12 1 1
F5 "037_Group37" 8 7 3 1 1
G5 "038_Group38" 19 14 10 8 0
H5 "039_Group39" 5 1 2 1 0
A6 "040_Group40" 8 14 6 2 11
B6 "041_Group41" 4 8 3 5 0
C6 "042_Group42" 7 9 11 11 3
D6 "043_Group43" 1 8 0 3 1
E6 "044_Group44" 1 4 6 1 10
F6 "045_Group45" 14 3 4 1 0
G6 "046_Group46" 8 7 7 3 3
H6 "047_Group47" 7 3 0 0 0
A7 "048_Group48" 26 12 8 11 25
B7 "049_Group49" 42 43 13 28 8
C7 "050_Group50" 41 33 34 11 17
D7 "051_Group51" 37 46 28 8 3
E7 "052_Group52" 35 31 23 11 10
F7 "053_Group53" 16 14 19 18 8
G7 "054_Group54" 27 20 8 10 8
H7 "055_Group55" 19 27 31 20 10
A8 "056_Group56" 11 14 6 12 10
B8 "057_Group57" 21 24 30 23 11
C8 "058_Group58" 39 29 23 18 17
D8 "059_Group59" 31 15 18 15 7
E8 "060_Group60" 47 19 21 25 11
F8 "061_Group61" 25 32 30 23 12
G8 "062_Group62" 22 19 34 19 13
H8 "063_Group63" 34 17 13 11 12
A9 "064_Group64" 32 25 30 20 18
B9 "065_Group65" 16 12 17 9 11
C9 "066_Group66" 37 46 30 27 14
D9 "067_Group67" 26 30 26 7 6
E9 "068_Group68" 18 30 34 12 14
F9 "069_Group69" 26 42 33 25 30
G9 "070_Group70" 25 43 33 5 21
H9 "071_Group71" 17 28 27 23 10
A10 "072_Group72" 12 12 15 10 8
B10 "073_Group73" 6 5 4 0 0
C10 "074_Group74" 2 1 0 0 0
D10 "075_Group75" 2 3 0 0 0
E10 "076_Group76" 10 8 7 2 7
F10 "077_Group77" 11 7 2 1 0
G10 "078_Group78" 8 8 0 0 0
H10 "079_Group79" 9 7 6 4 1
A11 "080_Group80" 14 5 11 12 11
B11 "081_Group81" 12 9 15 13 10
C11 "082_Group82" 7 8 8 16 11
D11 "083_Group83" 15 7 8 15 3
E11 "084_Group84" 15 10 6 5 3
F11 "085_Group85" 10 11 15 15 16
G11 "086_Group86" 15 11 15 16 16
H11 "087_Group87" 16 9 12 13 4
A12 "088_Group88" 8 6 12 14 8
B12 "089_Group89" 9 9 8 10 17
C12 "090_Group90" 9 9 9 2 6
D12 "091_Group91" 3 3 5 7 6
E12 "092_Group92" 0 5 1 2 0
F12 "093_Group93" 6 16 6 5 4
G12 "094_Group94" 8 9 24 21 12
H12 "095_Group95" 8 10 5 4 6

"<<<<<< Channel Activity >>>>>>"
Channel Well Group/Time[m] 2 4 6 8 10
CH0 A1.0 "000_Group0" 25 23 29 27 24
CH2 B1.0 "001_Group1" 15 25 14 14 3
CH4 C1.0 "002_Group2" 14 11 10 4 15
CH6 D1.0 "003_Group3" 14 19 20 9 9
CH8 E1.0 "004_Group4" 23 15 11 18 12
CH10 F1.0 "005_Group5" 26 10 15 22 9
CH12 G1.0 "006_Group6" 27 36 22 14 7
CH14 H1.0 "007_Group7" 15 7 24 8 10
CH32 A2.0 "008_Group8" 18 19 26 21 14
CH34 B2.0 "009_Group9" 32 24 33 18 25
CH36 C2.0 "010_Group10" 27 32 23 30 18
CH38 D2.0 "011_Group11" 18 31 27 31 25
CH40 E2.0 "012_Group12" 6 15 14 16 18
CH42 F2.0 "013_Group13" 10 19 20 17 33
CH44 G2.0 "014_Group14" 35 27 24 31 26
CH46 H2.0 "015_Group15" 27 39 35 34 28
CH64 A3.0 "016_Group16" 7 8 7 14 6
CH66 B3.0 "017_Group17" 10 3 3 4 2
CH68 C3.0 "018_Group18" 9 11 15 2 7
CH70 D3.0 "019_Group19" 7 7 7 2 4
CH72 E3.0 "020_Group20" 19 18 12 6 16
CH74 F3.0 "021_Group21" 25 13 6 6 7
CH76 G3.0 "022_Group22" 9 11 13 5 1
CH78 H3.0 "023_Group23" 7 17 13 12 7
CH96 A4.0 "024_Group24" 34 38 27 19 22
CH98 B4.0 "025_Group25" 9 10 6 5 7
CH100 C4.0 "026_Group26" 19 20 8 19 9
CH102 D4.0 "027_Group27" 13 10 20 18 13
CH104 E4.0 "028_Group28" 29 39 28 24 7
CH106 F4.0 "029_Group29" 17 25 27 24 24
CH108 G4.0 "030_Group30" 23 24 27 32 8
CH110 H4.0 "031_Group31" 21 29 27 16 20
CH128 A5.0 "032_Group32" 22 23 24 9 4
CH130 B5.0 "033_Group33" 9 10 9 9 6
CH132 C5.0 "034_Group34" 21 8 11 3 5
CH134 D5.0 "035_Group35" 11 12 16 10 1
CH136 E5.0 "036_Group36" 10 14 12 1 1
CH138 F5.0 "037_Group37" 8 7 3 1 1
CH140 G5.0 "038_Group38" 19 14 10 8 0
CH142 H5.0 "039_Group39" 5 1 2 1 0
CH160 A6.0 "040_Group40" 8 14 6 2 11
CH162 B6.0 "041_Group41" 4 8 3 5 0
CH164 C6.0 "042_Group42" 7 9 11 11 3
CH166 D6.0 "043_Group43" 1 8 0 3 1
CH168 E6.0 "044_Group44" 1 4 6 1 10
CH170 F6.0 "045_Group45" 14 3 4 1 0
CH172 G6.0 "046_Group46" 8 7 7 3 3
CH174 H6.0 "047_Group47" 7 3 0 0 0
CH192 A7.0 "048_Group48" 26 12 8 11 25
CH194 B7.0 "049_Group49" 42 43 13 28 8
CH196 C7.0 "050_Group50" 41 33 34 11 17
CH198 D7.0 "051_Group51" 37 46 28 8 3
CH200 E7.0 "052_Group52" 35 31 23 11 10
CH202 F7.0 "053_Group53" 16 14 19 18 8
CH204 G7.0 "054_Group54" 27 20 8 10 8
CH206 H7.0 "055_Group55" 19 27 31 20 10
CH224 A8.0 "056_Group56" 11 14 6 12 10
CH226 B8.0 "057_Group57" 21 24 30 23 11
CH228 C8.0 "058_Group58" 39 29 23 18 17
CH230 D8.0 "059_Group59" 31 15 18 15 7
CH232 E8.0 "060_Group60" 47 19 21 25 11
CH234 F8.0 "061_Group61" 25 32 30 23 12
CH236 G8.0 "062_Group62" 22 19 34 19 13
CH238 H8.0 "063_Group63" 34 17 13 11 12
CH256 A9.0 "064_Group64" 32 25 30 20 18
CH258 B9.0 "065_Group65" 16 12 17 9 11
CH260 C9.0 "066_Group66" 37 46 30 27 14
CH262 D9.0 "067_Group67" 26 30 26 7 6
CH264 E9.0 "068_Group68" 18 30 34 12 14
CH266 F9.0 "069_Group69" 26 42 33 25 30
CH268 G9.0 "070_Group70" 25 43 33 5 21
CH270 H9.0 "071_Group71" 17 28 27 23 10
CH288 A10.0 "072_Group72" 12 12 15 10 8
CH290 B10.0 "073_Group73" 6 5 4 0 0
CH292 C10.0 "074_Group74" 2 1 0 0 0
CH294 D10.0 "075_Group75" 2 3 0 0 0
CH296 E10.0 "076_Group76" 10 8 7 2 7
CH298 F10.0 "077_Group77" 11 7 2 1 0
CH300 G10.0 "078_Group78" 8 8 0 0 0
CH302 H10.0 "079_Group79" 9 7 6 4 1
CH320 A11.0 "080_Group80" 14 5 11 12 11
CH322 B11.0 "081_Group81" 12 9 15 13 10
CH324 C11.0 "082_Group82" 7 8 8 16 11
CH326 D11.0 "083_Group83" 15 7 8 15 3
CH328 E11.0 "084_Group84" 15 10 6 5 3
CH330 F11.0 "085_Group85" 10 11 15 15 16
CH332 G11.0 "086_Group86" 15 11 15 16 16
CH334 H11.0 "087_Group87" 16 9 12 13 4
CH352 A12.0 "088_Group88" 8 6 12 14 8
CH354 B12.0 "089_Group89" 9 9 8 10 17
CH356 C12.0 "090_Group90" 9 9 9 2 6
CH358 D12.0 "091_Group91" 3 3 5 7 6
CH360 E12.0 "092_Group92" 0 5 1 2 0
CH362 F12.0 "093_Group93" 6 16 6 5 4
CH364 G12.0 "094_Group94" 8 9 24 21 12
CH366 H12.0 "095_Group95" 8 10 5 4 6
