"DATE:" "2/7/2015 9:01:04 AM"
"FILE:" "C:\Users\AndersenLab\Desktop\wmicrotracker\p00011\20150207_0848"
"SUBPROJECT:" "20150207_Longevity_3_3mgmL"

"<<<<<< Group Activity: Average Activity Counts per Data Interval>>>>>>"
Group/Time[m] 2 4 6 8 10
"000_Group0" 1 5 5 10 9
"001_Group1" 10 13 7 11 12
"002_Group2" 12 18 4 0 15
"003_Group3" 15 17 9 2 13
"004_Group4" 1 4 1 8 0
"005_Group5" 20 3 3 0 5
"006_Group6" 12 1 4 0 0
"007_Group7" 7 14 6 13 3
"008_Group8" 14 3 21 22 24
"009_Group9" 24 25 25 22 16
"010_Group10" 26 26 25 25 17
"011_Group11" 24 32 24 23 22
"012_Group12" 12 21 16 15 16
"013_Group13" 17 33 28 23 17
"014_Group14" 10 30 25 29 14
"015_Group15" 15 24 26 11 9
"016_Group16" 0 2 0 1 1
"017_Group17" 16 18 6 1 0
"018_Group18" 2 0 0 1 0
"019_Group19" 14 16 8 1 3
"020_Group20" 7 7 6 7 13
"021_Group21" 25 10 10 6 0
"022_Group22" 3 1 1 7 0
"023_Group23" 10 9 19 6 6
"024_Group24" 21 19 17 14 17
"025_Group25" 34 41 24 28 16
"026_Group26" 22 40 22 21 26
"027_Group27" 27 31 22 12 18
"028_Group28" 29 26 35 26 17
"029_Group29" 42 37 29 22 18
"030_Group30" 34 37 27 15 6
"031_Group31" 13 27 28 24 10
"032_Group32" 18 25 27 16 2
"033_Group33" 0 3 11 4 0
"034_Group34" 14 10 8 3 5
"035_Group35" 21 24 10 10 2
"036_Group36" 32 14 6 1 0
"037_Group37" 13 6 5 1 0
"038_Group38" 12 23 11 0 0
"039_Group39" 11 15 0 4 7
"040_Group40" 4 5 2 0 0
"041_Group41" 0 8 0 0 0
"042_Group42" 2 3 3 0 0
"043_Group43" 2 0 0 4 3
"044_Group44" 4 7 0 0 0
"045_Group45" 8 0 0 0 0
"046_Group46" 3 5 2 2 0
"047_Group47" 5 0 3 0 0
"048_Group48" 26 34 20 17 12
"049_Group49" 13 11 6 3 7
"050_Group50" 29 30 12 4 5
"051_Group51" 19 13 11 15 8
"052_Group52" 25 11 11 5 6
"053_Group53" 17 10 8 11 13
"054_Group54" 14 10 5 16 7
"055_Group55" 30 22 11 9 8
"056_Group56" 25 25 16 23 7
"057_Group57" 36 23 12 17 13
"058_Group58" 29 28 20 10 6
"059_Group59" 27 24 12 7 8
"060_Group60" 34 28 8 27 3
"061_Group61" 31 25 20 7 14
"062_Group62" 28 32 24 26 9
"063_Group63" 27 22 26 11 13
"064_Group64" 29 36 42 14 24
"065_Group65" 24 32 25 13 17
"066_Group66" 17 32 27 17 25
"067_Group67" 18 37 30 17 15
"068_Group68" 24 27 25 31 40
"069_Group69" 28 33 20 18 24
"070_Group70" 22 23 27 21 26
"071_Group71" 20 24 37 27 15
"072_Group72" 15 9 7 10 3
"073_Group73" 18 0 5 0 0
"074_Group74" 3 19 15 9 0
"075_Group75" 19 14 14 0 1
"076_Group76" 14 7 13 0 2
"077_Group77" 6 0 0 2 1
"078_Group78" 16 6 7 4 2
"079_Group79" 3 10 0 7 0
"080_Group80" 25 21 7 16 12
"081_Group81" 29 16 9 11 7
"082_Group82" 23 19 19 7 4
"083_Group83" 21 20 13 6 7
"084_Group84" 36 30 11 10 4
"085_Group85" 36 9 14 19 7
"086_Group86" 31 35 15 4 3
"087_Group87" 0 0 4 1 0
"088_Group88" 16 4 6 4 0
"089_Group89" 45 21 4 0 5
"090_Group90" 21 1 7 2 6
"091_Group91" 25 5 1 0 3
"092_Group92" 5 0 4 7 0
"093_Group93" 28 4 8 5 2
"094_Group94" 30 12 5 2 18
"095_Group95" 11 1 0 2 0

"<<<<<< Group Activity: Number of wells/group >>>>>>"
Group/Time[m] 2 4 6 8 10
"000_Group0" 1 1 1 1 1
"001_Group1" 1 1 1 1 1
"002_Group2" 1 1 1 1 1
"003_Group3" 1 1 1 1 1
"004_Group4" 1 1 1 1 1
"005_Group5" 1 1 1 1 1
"006_Group6" 1 1 1 1 1
"007_Group7" 1 1 1 1 1
"008_Group8" 1 1 1 1 1
"009_Group9" 1 1 1 1 1
"010_Group10" 1 1 1 1 1
"011_Group11" 1 1 1 1 1
"012_Group12" 1 1 1 1 1
"013_Group13" 1 1 1 1 1
"014_Group14" 1 1 1 1 1
"015_Group15" 1 1 1 1 1
"016_Group16" 1 1 1 1 1
"017_Group17" 1 1 1 1 1
"018_Group18" 1 1 1 1 1
"019_Group19" 1 1 1 1 1
"020_Group20" 1 1 1 1 1
"021_Group21" 1 1 1 1 1
"022_Group22" 1 1 1 1 1
"023_Group23" 1 1 1 1 1
"024_Group24" 1 1 1 1 1
"025_Group25" 1 1 1 1 1
"026_Group26" 1 1 1 1 1
"027_Group27" 1 1 1 1 1
"028_Group28" 1 1 1 1 1
"029_Group29" 1 1 1 1 1
"030_Group30" 1 1 1 1 1
"031_Group31" 1 1 1 1 1
"032_Group32" 1 1 1 1 1
"033_Group33" 1 1 1 1 1
"034_Group34" 1 1 1 1 1
"035_Group35" 1 1 1 1 1
"036_Group36" 1 1 1 1 1
"037_Group37" 1 1 1 1 1
"038_Group38" 1 1 1 1 1
"039_Group39" 1 1 1 1 1
"040_Group40" 1 1 1 1 1
"041_Group41" 1 1 1 1 1
"042_Group42" 1 1 1 1 1
"043_Group43" 1 1 1 1 1
"044_Group44" 1 1 1 1 1
"045_Group45" 1 1 1 1 1
"046_Group46" 1 1 1 1 1
"047_Group47" 1 1 1 1 1
"048_Group48" 1 1 1 1 1
"049_Group49" 1 1 1 1 1
"050_Group50" 1 1 1 1 1
"051_Group51" 1 1 1 1 1
"052_Group52" 1 1 1 1 1
"053_Group53" 1 1 1 1 1
"054_Group54" 1 1 1 1 1
"055_Group55" 1 1 1 1 1
"056_Group56" 1 1 1 1 1
"057_Group57" 1 1 1 1 1
"058_Group58" 1 1 1 1 1
"059_Group59" 1 1 1 1 1
"060_Group60" 1 1 1 1 1
"061_Group61" 1 1 1 1 1
"062_Group62" 1 1 1 1 1
"063_Group63" 1 1 1 1 1
"064_Group64" 1 1 1 1 1
"065_Group65" 1 1 1 1 1
"066_Group66" 1 1 1 1 1
"067_Group67" 1 1 1 1 1
"068_Group68" 1 1 1 1 1
"069_Group69" 1 1 1 1 1
"070_Group70" 1 1 1 1 1
"071_Group71" 1 1 1 1 1
"072_Group72" 1 1 1 1 1
"073_Group73" 1 1 1 1 1
"074_Group74" 1 1 1 1 1
"075_Group75" 1 1 1 1 1
"076_Group76" 1 1 1 1 1
"077_Group77" 1 1 1 1 1
"078_Group78" 1 1 1 1 1
"079_Group79" 1 1 1 1 1
"080_Group80" 1 1 1 1 1
"081_Group81" 1 1 1 1 1
"082_Group82" 1 1 1 1 1
"083_Group83" 1 1 1 1 1
"084_Group84" 1 1 1 1 1
"085_Group85" 1 1 1 1 1
"086_Group86" 1 1 1 1 1
"087_Group87" 1 1 1 1 1
"088_Group88" 1 1 1 1 1
"089_Group89" 1 1 1 1 1
"090_Group90" 1 1 1 1 1
"091_Group91" 1 1 1 1 1
"092_Group92" 1 1 1 1 1
"093_Group93" 1 1 1 1 1
"094_Group94" 1 1 1 1 1
"095_Group95" 1 1 1 1 1

"<<<<<< Number of Samples per Acquisition Interval [1unit=500values] >>>>>>"
Time[m] 2 4 6 8 10 
#Samples 2 2 2 2 2 

"<<<<<< Average Temperature [°C] >>>>>>"
Time[m] 2 4 6 8 10 
Temp[°C] 21.7 21.7 21.8 21.8 21.8 

"<<<<<< Well Activity >>>>>>"
Well Group/Time[m] 2 4 6 8 10
A1 "000_Group0" 1 5 5 10 9
B1 "001_Group1" 10 13 7 11 12
C1 "002_Group2" 12 18 4 0 15
D1 "003_Group3" 15 17 9 2 13
E1 "004_Group4" 1 4 1 8 0
F1 "005_Group5" 20 3 3 0 5
G1 "006_Group6" 12 1 4 0 0
H1 "007_Group7" 7 14 6 13 3
A2 "008_Group8" 14 3 21 22 24
B2 "009_Group9" 24 25 25 22 16
C2 "010_Group10" 26 26 25 25 17
D2 "011_Group11" 24 32 24 23 22
E2 "012_Group12" 12 21 16 15 16
F2 "013_Group13" 17 33 28 23 17
G2 "014_Group14" 10 30 25 29 14
H2 "015_Group15" 15 24 26 11 9
A3 "016_Group16" 0 2 0 1 1
B3 "017_Group17" 16 18 6 1 0
C3 "018_Group18" 2 0 0 1 0
D3 "019_Group19" 14 16 8 1 3
E3 "020_Group20" 7 7 6 7 13
F3 "021_Group21" 25 10 10 6 0
G3 "022_Group22" 3 1 1 7 0
H3 "023_Group23" 10 9 19 6 6
A4 "024_Group24" 21 19 17 14 17
B4 "025_Group25" 34 41 24 28 16
C4 "026_Group26" 22 40 22 21 26
D4 "027_Group27" 27 31 22 12 18
E4 "028_Group28" 29 26 35 26 17
F4 "029_Group29" 42 37 29 22 18
G4 "030_Group30" 34 37 27 15 6
H4 "031_Group31" 13 27 28 24 10
A5 "032_Group32" 18 25 27 16 2
B5 "033_Group33" 0 3 11 4 0
C5 "034_Group34" 14 10 8 3 5
D5 "035_Group35" 21 24 10 10 2
E5 "036_Group36" 32 14 6 1 0
F5 "037_Group37" 13 6 5 1 0
G5 "038_Group38" 12 23 11 0 0
H5 "039_Group39" 11 15 0 4 7
A6 "040_Group40" 4 5 2 0 0
B6 "041_Group41" 0 8 0 0 0
C6 "042_Group42" 2 3 3 0 0
D6 "043_Group43" 2 0 0 4 3
E6 "044_Group44" 4 7 0 0 0
F6 "045_Group45" 8 0 0 0 0
G6 "046_Group46" 3 5 2 2 0
H6 "047_Group47" 5 0 3 0 0
A7 "048_Group48" 26 34 20 17 12
B7 "049_Group49" 13 11 6 3 7
C7 "050_Group50" 29 30 12 4 5
D7 "051_Group51" 19 13 11 15 8
E7 "052_Group52" 25 11 11 5 6
F7 "053_Group53" 17 10 8 11 13
G7 "054_Group54" 14 10 5 16 7
H7 "055_Group55" 30 22 11 9 8
A8 "056_Group56" 25 25 16 23 7
B8 "057_Group57" 36 23 12 17 13
C8 "058_Group58" 29 28 20 10 6
D8 "059_Group59" 27 24 12 7 8
E8 "060_Group60" 34 28 8 27 3
F8 "061_Group61" 31 25 20 7 14
G8 "062_Group62" 28 32 24 26 9
H8 "063_Group63" 27 22 26 11 13
A9 "064_Group64" 29 36 42 14 24
B9 "065_Group65" 24 32 25 13 17
C9 "066_Group66" 17 32 27 17 25
D9 "067_Group67" 18 37 30 17 15
E9 "068_Group68" 24 27 25 31 40
F9 "069_Group69" 28 33 20 18 24
G9 "070_Group70" 22 23 27 21 26
H9 "071_Group71" 20 24 37 27 15
A10 "072_Group72" 15 9 7 10 3
B10 "073_Group73" 18 0 5 0 0
C10 "074_Group74" 3 19 15 9 0
D10 "075_Group75" 19 14 14 0 1
E10 "076_Group76" 14 7 13 0 2
F10 "077_Group77" 6 0 0 2 1
G10 "078_Group78" 16 6 7 4 2
H10 "079_Group79" 3 10 0 7 0
A11 "080_Group80" 25 21 7 16 12
B11 "081_Group81" 29 16 9 11 7
C11 "082_Group82" 23 19 19 7 4
D11 "083_Group83" 21 20 13 6 7
E11 "084_Group84" 36 30 11 10 4
F11 "085_Group85" 36 9 14 19 7
G11 "086_Group86" 31 35 15 4 3
H11 "087_Group87" 0 0 4 1 0
A12 "088_Group88" 16 4 6 4 0
B12 "089_Group89" 45 21 4 0 5
C12 "090_Group90" 21 1 7 2 6
D12 "091_Group91" 25 5 1 0 3
E12 "092_Group92" 5 0 4 7 0
F12 "093_Group93" 28 4 8 5 2
G12 "094_Group94" 30 12 5 2 18
H12 "095_Group95" 11 1 0 2 0

"<<<<<< Channel Activity >>>>>>"
Channel Well Group/Time[m] 2 4 6 8 10
CH0 A1.0 "000_Group0" 1 5 5 10 9
CH2 B1.0 "001_Group1" 10 13 7 11 12
CH4 C1.0 "002_Group2" 12 18 4 0 15
CH6 D1.0 "003_Group3" 15 17 9 2 13
CH8 E1.0 "004_Group4" 1 4 1 8 0
CH10 F1.0 "005_Group5" 20 3 3 0 5
CH12 G1.0 "006_Group6" 12 1 4 0 0
CH14 H1.0 "007_Group7" 7 14 6 13 3
CH32 A2.0 "008_Group8" 14 3 21 22 24
CH34 B2.0 "009_Group9" 24 25 25 22 16
CH36 C2.0 "010_Group10" 26 26 25 25 17
CH38 D2.0 "011_Group11" 24 32 24 23 22
CH40 E2.0 "012_Group12" 12 21 16 15 16
CH42 F2.0 "013_Group13" 17 33 28 23 17
CH44 G2.0 "014_Group14" 10 30 25 29 14
CH46 H2.0 "015_Group15" 15 24 26 11 9
CH64 A3.0 "016_Group16" 0 2 0 1 1
CH66 B3.0 "017_Group17" 16 18 6 1 0
CH68 C3.0 "018_Group18" 2 0 0 1 0
CH70 D3.0 "019_Group19" 14 16 8 1 3
CH72 E3.0 "020_Group20" 7 7 6 7 13
CH74 F3.0 "021_Group21" 25 10 10 6 0
CH76 G3.0 "022_Group22" 3 1 1 7 0
CH78 H3.0 "023_Group23" 10 9 19 6 6
CH96 A4.0 "024_Group24" 21 19 17 14 17
CH98 B4.0 "025_Group25" 34 41 24 28 16
CH100 C4.0 "026_Group26" 22 40 22 21 26
CH102 D4.0 "027_Group27" 27 31 22 12 18
CH104 E4.0 "028_Group28" 29 26 35 26 17
CH106 F4.0 "029_Group29" 42 37 29 22 18
CH108 G4.0 "030_Group30" 34 37 27 15 6
CH110 H4.0 "031_Group31" 13 27 28 24 10
CH128 A5.0 "032_Group32" 18 25 27 16 2
CH130 B5.0 "033_Group33" 0 3 11 4 0
CH132 C5.0 "034_Group34" 14 10 8 3 5
CH134 D5.0 "035_Group35" 21 24 10 10 2
CH136 E5.0 "036_Group36" 32 14 6 1 0
CH138 F5.0 "037_Group37" 13 6 5 1 0
CH140 G5.0 "038_Group38" 12 23 11 0 0
CH142 H5.0 "039_Group39" 11 15 0 4 7
CH160 A6.0 "040_Group40" 4 5 2 0 0
CH162 B6.0 "041_Group41" 0 8 0 0 0
CH164 C6.0 "042_Group42" 2 3 3 0 0
CH166 D6.0 "043_Group43" 2 0 0 4 3
CH168 E6.0 "044_Group44" 4 7 0 0 0
CH170 F6.0 "045_Group45" 8 0 0 0 0
CH172 G6.0 "046_Group46" 3 5 2 2 0
CH174 H6.0 "047_Group47" 5 0 3 0 0
CH192 A7.0 "048_Group48" 26 34 20 17 12
CH194 B7.0 "049_Group49" 13 11 6 3 7
CH196 C7.0 "050_Group50" 29 30 12 4 5
CH198 D7.0 "051_Group51" 19 13 11 15 8
CH200 E7.0 "052_Group52" 25 11 11 5 6
CH202 F7.0 "053_Group53" 17 10 8 11 13
CH204 G7.0 "054_Group54" 14 10 5 16 7
CH206 H7.0 "055_Group55" 30 22 11 9 8
CH224 A8.0 "056_Group56" 25 25 16 23 7
CH226 B8.0 "057_Group57" 36 23 12 17 13
CH228 C8.0 "058_Group58" 29 28 20 10 6
CH230 D8.0 "059_Group59" 27 24 12 7 8
CH232 E8.0 "060_Group60" 34 28 8 27 3
CH234 F8.0 "061_Group61" 31 25 20 7 14
CH236 G8.0 "062_Group62" 28 32 24 26 9
CH238 H8.0 "063_Group63" 27 22 26 11 13
CH256 A9.0 "064_Group64" 29 36 42 14 24
CH258 B9.0 "065_Group65" 24 32 25 13 17
CH260 C9.0 "066_Group66" 17 32 27 17 25
CH262 D9.0 "067_Group67" 18 37 30 17 15
CH264 E9.0 "068_Group68" 24 27 25 31 40
CH266 F9.0 "069_Group69" 28 33 20 18 24
CH268 G9.0 "070_Group70" 22 23 27 21 26
CH270 H9.0 "071_Group71" 20 24 37 27 15
CH288 A10.0 "072_Group72" 15 9 7 10 3
CH290 B10.0 "073_Group73" 18 0 5 0 0
CH292 C10.0 "074_Group74" 3 19 15 9 0
CH294 D10.0 "075_Group75" 19 14 14 0 1
CH296 E10.0 "076_Group76" 14 7 13 0 2
CH298 F10.0 "077_Group77" 6 0 0 2 1
CH300 G10.0 "078_Group78" 16 6 7 4 2
CH302 H10.0 "079_Group79" 3 10 0 7 0
CH320 A11.0 "080_Group80" 25 21 7 16 12
CH322 B11.0 "081_Group81" 29 16 9 11 7
CH324 C11.0 "082_Group82" 23 19 19 7 4
CH326 D11.0 "083_Group83" 21 20 13 6 7
CH328 E11.0 "084_Group84" 36 30 11 10 4
CH330 F11.0 "085_Group85" 36 9 14 19 7
CH332 G11.0 "086_Group86" 31 35 15 4 3
CH334 H11.0 "087_Group87" 0 0 4 1 0
CH352 A12.0 "088_Group88" 16 4 6 4 0
CH354 B12.0 "089_Group89" 45 21 4 0 5
CH356 C12.0 "090_Group90" 21 1 7 2 6
CH358 D12.0 "091_Group91" 25 5 1 0 3
CH360 E12.0 "092_Group92" 5 0 4 7 0
CH362 F12.0 "093_Group93" 28 4 8 5 2
CH364 G12.0 "094_Group94" 30 12 5 2 18
CH366 H12.0 "095_Group95" 11 1 0 2 0
