"DATE:" "2/8/2015 8:55:18 AM"
"FILE:" "C:\Users\AndersenLab\Desktop\wmicrotracker\p00011\20150208_0843"
"SUBPROJECT:" "20150208_Longevity_3_3mgmL"

"<<<<<< Group Activity: Average Activity Counts per Data Interval>>>>>>"
Group/Time[m] 2 4 6 8 10
"000_Group0" 12 7 1 0 15
"001_Group1" 7 10 2 4 0
"002_Group2" 10 11 8 2 1
"003_Group3" 2 4 2 0 0
"004_Group4" 8 7 3 3 6
"005_Group5" 7 6 4 10 1
"006_Group6" 0 3 12 6 0
"007_Group7" 14 6 6 9 10
"008_Group8" 15 8 20 21 22
"009_Group9" 9 16 13 17 12
"010_Group10" 15 25 25 24 13
"011_Group11" 8 17 13 14 11
"012_Group12" 11 9 6 14 3
"013_Group13" 9 17 12 7 7
"014_Group14" 15 15 21 10 8
"015_Group15" 13 16 17 18 16
"016_Group16" 0 0 1 1 2
"017_Group17" 1 7 15 3 0
"018_Group18" 4 4 0 0 0
"019_Group19" 9 7 9 11 8
"020_Group20" 8 2 8 8 5
"021_Group21" 1 1 0 1 3
"022_Group22" 0 6 0 0 0
"023_Group23" 0 0 1 0 0
"024_Group24" 31 20 18 15 17
"025_Group25" 39 30 26 21 8
"026_Group26" 6 2 7 2 3
"027_Group27" 18 18 10 6 2
"028_Group28" 20 17 33 2 3
"029_Group29" 12 8 9 7 2
"030_Group30" 32 11 10 22 9
"031_Group31" 30 28 26 25 22
"032_Group32" 14 11 21 4 4
"033_Group33" 7 9 14 8 0
"034_Group34" 15 15 15 7 0
"035_Group35" 20 19 11 11 6
"036_Group36" 5 14 12 2 10
"037_Group37" 3 0 0 0 0
"038_Group38" 15 10 11 0 0
"039_Group39" 19 15 11 0 1
"040_Group40" 0 1 0 0 0
"041_Group41" 0 0 0 0 0
"042_Group42" 6 0 0 0 0
"043_Group43" 0 0 0 0 0
"044_Group44" 4 1 0 0 0
"045_Group45" 1 7 0 0 0
"046_Group46" 0 0 0 0 0
"047_Group47" 0 5 1 0 0
"048_Group48" 19 8 5 7 6
"049_Group49" 25 7 4 9 6
"050_Group50" 3 10 7 10 5
"051_Group51" 7 7 2 2 7
"052_Group52" 0 9 1 6 11
"053_Group53" 17 19 10 4 6
"054_Group54" 8 7 8 5 3
"055_Group55" 13 2 8 9 4
"056_Group56" 21 16 9 14 11
"057_Group57" 27 21 17 19 8
"058_Group58" 15 13 6 4 4
"059_Group59" 10 25 21 18 6
"060_Group60" 11 10 15 17 11
"061_Group61" 25 12 17 11 11
"062_Group62" 19 7 11 11 9
"063_Group63" 29 13 11 15 10
"064_Group64" 20 23 31 27 29
"065_Group65" 24 26 32 23 19
"066_Group66" 40 29 19 21 18
"067_Group67" 24 24 31 25 21
"068_Group68" 26 30 30 26 6
"069_Group69" 16 14 13 4 6
"070_Group70" 16 13 13 14 11
"071_Group71" 11 18 24 11 20
"072_Group72" 18 11 8 8 2
"073_Group73" 16 1 6 1 5
"074_Group74" 11 12 6 10 7
"075_Group75" 6 12 10 4 0
"076_Group76" 5 0 0 6 0
"077_Group77" 12 6 3 12 0
"078_Group78" 3 11 17 10 1
"079_Group79" 2 0 0 0 0
"080_Group80" 29 13 18 18 16
"081_Group81" 30 18 14 1 9
"082_Group82" 21 13 10 5 6
"083_Group83" 18 10 5 9 14
"084_Group84" 7 8 2 4 1
"085_Group85" 19 10 9 11 6
"086_Group86" 18 6 5 9 7
"087_Group87" 0 1 0 0 0
"088_Group88" 10 2 0 3 0
"089_Group89" 21 11 1 9 7
"090_Group90" 16 2 7 0 3
"091_Group91" 6 2 2 1 0
"092_Group92" 1 5 4 0 0
"093_Group93" 27 5 4 6 9
"094_Group94" 8 5 1 2 0
"095_Group95" 16 2 4 2 0

"<<<<<< Group Activity: Number of wells/group >>>>>>"
Group/Time[m] 2 4 6 8 10
"000_Group0" 1 1 1 1 1
"001_Group1" 1 1 1 1 1
"002_Group2" 1 1 1 1 1
"003_Group3" 1 1 1 1 1
"004_Group4" 1 1 1 1 1
"005_Group5" 1 1 1 1 1
"006_Group6" 1 1 1 1 1
"007_Group7" 1 1 1 1 1
"008_Group8" 1 1 1 1 1
"009_Group9" 1 1 1 1 1
"010_Group10" 1 1 1 1 1
"011_Group11" 1 1 1 1 1
"012_Group12" 1 1 1 1 1
"013_Group13" 1 1 1 1 1
"014_Group14" 1 1 1 1 1
"015_Group15" 1 1 1 1 1
"016_Group16" 1 1 1 1 1
"017_Group17" 1 1 1 1 1
"018_Group18" 1 1 1 1 1
"019_Group19" 1 1 1 1 1
"020_Group20" 1 1 1 1 1
"021_Group21" 1 1 1 1 1
"022_Group22" 1 1 1 1 1
"023_Group23" 1 1 1 1 1
"024_Group24" 1 1 1 1 1
"025_Group25" 1 1 1 1 1
"026_Group26" 1 1 1 1 1
"027_Group27" 1 1 1 1 1
"028_Group28" 1 1 1 1 1
"029_Group29" 1 1 1 1 1
"030_Group30" 1 1 1 1 1
"031_Group31" 1 1 1 1 1
"032_Group32" 1 1 1 1 1
"033_Group33" 1 1 1 1 1
"034_Group34" 1 1 1 1 1
"035_Group35" 1 1 1 1 1
"036_Group36" 1 1 1 1 1
"037_Group37" 1 1 1 1 1
"038_Group38" 1 1 1 1 1
"039_Group39" 1 1 1 1 1
"040_Group40" 1 1 1 1 1
"041_Group41" 1 1 1 1 1
"042_Group42" 1 1 1 1 1
"043_Group43" 1 1 1 1 1
"044_Group44" 1 1 1 1 1
"045_Group45" 1 1 1 1 1
"046_Group46" 1 1 1 1 1
"047_Group47" 1 1 1 1 1
"048_Group48" 1 1 1 1 1
"049_Group49" 1 1 1 1 1
"050_Group50" 1 1 1 1 1
"051_Group51" 1 1 1 1 1
"052_Group52" 1 1 1 1 1
"053_Group53" 1 1 1 1 1
"054_Group54" 1 1 1 1 1
"055_Group55" 1 1 1 1 1
"056_Group56" 1 1 1 1 1
"057_Group57" 1 1 1 1 1
"058_Group58" 1 1 1 1 1
"059_Group59" 1 1 1 1 1
"060_Group60" 1 1 1 1 1
"061_Group61" 1 1 1 1 1
"062_Group62" 1 1 1 1 1
"063_Group63" 1 1 1 1 1
"064_Group64" 1 1 1 1 1
"065_Group65" 1 1 1 1 1
"066_Group66" 1 1 1 1 1
"067_Group67" 1 1 1 1 1
"068_Group68" 1 1 1 1 1
"069_Group69" 1 1 1 1 1
"070_Group70" 1 1 1 1 1
"071_Group71" 1 1 1 1 1
"072_Group72" 1 1 1 1 1
"073_Group73" 1 1 1 1 1
"074_Group74" 1 1 1 1 1
"075_Group75" 1 1 1 1 1
"076_Group76" 1 1 1 1 1
"077_Group77" 1 1 1 1 1
"078_Group78" 1 1 1 1 1
"079_Group79" 1 1 1 1 1
"080_Group80" 1 1 1 1 1
"081_Group81" 1 1 1 1 1
"082_Group82" 1 1 1 1 1
"083_Group83" 1 1 1 1 1
"084_Group84" 1 1 1 1 1
"085_Group85" 1 1 1 1 1
"086_Group86" 1 1 1 1 1
"087_Group87" 1 1 1 1 1
"088_Group88" 1 1 1 1 1
"089_Group89" 1 1 1 1 1
"090_Group90" 1 1 1 1 1
"091_Group91" 1 1 1 1 1
"092_Group92" 1 1 1 1 1
"093_Group93" 1 1 1 1 1
"094_Group94" 1 1 1 1 1
"095_Group95" 1 1 1 1 1

"<<<<<< Number of Samples per Acquisition Interval [1unit=500values] >>>>>>"
Time[m] 2 4 6 8 10 
#Samples 2 2 2 2 2 

"<<<<<< Average Temperature [°C] >>>>>>"
Time[m] 2 4 6 8 10 
Temp[°C] 22.0 22.0 22.0 22.0 22.0 

"<<<<<< Well Activity >>>>>>"
Well Group/Time[m] 2 4 6 8 10
A1 "000_Group0" 12 7 1 0 15
B1 "001_Group1" 7 10 2 4 0
C1 "002_Group2" 10 11 8 2 1
D1 "003_Group3" 2 4 2 0 0
E1 "004_Group4" 8 7 3 3 6
F1 "005_Group5" 7 6 4 10 1
G1 "006_Group6" 0 3 12 6 0
H1 "007_Group7" 14 6 6 9 10
A2 "008_Group8" 15 8 20 21 22
B2 "009_Group9" 9 16 13 17 12
C2 "010_Group10" 15 25 25 24 13
D2 "011_Group11" 8 17 13 14 11
E2 "012_Group12" 11 9 6 14 3
F2 "013_Group13" 9 17 12 7 7
G2 "014_Group14" 15 15 21 10 8
H2 "015_Group15" 13 16 17 18 16
A3 "016_Group16" 0 0 1 1 2
B3 "017_Group17" 1 7 15 3 0
C3 "018_Group18" 4 4 0 0 0
D3 "019_Group19" 9 7 9 11 8
E3 "020_Group20" 8 2 8 8 5
F3 "021_Group21" 1 1 0 1 3
G3 "022_Group22" 0 6 0 0 0
H3 "023_Group23" 0 0 1 0 0
A4 "024_Group24" 31 20 18 15 17
B4 "025_Group25" 39 30 26 21 8
C4 "026_Group26" 6 2 7 2 3
D4 "027_Group27" 18 18 10 6 2
E4 "028_Group28" 20 17 33 2 3
F4 "029_Group29" 12 8 9 7 2
G4 "030_Group30" 32 11 10 22 9
H4 "031_Group31" 30 28 26 25 22
A5 "032_Group32" 14 11 21 4 4
B5 "033_Group33" 7 9 14 8 0
C5 "034_Group34" 15 15 15 7 0
D5 "035_Group35" 20 19 11 11 6
E5 "036_Group36" 5 14 12 2 10
F5 "037_Group37" 3 0 0 0 0
G5 "038_Group38" 15 10 11 0 0
H5 "039_Group39" 19 15 11 0 1
A6 "040_Group40" 0 1 0 0 0
B6 "041_Group41" 0 0 0 0 0
C6 "042_Group42" 6 0 0 0 0
D6 "043_Group43" 0 0 0 0 0
E6 "044_Group44" 4 1 0 0 0
F6 "045_Group45" 1 7 0 0 0
G6 "046_Group46" 0 0 0 0 0
H6 "047_Group47" 0 5 1 0 0
A7 "048_Group48" 19 8 5 7 6
B7 "049_Group49" 25 7 4 9 6
C7 "050_Group50" 3 10 7 10 5
D7 "051_Group51" 7 7 2 2 7
E7 "052_Group52" 0 9 1 6 11
F7 "053_Group53" 17 19 10 4 6
G7 "054_Group54" 8 7 8 5 3
H7 "055_Group55" 13 2 8 9 4
A8 "056_Group56" 21 16 9 14 11
B8 "057_Group57" 27 21 17 19 8
C8 "058_Group58" 15 13 6 4 4
D8 "059_Group59" 10 25 21 18 6
E8 "060_Group60" 11 10 15 17 11
F8 "061_Group61" 25 12 17 11 11
G8 "062_Group62" 19 7 11 11 9
H8 "063_Group63" 29 13 11 15 10
A9 "064_Group64" 20 23 31 27 29
B9 "065_Group65" 24 26 32 23 19
C9 "066_Group66" 40 29 19 21 18
D9 "067_Group67" 24 24 31 25 21
E9 "068_Group68" 26 30 30 26 6
F9 "069_Group69" 16 14 13 4 6
G9 "070_Group70" 16 13 13 14 11
H9 "071_Group71" 11 18 24 11 20
A10 "072_Group72" 18 11 8 8 2
B10 "073_Group73" 16 1 6 1 5
C10 "074_Group74" 11 12 6 10 7
D10 "075_Group75" 6 12 10 4 0
E10 "076_Group76" 5 0 0 6 0
F10 "077_Group77" 12 6 3 12 0
G10 "078_Group78" 3 11 17 10 1
H10 "079_Group79" 2 0 0 0 0
A11 "080_Group80" 29 13 18 18 16
B11 "081_Group81" 30 18 14 1 9
C11 "082_Group82" 21 13 10 5 6
D11 "083_Group83" 18 10 5 9 14
E11 "084_Group84" 7 8 2 4 1
F11 "085_Group85" 19 10 9 11 6
G11 "086_Group86" 18 6 5 9 7
H11 "087_Group87" 0 1 0 0 0
A12 "088_Group88" 10 2 0 3 0
B12 "089_Group89" 21 11 1 9 7
C12 "090_Group90" 16 2 7 0 3
D12 "091_Group91" 6 2 2 1 0
E12 "092_Group92" 1 5 4 0 0
F12 "093_Group93" 27 5 4 6 9
G12 "094_Group94" 8 5 1 2 0
H12 "095_Group95" 16 2 4 2 0

"<<<<<< Channel Activity >>>>>>"
Channel Well Group/Time[m] 2 4 6 8 10
CH0 A1.0 "000_Group0" 12 7 1 0 15
CH2 B1.0 "001_Group1" 7 10 2 4 0
CH4 C1.0 "002_Group2" 10 11 8 2 1
CH6 D1.0 "003_Group3" 2 4 2 0 0
CH8 E1.0 "004_Group4" 8 7 3 3 6
CH10 F1.0 "005_Group5" 7 6 4 10 1
CH12 G1.0 "006_Group6" 0 3 12 6 0
CH14 H1.0 "007_Group7" 14 6 6 9 10
CH32 A2.0 "008_Group8" 15 8 20 21 22
CH34 B2.0 "009_Group9" 9 16 13 17 12
CH36 C2.0 "010_Group10" 15 25 25 24 13
CH38 D2.0 "011_Group11" 8 17 13 14 11
CH40 E2.0 "012_Group12" 11 9 6 14 3
CH42 F2.0 "013_Group13" 9 17 12 7 7
CH44 G2.0 "014_Group14" 15 15 21 10 8
CH46 H2.0 "015_Group15" 13 16 17 18 16
CH64 A3.0 "016_Group16" 0 0 1 1 2
CH66 B3.0 "017_Group17" 1 7 15 3 0
CH68 C3.0 "018_Group18" 4 4 0 0 0
CH70 D3.0 "019_Group19" 9 7 9 11 8
CH72 E3.0 "020_Group20" 8 2 8 8 5
CH74 F3.0 "021_Group21" 1 1 0 1 3
CH76 G3.0 "022_Group22" 0 6 0 0 0
CH78 H3.0 "023_Group23" 0 0 1 0 0
CH96 A4.0 "024_Group24" 31 20 18 15 17
CH98 B4.0 "025_Group25" 39 30 26 21 8
CH100 C4.0 "026_Group26" 6 2 7 2 3
CH102 D4.0 "027_Group27" 18 18 10 6 2
CH104 E4.0 "028_Group28" 20 17 33 2 3
CH106 F4.0 "029_Group29" 12 8 9 7 2
CH108 G4.0 "030_Group30" 32 11 10 22 9
CH110 H4.0 "031_Group31" 30 28 26 25 22
CH128 A5.0 "032_Group32" 14 11 21 4 4
CH130 B5.0 "033_Group33" 7 9 14 8 0
CH132 C5.0 "034_Group34" 15 15 15 7 0
CH134 D5.0 "035_Group35" 20 19 11 11 6
CH136 E5.0 "036_Group36" 5 14 12 2 10
CH138 F5.0 "037_Group37" 3 0 0 0 0
CH140 G5.0 "038_Group38" 15 10 11 0 0
CH142 H5.0 "039_Group39" 19 15 11 0 1
CH160 A6.0 "040_Group40" 0 1 0 0 0
CH162 B6.0 "041_Group41" 0 0 0 0 0
CH164 C6.0 "042_Group42" 6 0 0 0 0
CH166 D6.0 "043_Group43" 0 0 0 0 0
CH168 E6.0 "044_Group44" 4 1 0 0 0
CH170 F6.0 "045_Group45" 1 7 0 0 0
CH172 G6.0 "046_Group46" 0 0 0 0 0
CH174 H6.0 "047_Group47" 0 5 1 0 0
CH192 A7.0 "048_Group48" 19 8 5 7 6
CH194 B7.0 "049_Group49" 25 7 4 9 6
CH196 C7.0 "050_Group50" 3 10 7 10 5
CH198 D7.0 "051_Group51" 7 7 2 2 7
CH200 E7.0 "052_Group52" 0 9 1 6 11
CH202 F7.0 "053_Group53" 17 19 10 4 6
CH204 G7.0 "054_Group54" 8 7 8 5 3
CH206 H7.0 "055_Group55" 13 2 8 9 4
CH224 A8.0 "056_Group56" 21 16 9 14 11
CH226 B8.0 "057_Group57" 27 21 17 19 8
CH228 C8.0 "058_Group58" 15 13 6 4 4
CH230 D8.0 "059_Group59" 10 25 21 18 6
CH232 E8.0 "060_Group60" 11 10 15 17 11
CH234 F8.0 "061_Group61" 25 12 17 11 11
CH236 G8.0 "062_Group62" 19 7 11 11 9
CH238 H8.0 "063_Group63" 29 13 11 15 10
CH256 A9.0 "064_Group64" 20 23 31 27 29
CH258 B9.0 "065_Group65" 24 26 32 23 19
CH260 C9.0 "066_Group66" 40 29 19 21 18
CH262 D9.0 "067_Group67" 24 24 31 25 21
CH264 E9.0 "068_Group68" 26 30 30 26 6
CH266 F9.0 "069_Group69" 16 14 13 4 6
CH268 G9.0 "070_Group70" 16 13 13 14 11
CH270 H9.0 "071_Group71" 11 18 24 11 20
CH288 A10.0 "072_Group72" 18 11 8 8 2
CH290 B10.0 "073_Group73" 16 1 6 1 5
CH292 C10.0 "074_Group74" 11 12 6 10 7
CH294 D10.0 "075_Group75" 6 12 10 4 0
CH296 E10.0 "076_Group76" 5 0 0 6 0
CH298 F10.0 "077_Group77" 12 6 3 12 0
CH300 G10.0 "078_Group78" 3 11 17 10 1
CH302 H10.0 "079_Group79" 2 0 0 0 0
CH320 A11.0 "080_Group80" 29 13 18 18 16
CH322 B11.0 "081_Group81" 30 18 14 1 9
CH324 C11.0 "082_Group82" 21 13 10 5 6
CH326 D11.0 "083_Group83" 18 10 5 9 14
CH328 E11.0 "084_Group84" 7 8 2 4 1
CH330 F11.0 "085_Group85" 19 10 9 11 6
CH332 G11.0 "086_Group86" 18 6 5 9 7
CH334 H11.0 "087_Group87" 0 1 0 0 0
CH352 A12.0 "088_Group88" 10 2 0 3 0
CH354 B12.0 "089_Group89" 21 11 1 9 7
CH356 C12.0 "090_Group90" 16 2 7 0 3
CH358 D12.0 "091_Group91" 6 2 2 1 0
CH360 E12.0 "092_Group92" 1 5 4 0 0
CH362 F12.0 "093_Group93" 27 5 4 6 9
CH364 G12.0 "094_Group94" 8 5 1 2 0
CH366 H12.0 "095_Group95" 16 2 4 2 0
