"DATE:" "2/6/2015 9:02:59 AM"
"FILE:" "C:\Users\AndersenLab\Desktop\wmicrotracker\p00011\20150206_0851"
"SUBPROJECT:" "20150206_Longevity_3_3mgmL"

"<<<<<< Group Activity: Average Activity Counts per Data Interval>>>>>>"
Group/Time[m] 2 4 6 8 10
"000_Group0" 5 10 13 0 7
"001_Group1" 4 10 2 0 0
"002_Group2" 0 0 4 0 0
"003_Group3" 0 7 5 8 12
"004_Group4" 0 0 0 1 0
"005_Group5" 10 6 4 8 5
"006_Group6" 12 2 7 1 0
"007_Group7" 3 1 12 5 2
"008_Group8" 21 26 17 25 13
"009_Group9" 17 24 26 18 20
"010_Group10" 23 20 18 19 16
"011_Group11" 12 13 9 5 10
"012_Group12" 10 9 7 2 7
"013_Group13" 12 21 31 17 16
"014_Group14" 10 20 23 25 6
"015_Group15" 13 19 21 28 15
"016_Group16" 0 4 0 2 0
"017_Group17" 2 2 5 1 1
"018_Group18" 5 6 9 7 0
"019_Group19" 7 4 5 0 4
"020_Group20" 3 7 0 0 0
"021_Group21" 4 0 0 5 2
"022_Group22" 1 1 3 0 0
"023_Group23" 0 0 0 0 0
"024_Group24" 35 8 7 16 22
"025_Group25" 32 21 19 15 11
"026_Group26" 24 35 20 17 9
"027_Group27" 14 13 20 15 22
"028_Group28" 7 8 3 6 4
"029_Group29" 12 9 9 4 10
"030_Group30" 4 11 8 8 5
"031_Group31" 22 31 28 15 7
"032_Group32" 17 10 13 4 3
"033_Group33" 3 11 0 0 0
"034_Group34" 10 11 6 6 0
"035_Group35" 9 2 5 0 5
"036_Group36" 6 8 10 4 6
"037_Group37" 17 2 0 8 15
"038_Group38" 9 6 7 0 4
"039_Group39" 4 7 3 0 0
"040_Group40" 1 0 1 0 0
"041_Group41" 0 0 0 0 0
"042_Group42" 5 2 2 0 2
"043_Group43" 0 0 0 0 0
"044_Group44" 0 2 0 0 0
"045_Group45" 0 0 0 0 3
"046_Group46" 0 0 0 0 0
"047_Group47" 0 4 7 0 0
"048_Group48" 19 24 9 2 9
"049_Group49" 12 15 14 4 4
"050_Group50" 13 9 6 7 14
"051_Group51" 14 15 23 15 11
"052_Group52" 16 8 10 7 8
"053_Group53" 16 16 14 18 20
"054_Group54" 8 13 14 12 10
"055_Group55" 14 14 8 8 11
"056_Group56" 20 16 24 16 6
"057_Group57" 10 11 8 5 12
"058_Group58" 17 8 12 8 6
"059_Group59" 37 20 11 13 14
"060_Group60" 18 9 18 7 12
"061_Group61" 12 9 19 14 17
"062_Group62" 19 23 7 12 10
"063_Group63" 11 13 17 10 15
"064_Group64" 19 29 27 29 28
"065_Group65" 13 18 26 25 15
"066_Group66" 14 24 19 33 17
"067_Group67" 9 14 25 35 7
"068_Group68" 14 24 26 19 11
"069_Group69" 26 23 26 25 31
"070_Group70" 17 31 23 29 12
"071_Group71" 16 27 15 27 26
"072_Group72" 12 8 5 2 2
"073_Group73" 4 12 0 8 0
"074_Group74" 12 23 2 5 7
"075_Group75" 3 7 10 6 0
"076_Group76" 4 4 4 0 0
"077_Group77" 6 6 1 4 1
"078_Group78" 22 11 6 8 1
"079_Group79" 12 16 9 0 2
"080_Group80" 12 6 18 12 5
"081_Group81" 12 16 9 4 8
"082_Group82" 21 11 14 7 4
"083_Group83" 27 6 13 11 16
"084_Group84" 15 12 14 5 10
"085_Group85" 25 10 18 14 7
"086_Group86" 12 11 10 11 17
"087_Group87" 12 13 10 13 9
"088_Group88" 5 7 16 0 0
"089_Group89" 1 0 0 0 5
"090_Group90" 0 0 1 1 1
"091_Group91" 4 3 7 7 0
"092_Group92" 0 3 0 1 1
"093_Group93" 4 14 4 5 1
"094_Group94" 2 0 1 1 1
"095_Group95" 2 1 2 0 0

"<<<<<< Group Activity: Number of wells/group >>>>>>"
Group/Time[m] 2 4 6 8 10
"000_Group0" 1 1 1 1 1
"001_Group1" 1 1 1 1 1
"002_Group2" 1 1 1 1 1
"003_Group3" 1 1 1 1 1
"004_Group4" 1 1 1 1 1
"005_Group5" 1 1 1 1 1
"006_Group6" 1 1 1 1 1
"007_Group7" 1 1 1 1 1
"008_Group8" 1 1 1 1 1
"009_Group9" 1 1 1 1 1
"010_Group10" 1 1 1 1 1
"011_Group11" 1 1 1 1 1
"012_Group12" 1 1 1 1 1
"013_Group13" 1 1 1 1 1
"014_Group14" 1 1 1 1 1
"015_Group15" 1 1 1 1 1
"016_Group16" 1 1 1 1 1
"017_Group17" 1 1 1 1 1
"018_Group18" 1 1 1 1 1
"019_Group19" 1 1 1 1 1
"020_Group20" 1 1 1 1 1
"021_Group21" 1 1 1 1 1
"022_Group22" 1 1 1 1 1
"023_Group23" 1 1 1 1 1
"024_Group24" 1 1 1 1 1
"025_Group25" 1 1 1 1 1
"026_Group26" 1 1 1 1 1
"027_Group27" 1 1 1 1 1
"028_Group28" 1 1 1 1 1
"029_Group29" 1 1 1 1 1
"030_Group30" 1 1 1 1 1
"031_Group31" 1 1 1 1 1
"032_Group32" 1 1 1 1 1
"033_Group33" 1 1 1 1 1
"034_Group34" 1 1 1 1 1
"035_Group35" 1 1 1 1 1
"036_Group36" 1 1 1 1 1
"037_Group37" 1 1 1 1 1
"038_Group38" 1 1 1 1 1
"039_Group39" 1 1 1 1 1
"040_Group40" 1 1 1 1 1
"041_Group41" 1 1 1 1 1
"042_Group42" 1 1 1 1 1
"043_Group43" 1 1 1 1 1
"044_Group44" 1 1 1 1 1
"045_Group45" 1 1 1 1 1
"046_Group46" 1 1 1 1 1
"047_Group47" 1 1 1 1 1
"048_Group48" 1 1 1 1 1
"049_Group49" 1 1 1 1 1
"050_Group50" 1 1 1 1 1
"051_Group51" 1 1 1 1 1
"052_Group52" 1 1 1 1 1
"053_Group53" 1 1 1 1 1
"054_Group54" 1 1 1 1 1
"055_Group55" 1 1 1 1 1
"056_Group56" 1 1 1 1 1
"057_Group57" 1 1 1 1 1
"058_Group58" 1 1 1 1 1
"059_Group59" 1 1 1 1 1
"060_Group60" 1 1 1 1 1
"061_Group61" 1 1 1 1 1
"062_Group62" 1 1 1 1 1
"063_Group63" 1 1 1 1 1
"064_Group64" 1 1 1 1 1
"065_Group65" 1 1 1 1 1
"066_Group66" 1 1 1 1 1
"067_Group67" 1 1 1 1 1
"068_Group68" 1 1 1 1 1
"069_Group69" 1 1 1 1 1
"070_Group70" 1 1 1 1 1
"071_Group71" 1 1 1 1 1
"072_Group72" 1 1 1 1 1
"073_Group73" 1 1 1 1 1
"074_Group74" 1 1 1 1 1
"075_Group75" 1 1 1 1 1
"076_Group76" 1 1 1 1 1
"077_Group77" 1 1 1 1 1
"078_Group78" 1 1 1 1 1
"079_Group79" 1 1 1 1 1
"080_Group80" 1 1 1 1 1
"081_Group81" 1 1 1 1 1
"082_Group82" 1 1 1 1 1
"083_Group83" 1 1 1 1 1
"084_Group84" 1 1 1 1 1
"085_Group85" 1 1 1 1 1
"086_Group86" 1 1 1 1 1
"087_Group87" 1 1 1 1 1
"088_Group88" 1 1 1 1 1
"089_Group89" 1 1 1 1 1
"090_Group90" 1 1 1 1 1
"091_Group91" 1 1 1 1 1
"092_Group92" 1 1 1 1 1
"093_Group93" 1 1 1 1 1
"094_Group94" 1 1 1 1 1
"095_Group95" 1 1 1 1 1

"<<<<<< Number of Samples per Acquisition Interval [1unit=500values] >>>>>>"
Time[m] 2 4 6 8 10 
#Samples 2 2 2 2 2 

"<<<<<< Average Temperature [°C] >>>>>>"
Time[m] 2 4 6 8 10 
Temp[°C] 21.8 21.8 21.8 21.8 21.8 

"<<<<<< Well Activity >>>>>>"
Well Group/Time[m] 2 4 6 8 10
A1 "000_Group0" 5 10 13 0 7
B1 "001_Group1" 4 10 2 0 0
C1 "002_Group2" 0 0 4 0 0
D1 "003_Group3" 0 7 5 8 12
E1 "004_Group4" 0 0 0 1 0
F1 "005_Group5" 10 6 4 8 5
G1 "006_Group6" 12 2 7 1 0
H1 "007_Group7" 3 1 12 5 2
A2 "008_Group8" 21 26 17 25 13
B2 "009_Group9" 17 24 26 18 20
C2 "010_Group10" 23 20 18 19 16
D2 "011_Group11" 12 13 9 5 10
E2 "012_Group12" 10 9 7 2 7
F2 "013_Group13" 12 21 31 17 16
G2 "014_Group14" 10 20 23 25 6
H2 "015_Group15" 13 19 21 28 15
A3 "016_Group16" 0 4 0 2 0
B3 "017_Group17" 2 2 5 1 1
C3 "018_Group18" 5 6 9 7 0
D3 "019_Group19" 7 4 5 0 4
E3 "020_Group20" 3 7 0 0 0
F3 "021_Group21" 4 0 0 5 2
G3 "022_Group22" 1 1 3 0 0
H3 "023_Group23" 0 0 0 0 0
A4 "024_Group24" 35 8 7 16 22
B4 "025_Group25" 32 21 19 15 11
C4 "026_Group26" 24 35 20 17 9
D4 "027_Group27" 14 13 20 15 22
E4 "028_Group28" 7 8 3 6 4
F4 "029_Group29" 12 9 9 4 10
G4 "030_Group30" 4 11 8 8 5
H4 "031_Group31" 22 31 28 15 7
A5 "032_Group32" 17 10 13 4 3
B5 "033_Group33" 3 11 0 0 0
C5 "034_Group34" 10 11 6 6 0
D5 "035_Group35" 9 2 5 0 5
E5 "036_Group36" 6 8 10 4 6
F5 "037_Group37" 17 2 0 8 15
G5 "038_Group38" 9 6 7 0 4
H5 "039_Group39" 4 7 3 0 0
A6 "040_Group40" 1 0 1 0 0
B6 "041_Group41" 0 0 0 0 0
C6 "042_Group42" 5 2 2 0 2
D6 "043_Group43" 0 0 0 0 0
E6 "044_Group44" 0 2 0 0 0
F6 "045_Group45" 0 0 0 0 3
G6 "046_Group46" 0 0 0 0 0
H6 "047_Group47" 0 4 7 0 0
A7 "048_Group48" 19 24 9 2 9
B7 "049_Group49" 12 15 14 4 4
C7 "050_Group50" 13 9 6 7 14
D7 "051_Group51" 14 15 23 15 11
E7 "052_Group52" 16 8 10 7 8
F7 "053_Group53" 16 16 14 18 20
G7 "054_Group54" 8 13 14 12 10
H7 "055_Group55" 14 14 8 8 11
A8 "056_Group56" 20 16 24 16 6
B8 "057_Group57" 10 11 8 5 12
C8 "058_Group58" 17 8 12 8 6
D8 "059_Group59" 37 20 11 13 14
E8 "060_Group60" 18 9 18 7 12
F8 "061_Group61" 12 9 19 14 17
G8 "062_Group62" 19 23 7 12 10
H8 "063_Group63" 11 13 17 10 15
A9 "064_Group64" 19 29 27 29 28
B9 "065_Group65" 13 18 26 25 15
C9 "066_Group66" 14 24 19 33 17
D9 "067_Group67" 9 14 25 35 7
E9 "068_Group68" 14 24 26 19 11
F9 "069_Group69" 26 23 26 25 31
G9 "070_Group70" 17 31 23 29 12
H9 "071_Group71" 16 27 15 27 26
A10 "072_Group72" 12 8 5 2 2
B10 "073_Group73" 4 12 0 8 0
C10 "074_Group74" 12 23 2 5 7
D10 "075_Group75" 3 7 10 6 0
E10 "076_Group76" 4 4 4 0 0
F10 "077_Group77" 6 6 1 4 1
G10 "078_Group78" 22 11 6 8 1
H10 "079_Group79" 12 16 9 0 2
A11 "080_Group80" 12 6 18 12 5
B11 "081_Group81" 12 16 9 4 8
C11 "082_Group82" 21 11 14 7 4
D11 "083_Group83" 27 6 13 11 16
E11 "084_Group84" 15 12 14 5 10
F11 "085_Group85" 25 10 18 14 7
G11 "086_Group86" 12 11 10 11 17
H11 "087_Group87" 12 13 10 13 9
A12 "088_Group88" 5 7 16 0 0
B12 "089_Group89" 1 0 0 0 5
C12 "090_Group90" 0 0 1 1 1
D12 "091_Group91" 4 3 7 7 0
E12 "092_Group92" 0 3 0 1 1
F12 "093_Group93" 4 14 4 5 1
G12 "094_Group94" 2 0 1 1 1
H12 "095_Group95" 2 1 2 0 0

"<<<<<< Channel Activity >>>>>>"
Channel Well Group/Time[m] 2 4 6 8 10
CH0 A1.0 "000_Group0" 5 10 13 0 7
CH2 B1.0 "001_Group1" 4 10 2 0 0
CH4 C1.0 "002_Group2" 0 0 4 0 0
CH6 D1.0 "003_Group3" 0 7 5 8 12
CH8 E1.0 "004_Group4" 0 0 0 1 0
CH10 F1.0 "005_Group5" 10 6 4 8 5
CH12 G1.0 "006_Group6" 12 2 7 1 0
CH14 H1.0 "007_Group7" 3 1 12 5 2
CH32 A2.0 "008_Group8" 21 26 17 25 13
CH34 B2.0 "009_Group9" 17 24 26 18 20
CH36 C2.0 "010_Group10" 23 20 18 19 16
CH38 D2.0 "011_Group11" 12 13 9 5 10
CH40 E2.0 "012_Group12" 10 9 7 2 7
CH42 F2.0 "013_Group13" 12 21 31 17 16
CH44 G2.0 "014_Group14" 10 20 23 25 6
CH46 H2.0 "015_Group15" 13 19 21 28 15
CH64 A3.0 "016_Group16" 0 4 0 2 0
CH66 B3.0 "017_Group17" 2 2 5 1 1
CH68 C3.0 "018_Group18" 5 6 9 7 0
CH70 D3.0 "019_Group19" 7 4 5 0 4
CH72 E3.0 "020_Group20" 3 7 0 0 0
CH74 F3.0 "021_Group21" 4 0 0 5 2
CH76 G3.0 "022_Group22" 1 1 3 0 0
CH78 H3.0 "023_Group23" 0 0 0 0 0
CH96 A4.0 "024_Group24" 35 8 7 16 22
CH98 B4.0 "025_Group25" 32 21 19 15 11
CH100 C4.0 "026_Group26" 24 35 20 17 9
CH102 D4.0 "027_Group27" 14 13 20 15 22
CH104 E4.0 "028_Group28" 7 8 3 6 4
CH106 F4.0 "029_Group29" 12 9 9 4 10
CH108 G4.0 "030_Group30" 4 11 8 8 5
CH110 H4.0 "031_Group31" 22 31 28 15 7
CH128 A5.0 "032_Group32" 17 10 13 4 3
CH130 B5.0 "033_Group33" 3 11 0 0 0
CH132 C5.0 "034_Group34" 10 11 6 6 0
CH134 D5.0 "035_Group35" 9 2 5 0 5
CH136 E5.0 "036_Group36" 6 8 10 4 6
CH138 F5.0 "037_Group37" 17 2 0 8 15
CH140 G5.0 "038_Group38" 9 6 7 0 4
CH142 H5.0 "039_Group39" 4 7 3 0 0
CH160 A6.0 "040_Group40" 1 0 1 0 0
CH162 B6.0 "041_Group41" 0 0 0 0 0
CH164 C6.0 "042_Group42" 5 2 2 0 2
CH166 D6.0 "043_Group43" 0 0 0 0 0
CH168 E6.0 "044_Group44" 0 2 0 0 0
CH170 F6.0 "045_Group45" 0 0 0 0 3
CH172 G6.0 "046_Group46" 0 0 0 0 0
CH174 H6.0 "047_Group47" 0 4 7 0 0
CH192 A7.0 "048_Group48" 19 24 9 2 9
CH194 B7.0 "049_Group49" 12 15 14 4 4
CH196 C7.0 "050_Group50" 13 9 6 7 14
CH198 D7.0 "051_Group51" 14 15 23 15 11
CH200 E7.0 "052_Group52" 16 8 10 7 8
CH202 F7.0 "053_Group53" 16 16 14 18 20
CH204 G7.0 "054_Group54" 8 13 14 12 10
CH206 H7.0 "055_Group55" 14 14 8 8 11
CH224 A8.0 "056_Group56" 20 16 24 16 6
CH226 B8.0 "057_Group57" 10 11 8 5 12
CH228 C8.0 "058_Group58" 17 8 12 8 6
CH230 D8.0 "059_Group59" 37 20 11 13 14
CH232 E8.0 "060_Group60" 18 9 18 7 12
CH234 F8.0 "061_Group61" 12 9 19 14 17
CH236 G8.0 "062_Group62" 19 23 7 12 10
CH238 H8.0 "063_Group63" 11 13 17 10 15
CH256 A9.0 "064_Group64" 19 29 27 29 28
CH258 B9.0 "065_Group65" 13 18 26 25 15
CH260 C9.0 "066_Group66" 14 24 19 33 17
CH262 D9.0 "067_Group67" 9 14 25 35 7
CH264 E9.0 "068_Group68" 14 24 26 19 11
CH266 F9.0 "069_Group69" 26 23 26 25 31
CH268 G9.0 "070_Group70" 17 31 23 29 12
CH270 H9.0 "071_Group71" 16 27 15 27 26
CH288 A10.0 "072_Group72" 12 8 5 2 2
CH290 B10.0 "073_Group73" 4 12 0 8 0
CH292 C10.0 "074_Group74" 12 23 2 5 7
CH294 D10.0 "075_Group75" 3 7 10 6 0
CH296 E10.0 "076_Group76" 4 4 4 0 0
CH298 F10.0 "077_Group77" 6 6 1 4 1
CH300 G10.0 "078_Group78" 22 11 6 8 1
CH302 H10.0 "079_Group79" 12 16 9 0 2
CH320 A11.0 "080_Group80" 12 6 18 12 5
CH322 B11.0 "081_Group81" 12 16 9 4 8
CH324 C11.0 "082_Group82" 21 11 14 7 4
CH326 D11.0 "083_Group83" 27 6 13 11 16
CH328 E11.0 "084_Group84" 15 12 14 5 10
CH330 F11.0 "085_Group85" 25 10 18 14 7
CH332 G11.0 "086_Group86" 12 11 10 11 17
CH334 H11.0 "087_Group87" 12 13 10 13 9
CH352 A12.0 "088_Group88" 5 7 16 0 0
CH354 B12.0 "089_Group89" 1 0 0 0 5
CH356 C12.0 "090_Group90" 0 0 1 1 1
CH358 D12.0 "091_Group91" 4 3 7 7 0
CH360 E12.0 "092_Group92" 0 3 0 1 1
CH362 F12.0 "093_Group93" 4 14 4 5 1
CH364 G12.0 "094_Group94" 2 0 1 1 1
CH366 H12.0 "095_Group95" 2 1 2 0 0
