"DATE:" "2/4/2015 9:03:03 AM"
"FILE:" "C:\Users\AndersenLab\Desktop\wmicrotracker\p00011\20150204_0850"
"SUBPROJECT:" "20150204_Longevity_3_3mgmL"

"<<<<<< Group Activity: Average Activity Counts per Data Interval>>>>>>"
Group/Time[m] 2 4 6 8 10
"000_Group0" 14 20 8 12 11
"001_Group1" 18 15 14 23 11
"002_Group2" 7 2 15 4 8
"003_Group3" 3 7 7 4 2
"004_Group4" 3 3 2 6 6
"005_Group5" 13 9 7 12 12
"006_Group6" 6 8 1 4 4
"007_Group7" 15 8 9 10 3
"008_Group8" 12 8 12 17 8
"009_Group9" 20 32 26 7 11
"010_Group10" 24 15 8 6 7
"011_Group11" 11 9 9 14 22
"012_Group12" 12 11 14 8 7
"013_Group13" 13 10 13 11 7
"014_Group14" 33 18 12 10 14
"015_Group15" 5 18 11 6 10
"016_Group16" 7 8 6 5 8
"017_Group17" 7 14 6 7 1
"018_Group18" 19 17 10 7 8
"019_Group19" 8 16 8 12 17
"020_Group20" 13 7 6 6 9
"021_Group21" 2 3 1 0 0
"022_Group22" 11 8 8 3 0
"023_Group23" 2 3 4 0 0
"024_Group24" 21 14 9 8 12
"025_Group25" 12 10 3 9 6
"026_Group26" 11 7 8 10 8
"027_Group27" 25 30 15 32 11
"028_Group28" 21 10 10 6 15
"029_Group29" 19 31 35 17 15
"030_Group30" 11 7 4 9 12
"031_Group31" 17 28 24 25 8
"032_Group32" 11 9 9 12 10
"033_Group33" 19 22 7 5 5
"034_Group34" 25 17 15 18 2
"035_Group35" 21 27 16 15 24
"036_Group36" 17 12 11 10 9
"037_Group37" 19 18 12 3 17
"038_Group38" 15 9 6 3 6
"039_Group39" 25 29 16 16 7
"040_Group40" 0 4 6 2 3
"041_Group41" 3 1 0 12 0
"042_Group42" 5 6 9 11 9
"043_Group43" 0 0 1 1 1
"044_Group44" 9 2 0 3 0
"045_Group45" 2 0 2 13 4
"046_Group46" 0 5 1 5 0
"047_Group47" 7 17 15 5 12
"048_Group48" 18 22 16 19 10
"049_Group49" 13 7 40 21 5
"050_Group50" 30 12 13 10 13
"051_Group51" 19 8 11 14 11
"052_Group52" 15 8 8 16 11
"053_Group53" 13 9 7 6 7
"054_Group54" 21 30 25 17 11
"055_Group55" 27 17 21 11 10
"056_Group56" 12 11 9 9 13
"057_Group57" 20 10 14 13 5
"058_Group58" 17 11 9 10 13
"059_Group59" 30 9 12 11 8
"060_Group60" 24 27 10 11 14
"061_Group61" 42 26 10 18 18
"062_Group62" 25 13 10 12 17
"063_Group63" 47 38 23 15 11
"064_Group64" 9 11 23 19 19
"065_Group65" 12 38 28 19 16
"066_Group66" 19 22 21 14 19
"067_Group67" 13 18 24 29 15
"068_Group68" 23 18 16 23 23
"069_Group69" 18 13 13 12 10
"070_Group70" 15 30 18 38 14
"071_Group71" 16 27 18 17 22
"072_Group72" 15 17 4 5 0
"073_Group73" 2 9 8 0 1
"074_Group74" 13 12 14 8 11
"075_Group75" 6 16 12 0 3
"076_Group76" 12 14 9 0 9
"077_Group77" 18 23 11 13 1
"078_Group78" 23 20 22 12 2
"079_Group79" 13 11 9 5 0
"080_Group80" 33 9 4 12 20
"081_Group81" 9 12 8 10 21
"082_Group82" 12 12 12 12 6
"083_Group83" 24 26 13 10 14
"084_Group84" 19 12 12 15 11
"085_Group85" 12 9 13 13 10
"086_Group86" 18 12 11 12 7
"087_Group87" 9 16 12 6 6
"088_Group88" 0 0 5 1 0
"089_Group89" 1 1 0 0 1
"090_Group90" 5 2 3 9 0
"091_Group91" 7 3 4 5 0
"092_Group92" 1 0 0 0 0
"093_Group93" 2 4 4 4 2
"094_Group94" 0 4 6 3 4
"095_Group95" 0 3 0 4 1

"<<<<<< Group Activity: Number of wells/group >>>>>>"
Group/Time[m] 2 4 6 8 10
"000_Group0" 1 1 1 1 1
"001_Group1" 1 1 1 1 1
"002_Group2" 1 1 1 1 1
"003_Group3" 1 1 1 1 1
"004_Group4" 1 1 1 1 1
"005_Group5" 1 1 1 1 1
"006_Group6" 1 1 1 1 1
"007_Group7" 1 1 1 1 1
"008_Group8" 1 1 1 1 1
"009_Group9" 1 1 1 1 1
"010_Group10" 1 1 1 1 1
"011_Group11" 1 1 1 1 1
"012_Group12" 1 1 1 1 1
"013_Group13" 1 1 1 1 1
"014_Group14" 1 1 1 1 1
"015_Group15" 1 1 1 1 1
"016_Group16" 1 1 1 1 1
"017_Group17" 1 1 1 1 1
"018_Group18" 1 1 1 1 1
"019_Group19" 1 1 1 1 1
"020_Group20" 1 1 1 1 1
"021_Group21" 1 1 1 1 1
"022_Group22" 1 1 1 1 1
"023_Group23" 1 1 1 1 1
"024_Group24" 1 1 1 1 1
"025_Group25" 1 1 1 1 1
"026_Group26" 1 1 1 1 1
"027_Group27" 1 1 1 1 1
"028_Group28" 1 1 1 1 1
"029_Group29" 1 1 1 1 1
"030_Group30" 1 1 1 1 1
"031_Group31" 1 1 1 1 1
"032_Group32" 1 1 1 1 1
"033_Group33" 1 1 1 1 1
"034_Group34" 1 1 1 1 1
"035_Group35" 1 1 1 1 1
"036_Group36" 1 1 1 1 1
"037_Group37" 1 1 1 1 1
"038_Group38" 1 1 1 1 1
"039_Group39" 1 1 1 1 1
"040_Group40" 1 1 1 1 1
"041_Group41" 1 1 1 1 1
"042_Group42" 1 1 1 1 1
"043_Group43" 1 1 1 1 1
"044_Group44" 1 1 1 1 1
"045_Group45" 1 1 1 1 1
"046_Group46" 1 1 1 1 1
"047_Group47" 1 1 1 1 1
"048_Group48" 1 1 1 1 1
"049_Group49" 1 1 1 1 1
"050_Group50" 1 1 1 1 1
"051_Group51" 1 1 1 1 1
"052_Group52" 1 1 1 1 1
"053_Group53" 1 1 1 1 1
"054_Group54" 1 1 1 1 1
"055_Group55" 1 1 1 1 1
"056_Group56" 1 1 1 1 1
"057_Group57" 1 1 1 1 1
"058_Group58" 1 1 1 1 1
"059_Group59" 1 1 1 1 1
"060_Group60" 1 1 1 1 1
"061_Group61" 1 1 1 1 1
"062_Group62" 1 1 1 1 1
"063_Group63" 1 1 1 1 1
"064_Group64" 1 1 1 1 1
"065_Group65" 1 1 1 1 1
"066_Group66" 1 1 1 1 1
"067_Group67" 1 1 1 1 1
"068_Group68" 1 1 1 1 1
"069_Group69" 1 1 1 1 1
"070_Group70" 1 1 1 1 1
"071_Group71" 1 1 1 1 1
"072_Group72" 1 1 1 1 1
"073_Group73" 1 1 1 1 1
"074_Group74" 1 1 1 1 1
"075_Group75" 1 1 1 1 1
"076_Group76" 1 1 1 1 1
"077_Group77" 1 1 1 1 1
"078_Group78" 1 1 1 1 1
"079_Group79" 1 1 1 1 1
"080_Group80" 1 1 1 1 1
"081_Group81" 1 1 1 1 1
"082_Group82" 1 1 1 1 1
"083_Group83" 1 1 1 1 1
"084_Group84" 1 1 1 1 1
"085_Group85" 1 1 1 1 1
"086_Group86" 1 1 1 1 1
"087_Group87" 1 1 1 1 1
"088_Group88" 1 1 1 1 1
"089_Group89" 1 1 1 1 1
"090_Group90" 1 1 1 1 1
"091_Group91" 1 1 1 1 1
"092_Group92" 1 1 1 1 1
"093_Group93" 1 1 1 1 1
"094_Group94" 1 1 1 1 1
"095_Group95" 1 1 1 1 1

"<<<<<< Number of Samples per Acquisition Interval [1unit=500values] >>>>>>"
Time[m] 2 4 6 8 10 
#Samples 2 2 2 2 2 

"<<<<<< Average Temperature [°C] >>>>>>"
Time[m] 2 4 6 8 10 
Temp[°C] 21.8 22.0 22.0 22.0 22.0 

"<<<<<< Well Activity >>>>>>"
Well Group/Time[m] 2 4 6 8 10
A1 "000_Group0" 14 20 8 12 11
B1 "001_Group1" 18 15 14 23 11
C1 "002_Group2" 7 2 15 4 8
D1 "003_Group3" 3 7 7 4 2
E1 "004_Group4" 3 3 2 6 6
F1 "005_Group5" 13 9 7 12 12
G1 "006_Group6" 6 8 1 4 4
H1 "007_Group7" 15 8 9 10 3
A2 "008_Group8" 12 8 12 17 8
B2 "009_Group9" 20 32 26 7 11
C2 "010_Group10" 24 15 8 6 7
D2 "011_Group11" 11 9 9 14 22
E2 "012_Group12" 12 11 14 8 7
F2 "013_Group13" 13 10 13 11 7
G2 "014_Group14" 33 18 12 10 14
H2 "015_Group15" 5 18 11 6 10
A3 "016_Group16" 7 8 6 5 8
B3 "017_Group17" 7 14 6 7 1
C3 "018_Group18" 19 17 10 7 8
D3 "019_Group19" 8 16 8 12 17
E3 "020_Group20" 13 7 6 6 9
F3 "021_Group21" 2 3 1 0 0
G3 "022_Group22" 11 8 8 3 0
H3 "023_Group23" 2 3 4 0 0
A4 "024_Group24" 21 14 9 8 12
B4 "025_Group25" 12 10 3 9 6
C4 "026_Group26" 11 7 8 10 8
D4 "027_Group27" 25 30 15 32 11
E4 "028_Group28" 21 10 10 6 15
F4 "029_Group29" 19 31 35 17 15
G4 "030_Group30" 11 7 4 9 12
H4 "031_Group31" 17 28 24 25 8
A5 "032_Group32" 11 9 9 12 10
B5 "033_Group33" 19 22 7 5 5
C5 "034_Group34" 25 17 15 18 2
D5 "035_Group35" 21 27 16 15 24
E5 "036_Group36" 17 12 11 10 9
F5 "037_Group37" 19 18 12 3 17
G5 "038_Group38" 15 9 6 3 6
H5 "039_Group39" 25 29 16 16 7
A6 "040_Group40" 0 4 6 2 3
B6 "041_Group41" 3 1 0 12 0
C6 "042_Group42" 5 6 9 11 9
D6 "043_Group43" 0 0 1 1 1
E6 "044_Group44" 9 2 0 3 0
F6 "045_Group45" 2 0 2 13 4
G6 "046_Group46" 0 5 1 5 0
H6 "047_Group47" 7 17 15 5 12
A7 "048_Group48" 18 22 16 19 10
B7 "049_Group49" 13 7 40 21 5
C7 "050_Group50" 30 12 13 10 13
D7 "051_Group51" 19 8 11 14 11
E7 "052_Group52" 15 8 8 16 11
F7 "053_Group53" 13 9 7 6 7
G7 "054_Group54" 21 30 25 17 11
H7 "055_Group55" 27 17 21 11 10
A8 "056_Group56" 12 11 9 9 13
B8 "057_Group57" 20 10 14 13 5
C8 "058_Group58" 17 11 9 10 13
D8 "059_Group59" 30 9 12 11 8
E8 "060_Group60" 24 27 10 11 14
F8 "061_Group61" 42 26 10 18 18
G8 "062_Group62" 25 13 10 12 17
H8 "063_Group63" 47 38 23 15 11
A9 "064_Group64" 9 11 23 19 19
B9 "065_Group65" 12 38 28 19 16
C9 "066_Group66" 19 22 21 14 19
D9 "067_Group67" 13 18 24 29 15
E9 "068_Group68" 23 18 16 23 23
F9 "069_Group69" 18 13 13 12 10
G9 "070_Group70" 15 30 18 38 14
H9 "071_Group71" 16 27 18 17 22
A10 "072_Group72" 15 17 4 5 0
B10 "073_Group73" 2 9 8 0 1
C10 "074_Group74" 13 12 14 8 11
D10 "075_Group75" 6 16 12 0 3
E10 "076_Group76" 12 14 9 0 9
F10 "077_Group77" 18 23 11 13 1
G10 "078_Group78" 23 20 22 12 2
H10 "079_Group79" 13 11 9 5 0
A11 "080_Group80" 33 9 4 12 20
B11 "081_Group81" 9 12 8 10 21
C11 "082_Group82" 12 12 12 12 6
D11 "083_Group83" 24 26 13 10 14
E11 "084_Group84" 19 12 12 15 11
F11 "085_Group85" 12 9 13 13 10
G11 "086_Group86" 18 12 11 12 7
H11 "087_Group87" 9 16 12 6 6
A12 "088_Group88" 0 0 5 1 0
B12 "089_Group89" 1 1 0 0 1
C12 "090_Group90" 5 2 3 9 0
D12 "091_Group91" 7 3 4 5 0
E12 "092_Group92" 1 0 0 0 0
F12 "093_Group93" 2 4 4 4 2
G12 "094_Group94" 0 4 6 3 4
H12 "095_Group95" 0 3 0 4 1

"<<<<<< Channel Activity >>>>>>"
Channel Well Group/Time[m] 2 4 6 8 10
CH0 A1.0 "000_Group0" 14 20 8 12 11
CH2 B1.0 "001_Group1" 18 15 14 23 11
CH4 C1.0 "002_Group2" 7 2 15 4 8
CH6 D1.0 "003_Group3" 3 7 7 4 2
CH8 E1.0 "004_Group4" 3 3 2 6 6
CH10 F1.0 "005_Group5" 13 9 7 12 12
CH12 G1.0 "006_Group6" 6 8 1 4 4
CH14 H1.0 "007_Group7" 15 8 9 10 3
CH32 A2.0 "008_Group8" 12 8 12 17 8
CH34 B2.0 "009_Group9" 20 32 26 7 11
CH36 C2.0 "010_Group10" 24 15 8 6 7
CH38 D2.0 "011_Group11" 11 9 9 14 22
CH40 E2.0 "012_Group12" 12 11 14 8 7
CH42 F2.0 "013_Group13" 13 10 13 11 7
CH44 G2.0 "014_Group14" 33 18 12 10 14
CH46 H2.0 "015_Group15" 5 18 11 6 10
CH64 A3.0 "016_Group16" 7 8 6 5 8
CH66 B3.0 "017_Group17" 7 14 6 7 1
CH68 C3.0 "018_Group18" 19 17 10 7 8
CH70 D3.0 "019_Group19" 8 16 8 12 17
CH72 E3.0 "020_Group20" 13 7 6 6 9
CH74 F3.0 "021_Group21" 2 3 1 0 0
CH76 G3.0 "022_Group22" 11 8 8 3 0
CH78 H3.0 "023_Group23" 2 3 4 0 0
CH96 A4.0 "024_Group24" 21 14 9 8 12
CH98 B4.0 "025_Group25" 12 10 3 9 6
CH100 C4.0 "026_Group26" 11 7 8 10 8
CH102 D4.0 "027_Group27" 25 30 15 32 11
CH104 E4.0 "028_Group28" 21 10 10 6 15
CH106 F4.0 "029_Group29" 19 31 35 17 15
CH108 G4.0 "030_Group30" 11 7 4 9 12
CH110 H4.0 "031_Group31" 17 28 24 25 8
CH128 A5.0 "032_Group32" 11 9 9 12 10
CH130 B5.0 "033_Group33" 19 22 7 5 5
CH132 C5.0 "034_Group34" 25 17 15 18 2
CH134 D5.0 "035_Group35" 21 27 16 15 24
CH136 E5.0 "036_Group36" 17 12 11 10 9
CH138 F5.0 "037_Group37" 19 18 12 3 17
CH140 G5.0 "038_Group38" 15 9 6 3 6
CH142 H5.0 "039_Group39" 25 29 16 16 7
CH160 A6.0 "040_Group40" 0 4 6 2 3
CH162 B6.0 "041_Group41" 3 1 0 12 0
CH164 C6.0 "042_Group42" 5 6 9 11 9
CH166 D6.0 "043_Group43" 0 0 1 1 1
CH168 E6.0 "044_Group44" 9 2 0 3 0
CH170 F6.0 "045_Group45" 2 0 2 13 4
CH172 G6.0 "046_Group46" 0 5 1 5 0
CH174 H6.0 "047_Group47" 7 17 15 5 12
CH192 A7.0 "048_Group48" 18 22 16 19 10
CH194 B7.0 "049_Group49" 13 7 40 21 5
CH196 C7.0 "050_Group50" 30 12 13 10 13
CH198 D7.0 "051_Group51" 19 8 11 14 11
CH200 E7.0 "052_Group52" 15 8 8 16 11
CH202 F7.0 "053_Group53" 13 9 7 6 7
CH204 G7.0 "054_Group54" 21 30 25 17 11
CH206 H7.0 "055_Group55" 27 17 21 11 10
CH224 A8.0 "056_Group56" 12 11 9 9 13
CH226 B8.0 "057_Group57" 20 10 14 13 5
CH228 C8.0 "058_Group58" 17 11 9 10 13
CH230 D8.0 "059_Group59" 30 9 12 11 8
CH232 E8.0 "060_Group60" 24 27 10 11 14
CH234 F8.0 "061_Group61" 42 26 10 18 18
CH236 G8.0 "062_Group62" 25 13 10 12 17
CH238 H8.0 "063_Group63" 47 38 23 15 11
CH256 A9.0 "064_Group64" 9 11 23 19 19
CH258 B9.0 "065_Group65" 12 38 28 19 16
CH260 C9.0 "066_Group66" 19 22 21 14 19
CH262 D9.0 "067_Group67" 13 18 24 29 15
CH264 E9.0 "068_Group68" 23 18 16 23 23
CH266 F9.0 "069_Group69" 18 13 13 12 10
CH268 G9.0 "070_Group70" 15 30 18 38 14
CH270 H9.0 "071_Group71" 16 27 18 17 22
CH288 A10.0 "072_Group72" 15 17 4 5 0
CH290 B10.0 "073_Group73" 2 9 8 0 1
CH292 C10.0 "074_Group74" 13 12 14 8 11
CH294 D10.0 "075_Group75" 6 16 12 0 3
CH296 E10.0 "076_Group76" 12 14 9 0 9
CH298 F10.0 "077_Group77" 18 23 11 13 1
CH300 G10.0 "078_Group78" 23 20 22 12 2
CH302 H10.0 "079_Group79" 13 11 9 5 0
CH320 A11.0 "080_Group80" 33 9 4 12 20
CH322 B11.0 "081_Group81" 9 12 8 10 21
CH324 C11.0 "082_Group82" 12 12 12 12 6
CH326 D11.0 "083_Group83" 24 26 13 10 14
CH328 E11.0 "084_Group84" 19 12 12 15 11
CH330 F11.0 "085_Group85" 12 9 13 13 10
CH332 G11.0 "086_Group86" 18 12 11 12 7
CH334 H11.0 "087_Group87" 9 16 12 6 6
CH352 A12.0 "088_Group88" 0 0 5 1 0
CH354 B12.0 "089_Group89" 1 1 0 0 1
CH356 C12.0 "090_Group90" 5 2 3 9 0
CH358 D12.0 "091_Group91" 7 3 4 5 0
CH360 E12.0 "092_Group92" 1 0 0 0 0
CH362 F12.0 "093_Group93" 2 4 4 4 2
CH364 G12.0 "094_Group94" 0 4 6 3 4
CH366 H12.0 "095_Group95" 0 3 0 4 1
