"DATE:" "1/27/2015 9:21:57 AM"
"FILE:" "C:\Users\AndersenLab\Desktop\wmicrotracker\p00011\20150127_0910"
"SUBPROJECT:" "20150127_Longevity_2_3mgmL"

"<<<<<< Group Activity: Average Activity Counts per Data Interval>>>>>>"
Group/Time[m] 2 4 6 8 10
"000_Group0" 8 10 4 1 6
"001_Group1" 0 0 0 0 0
"002_Group2" 0 0 0 0 0
"003_Group3" 1 2 6 1 0
"004_Group4" 1 2 6 5 6
"005_Group5" 0 0 0 0 0
"006_Group6" 0 0 0 0 0
"007_Group7" 0 0 1 0 0
"008_Group8" 1 1 2 0 0
"009_Group9" 4 0 6 0 1
"010_Group10" 7 3 3 1 3
"011_Group11" 9 11 14 9 6
"012_Group12" 3 0 1 0 0
"013_Group13" 5 1 0 4 1
"014_Group14" 0 0 0 0 0
"015_Group15" 0 3 1 0 1
"016_Group16" 11 25 19 5 7
"017_Group17" 21 21 41 31 20
"018_Group18" 18 36 27 18 15
"019_Group19" 16 41 22 21 11
"020_Group20" 24 22 38 39 35
"021_Group21" 9 26 37 29 10
"022_Group22" 22 45 35 36 24
"023_Group23" 19 46 37 36 22
"024_Group24" 14 14 3 5 3
"025_Group25" 0 0 0 0 0
"026_Group26" 9 4 1 2 1
"027_Group27" 0 0 0 0 1
"028_Group28" 0 0 0 0 0
"029_Group29" 1 4 0 4 0
"030_Group30" 2 0 0 0 0
"031_Group31" 0 0 0 0 0
"032_Group32" 9 11 8 14 7
"033_Group33" 10 9 13 13 19
"034_Group34" 12 16 23 15 17
"035_Group35" 15 23 14 15 16
"036_Group36" 16 9 10 13 13
"037_Group37" 15 39 36 23 15
"038_Group38" 15 29 25 30 19
"039_Group39" 20 24 17 26 22
"040_Group40" 0 0 0 0 0
"041_Group41" 0 0 0 0 0
"042_Group42" 0 0 0 0 0
"043_Group43" 8 2 1 0 0
"044_Group44" 0 0 0 0 0
"045_Group45" 1 0 0 0 0
"046_Group46" 0 0 0 0 0
"047_Group47" 0 0 0 0 0
"048_Group48" 7 5 2 0 0
"049_Group49" 0 0 0 0 0
"050_Group50" 5 4 7 0 0
"051_Group51" 5 0 0 4 0
"052_Group52" 0 0 0 0 0
"053_Group53" 1 1 0 0 1
"054_Group54" 3 0 0 0 0
"055_Group55" 0 2 5 0 0
"056_Group56" 21 11 7 22 13
"057_Group57" 18 14 13 15 13
"058_Group58" 10 12 10 16 12
"059_Group59" 18 9 13 9 13
"060_Group60" 18 12 12 10 12
"061_Group61" 15 12 7 10 10
"062_Group62" 14 15 14 20 13
"063_Group63" 17 17 15 14 8
"064_Group64" 12 17 24 21 29
"065_Group65" 22 39 20 17 22
"066_Group66" 11 19 13 12 14
"067_Group67" 23 33 41 21 23
"068_Group68" 18 36 31 25 15
"069_Group69" 2 20 20 14 18
"070_Group70" 18 30 26 16 21
"071_Group71" 23 37 28 38 28
"072_Group72" 11 17 11 7 8
"073_Group73" 18 16 16 13 19
"074_Group74" 28 24 19 23 23
"075_Group75" 22 11 10 8 10
"076_Group76" 11 29 42 38 16
"077_Group77" 15 16 14 27 14
"078_Group78" 6 15 18 11 11
"079_Group79" 16 22 10 14 10
"080_Group80" 11 13 21 12 25
"081_Group81" 14 14 14 11 11
"082_Group82" 18 14 11 9 11
"083_Group83" 17 12 9 11 21
"084_Group84" 14 10 12 12 16
"085_Group85" 8 15 9 12 29
"086_Group86" 16 14 11 10 6
"087_Group87" 13 13 7 11 19
"088_Group88" 2 0 3 3 0
"089_Group89" 0 0 0 0 0
"090_Group90" 4 5 0 0 0
"091_Group91" 2 2 0 1 0
"092_Group92" 1 0 0 0 0
"093_Group93" 2 0 0 0 0
"094_Group94" 7 6 1 1 0
"095_Group95" 0 0 0 0 0

"<<<<<< Group Activity: Number of wells/group >>>>>>"
Group/Time[m] 2 4 6 8 10
"000_Group0" 1 1 1 1 1
"001_Group1" 1 1 1 1 1
"002_Group2" 1 1 1 1 1
"003_Group3" 1 1 1 1 1
"004_Group4" 1 1 1 1 1
"005_Group5" 1 1 1 1 1
"006_Group6" 1 1 1 1 1
"007_Group7" 1 1 1 1 1
"008_Group8" 1 1 1 1 1
"009_Group9" 1 1 1 1 1
"010_Group10" 1 1 1 1 1
"011_Group11" 1 1 1 1 1
"012_Group12" 1 1 1 1 1
"013_Group13" 1 1 1 1 1
"014_Group14" 1 1 1 1 1
"015_Group15" 1 1 1 1 1
"016_Group16" 1 1 1 1 1
"017_Group17" 1 1 1 1 1
"018_Group18" 1 1 1 1 1
"019_Group19" 1 1 1 1 1
"020_Group20" 1 1 1 1 1
"021_Group21" 1 1 1 1 1
"022_Group22" 1 1 1 1 1
"023_Group23" 1 1 1 1 1
"024_Group24" 1 1 1 1 1
"025_Group25" 1 1 1 1 1
"026_Group26" 1 1 1 1 1
"027_Group27" 1 1 1 1 1
"028_Group28" 1 1 1 1 1
"029_Group29" 1 1 1 1 1
"030_Group30" 1 1 1 1 1
"031_Group31" 1 1 1 1 1
"032_Group32" 1 1 1 1 1
"033_Group33" 1 1 1 1 1
"034_Group34" 1 1 1 1 1
"035_Group35" 1 1 1 1 1
"036_Group36" 1 1 1 1 1
"037_Group37" 1 1 1 1 1
"038_Group38" 1 1 1 1 1
"039_Group39" 1 1 1 1 1
"040_Group40" 1 1 1 1 1
"041_Group41" 1 1 1 1 1
"042_Group42" 1 1 1 1 1
"043_Group43" 1 1 1 1 1
"044_Group44" 1 1 1 1 1
"045_Group45" 1 1 1 1 1
"046_Group46" 1 1 1 1 1
"047_Group47" 1 1 1 1 1
"048_Group48" 1 1 1 1 1
"049_Group49" 1 1 1 1 1
"050_Group50" 1 1 1 1 1
"051_Group51" 1 1 1 1 1
"052_Group52" 1 1 1 1 1
"053_Group53" 1 1 1 1 1
"054_Group54" 1 1 1 1 1
"055_Group55" 1 1 1 1 1
"056_Group56" 1 1 1 1 1
"057_Group57" 1 1 1 1 1
"058_Group58" 1 1 1 1 1
"059_Group59" 1 1 1 1 1
"060_Group60" 1 1 1 1 1
"061_Group61" 1 1 1 1 1
"062_Group62" 1 1 1 1 1
"063_Group63" 1 1 1 1 1
"064_Group64" 1 1 1 1 1
"065_Group65" 1 1 1 1 1
"066_Group66" 1 1 1 1 1
"067_Group67" 1 1 1 1 1
"068_Group68" 1 1 1 1 1
"069_Group69" 1 1 1 1 1
"070_Group70" 1 1 1 1 1
"071_Group71" 1 1 1 1 1
"072_Group72" 1 1 1 1 1
"073_Group73" 1 1 1 1 1
"074_Group74" 1 1 1 1 1
"075_Group75" 1 1 1 1 1
"076_Group76" 1 1 1 1 1
"077_Group77" 1 1 1 1 1
"078_Group78" 1 1 1 1 1
"079_Group79" 1 1 1 1 1
"080_Group80" 1 1 1 1 1
"081_Group81" 1 1 1 1 1
"082_Group82" 1 1 1 1 1
"083_Group83" 1 1 1 1 1
"084_Group84" 1 1 1 1 1
"085_Group85" 1 1 1 1 1
"086_Group86" 1 1 1 1 1
"087_Group87" 1 1 1 1 1
"088_Group88" 1 1 1 1 1
"089_Group89" 1 1 1 1 1
"090_Group90" 1 1 1 1 1
"091_Group91" 1 1 1 1 1
"092_Group92" 1 1 1 1 1
"093_Group93" 1 1 1 1 1
"094_Group94" 1 1 1 1 1
"095_Group95" 1 1 1 1 1

"<<<<<< Number of Samples per Acquisition Interval [1unit=500values] >>>>>>"
Time[m] 2 4 6 8 10 
#Samples 2 2 2 2 2 

"<<<<<< Average Temperature [°C] >>>>>>"
Time[m] 2 4 6 8 10 
Temp[°C] 21.6 21.6 21.6 21.6 21.6 

"<<<<<< Well Activity >>>>>>"
Well Group/Time[m] 2 4 6 8 10
A1 "000_Group0" 8 10 4 1 6
B1 "001_Group1" 0 0 0 0 0
C1 "002_Group2" 0 0 0 0 0
D1 "003_Group3" 1 2 6 1 0
E1 "004_Group4" 1 2 6 5 6
F1 "005_Group5" 0 0 0 0 0
G1 "006_Group6" 0 0 0 0 0
H1 "007_Group7" 0 0 1 0 0
A2 "008_Group8" 1 1 2 0 0
B2 "009_Group9" 4 0 6 0 1
C2 "010_Group10" 7 3 3 1 3
D2 "011_Group11" 9 11 14 9 6
E2 "012_Group12" 3 0 1 0 0
F2 "013_Group13" 5 1 0 4 1
G2 "014_Group14" 0 0 0 0 0
H2 "015_Group15" 0 3 1 0 1
A3 "016_Group16" 11 25 19 5 7
B3 "017_Group17" 21 21 41 31 20
C3 "018_Group18" 18 36 27 18 15
D3 "019_Group19" 16 41 22 21 11
E3 "020_Group20" 24 22 38 39 35
F3 "021_Group21" 9 26 37 29 10
G3 "022_Group22" 22 45 35 36 24
H3 "023_Group23" 19 46 37 36 22
A4 "024_Group24" 14 14 3 5 3
B4 "025_Group25" 0 0 0 0 0
C4 "026_Group26" 9 4 1 2 1
D4 "027_Group27" 0 0 0 0 1
E4 "028_Group28" 0 0 0 0 0
F4 "029_Group29" 1 4 0 4 0
G4 "030_Group30" 2 0 0 0 0
H4 "031_Group31" 0 0 0 0 0
A5 "032_Group32" 9 11 8 14 7
B5 "033_Group33" 10 9 13 13 19
C5 "034_Group34" 12 16 23 15 17
D5 "035_Group35" 15 23 14 15 16
E5 "036_Group36" 16 9 10 13 13
F5 "037_Group37" 15 39 36 23 15
G5 "038_Group38" 15 29 25 30 19
H5 "039_Group39" 20 24 17 26 22
A6 "040_Group40" 0 0 0 0 0
B6 "041_Group41" 0 0 0 0 0
C6 "042_Group42" 0 0 0 0 0
D6 "043_Group43" 8 2 1 0 0
E6 "044_Group44" 0 0 0 0 0
F6 "045_Group45" 1 0 0 0 0
G6 "046_Group46" 0 0 0 0 0
H6 "047_Group47" 0 0 0 0 0
A7 "048_Group48" 7 5 2 0 0
B7 "049_Group49" 0 0 0 0 0
C7 "050_Group50" 5 4 7 0 0
D7 "051_Group51" 5 0 0 4 0
E7 "052_Group52" 0 0 0 0 0
F7 "053_Group53" 1 1 0 0 1
G7 "054_Group54" 3 0 0 0 0
H7 "055_Group55" 0 2 5 0 0
A8 "056_Group56" 21 11 7 22 13
B8 "057_Group57" 18 14 13 15 13
C8 "058_Group58" 10 12 10 16 12
D8 "059_Group59" 18 9 13 9 13
E8 "060_Group60" 18 12 12 10 12
F8 "061_Group61" 15 12 7 10 10
G8 "062_Group62" 14 15 14 20 13
H8 "063_Group63" 17 17 15 14 8
A9 "064_Group64" 12 17 24 21 29
B9 "065_Group65" 22 39 20 17 22
C9 "066_Group66" 11 19 13 12 14
D9 "067_Group67" 23 33 41 21 23
E9 "068_Group68" 18 36 31 25 15
F9 "069_Group69" 2 20 20 14 18
G9 "070_Group70" 18 30 26 16 21
H9 "071_Group71" 23 37 28 38 28
A10 "072_Group72" 11 17 11 7 8
B10 "073_Group73" 18 16 16 13 19
C10 "074_Group74" 28 24 19 23 23
D10 "075_Group75" 22 11 10 8 10
E10 "076_Group76" 11 29 42 38 16
F10 "077_Group77" 15 16 14 27 14
G10 "078_Group78" 6 15 18 11 11
H10 "079_Group79" 16 22 10 14 10
A11 "080_Group80" 11 13 21 12 25
B11 "081_Group81" 14 14 14 11 11
C11 "082_Group82" 18 14 11 9 11
D11 "083_Group83" 17 12 9 11 21
E11 "084_Group84" 14 10 12 12 16
F11 "085_Group85" 8 15 9 12 29
G11 "086_Group86" 16 14 11 10 6
H11 "087_Group87" 13 13 7 11 19
A12 "088_Group88" 2 0 3 3 0
B12 "089_Group89" 0 0 0 0 0
C12 "090_Group90" 4 5 0 0 0
D12 "091_Group91" 2 2 0 1 0
E12 "092_Group92" 1 0 0 0 0
F12 "093_Group93" 2 0 0 0 0
G12 "094_Group94" 7 6 1 1 0
H12 "095_Group95" 0 0 0 0 0

"<<<<<< Channel Activity >>>>>>"
Channel Well Group/Time[m] 2 4 6 8 10
CH0 A1.0 "000_Group0" 8 10 4 1 6
CH2 B1.0 "001_Group1" 0 0 0 0 0
CH4 C1.0 "002_Group2" 0 0 0 0 0
CH6 D1.0 "003_Group3" 1 2 6 1 0
CH8 E1.0 "004_Group4" 1 2 6 5 6
CH10 F1.0 "005_Group5" 0 0 0 0 0
CH12 G1.0 "006_Group6" 0 0 0 0 0
CH14 H1.0 "007_Group7" 0 0 1 0 0
CH32 A2.0 "008_Group8" 1 1 2 0 0
CH34 B2.0 "009_Group9" 4 0 6 0 1
CH36 C2.0 "010_Group10" 7 3 3 1 3
CH38 D2.0 "011_Group11" 9 11 14 9 6
CH40 E2.0 "012_Group12" 3 0 1 0 0
CH42 F2.0 "013_Group13" 5 1 0 4 1
CH44 G2.0 "014_Group14" 0 0 0 0 0
CH46 H2.0 "015_Group15" 0 3 1 0 1
CH64 A3.0 "016_Group16" 11 25 19 5 7
CH66 B3.0 "017_Group17" 21 21 41 31 20
CH68 C3.0 "018_Group18" 18 36 27 18 15
CH70 D3.0 "019_Group19" 16 41 22 21 11
CH72 E3.0 "020_Group20" 24 22 38 39 35
CH74 F3.0 "021_Group21" 9 26 37 29 10
CH76 G3.0 "022_Group22" 22 45 35 36 24
CH78 H3.0 "023_Group23" 19 46 37 36 22
CH96 A4.0 "024_Group24" 14 14 3 5 3
CH98 B4.0 "025_Group25" 0 0 0 0 0
CH100 C4.0 "026_Group26" 9 4 1 2 1
CH102 D4.0 "027_Group27" 0 0 0 0 1
CH104 E4.0 "028_Group28" 0 0 0 0 0
CH106 F4.0 "029_Group29" 1 4 0 4 0
CH108 G4.0 "030_Group30" 2 0 0 0 0
CH110 H4.0 "031_Group31" 0 0 0 0 0
CH128 A5.0 "032_Group32" 9 11 8 14 7
CH130 B5.0 "033_Group33" 10 9 13 13 19
CH132 C5.0 "034_Group34" 12 16 23 15 17
CH134 D5.0 "035_Group35" 15 23 14 15 16
CH136 E5.0 "036_Group36" 16 9 10 13 13
CH138 F5.0 "037_Group37" 15 39 36 23 15
CH140 G5.0 "038_Group38" 15 29 25 30 19
CH142 H5.0 "039_Group39" 20 24 17 26 22
CH160 A6.0 "040_Group40" 0 0 0 0 0
CH162 B6.0 "041_Group41" 0 0 0 0 0
CH164 C6.0 "042_Group42" 0 0 0 0 0
CH166 D6.0 "043_Group43" 8 2 1 0 0
CH168 E6.0 "044_Group44" 0 0 0 0 0
CH170 F6.0 "045_Group45" 1 0 0 0 0
CH172 G6.0 "046_Group46" 0 0 0 0 0
CH174 H6.0 "047_Group47" 0 0 0 0 0
CH192 A7.0 "048_Group48" 7 5 2 0 0
CH194 B7.0 "049_Group49" 0 0 0 0 0
CH196 C7.0 "050_Group50" 5 4 7 0 0
CH198 D7.0 "051_Group51" 5 0 0 4 0
CH200 E7.0 "052_Group52" 0 0 0 0 0
CH202 F7.0 "053_Group53" 1 1 0 0 1
CH204 G7.0 "054_Group54" 3 0 0 0 0
CH206 H7.0 "055_Group55" 0 2 5 0 0
CH224 A8.0 "056_Group56" 21 11 7 22 13
CH226 B8.0 "057_Group57" 18 14 13 15 13
CH228 C8.0 "058_Group58" 10 12 10 16 12
CH230 D8.0 "059_Group59" 18 9 13 9 13
CH232 E8.0 "060_Group60" 18 12 12 10 12
CH234 F8.0 "061_Group61" 15 12 7 10 10
CH236 G8.0 "062_Group62" 14 15 14 20 13
CH238 H8.0 "063_Group63" 17 17 15 14 8
CH256 A9.0 "064_Group64" 12 17 24 21 29
CH258 B9.0 "065_Group65" 22 39 20 17 22
CH260 C9.0 "066_Group66" 11 19 13 12 14
CH262 D9.0 "067_Group67" 23 33 41 21 23
CH264 E9.0 "068_Group68" 18 36 31 25 15
CH266 F9.0 "069_Group69" 2 20 20 14 18
CH268 G9.0 "070_Group70" 18 30 26 16 21
CH270 H9.0 "071_Group71" 23 37 28 38 28
CH288 A10.0 "072_Group72" 11 17 11 7 8
CH290 B10.0 "073_Group73" 18 16 16 13 19
CH292 C10.0 "074_Group74" 28 24 19 23 23
CH294 D10.0 "075_Group75" 22 11 10 8 10
CH296 E10.0 "076_Group76" 11 29 42 38 16
CH298 F10.0 "077_Group77" 15 16 14 27 14
CH300 G10.0 "078_Group78" 6 15 18 11 11
CH302 H10.0 "079_Group79" 16 22 10 14 10
CH320 A11.0 "080_Group80" 11 13 21 12 25
CH322 B11.0 "081_Group81" 14 14 14 11 11
CH324 C11.0 "082_Group82" 18 14 11 9 11
CH326 D11.0 "083_Group83" 17 12 9 11 21
CH328 E11.0 "084_Group84" 14 10 12 12 16
CH330 F11.0 "085_Group85" 8 15 9 12 29
CH332 G11.0 "086_Group86" 16 14 11 10 6
CH334 H11.0 "087_Group87" 13 13 7 11 19
CH352 A12.0 "088_Group88" 2 0 3 3 0
CH354 B12.0 "089_Group89" 0 0 0 0 0
CH356 C12.0 "090_Group90" 4 5 0 0 0
CH358 D12.0 "091_Group91" 2 2 0 1 0
CH360 E12.0 "092_Group92" 1 0 0 0 0
CH362 F12.0 "093_Group93" 2 0 0 0 0
CH364 G12.0 "094_Group94" 7 6 1 1 0
CH366 H12.0 "095_Group95" 0 0 0 0 0
