"DATE:" "2/10/2015 8:43:42 AM"
"FILE:" "C:\Users\AndersenLab\Desktop\wmicrotracker\p00011\20150210_0832"
"SUBPROJECT:" "20150210_Longevity_3_2mgmL"

"<<<<<< Group Activity: Average Activity Counts per Data Interval>>>>>>"
Group/Time[m] 2 4 6 8 10
"000_Group0" 4 11 19 15 0
"001_Group1" 17 16 11 8 7
"002_Group2" 5 16 10 8 8
"003_Group3" 4 13 13 4 8
"004_Group4" 16 10 5 0 7
"005_Group5" 23 21 9 5 3
"006_Group6" 18 20 11 9 4
"007_Group7" 17 6 3 11 5
"008_Group8" 13 10 14 6 3
"009_Group9" 11 14 14 12 12
"010_Group10" 8 24 18 22 12
"011_Group11" 8 15 15 6 5
"012_Group12" 4 26 30 14 24
"013_Group13" 15 16 29 10 4
"014_Group14" 8 14 13 22 14
"015_Group15" 20 23 27 14 5
"016_Group16" 0 0 5 6 5
"017_Group17" 6 0 5 10 13
"018_Group18" 11 7 8 6 14
"019_Group19" 8 16 6 9 4
"020_Group20" 8 3 3 1 3
"021_Group21" 0 0 0 0 0
"022_Group22" 8 5 6 1 0
"023_Group23" 14 0 2 0 0
"024_Group24" 17 13 8 3 19
"025_Group25" 7 9 5 4 3
"026_Group26" 7 24 9 6 10
"027_Group27" 17 20 12 7 11
"028_Group28" 21 22 16 6 1
"029_Group29" 22 20 2 7 2
"030_Group30" 19 20 13 9 4
"031_Group31" 11 14 11 3 0
"032_Group32" 17 29 34 18 5
"033_Group33" 13 18 16 7 9
"034_Group34" 16 17 23 14 30
"035_Group35" 17 22 23 9 5
"036_Group36" 33 29 27 11 3
"037_Group37" 17 26 17 22 9
"038_Group38" 26 23 26 20 1
"039_Group39" 11 28 26 22 14
"040_Group40" 0 0 0 0 0
"041_Group41" 5 2 0 0 0
"042_Group42" 0 0 0 0 0
"043_Group43" 0 2 0 9 1
"044_Group44" 0 0 0 0 0
"045_Group45" 5 2 2 12 6
"046_Group46" 0 0 0 0 0
"047_Group47" 3 0 0 0 0
"048_Group48" 12 11 15 12 6
"049_Group49" 14 9 11 24 11
"050_Group50" 14 10 3 5 8
"051_Group51" 27 15 10 8 7
"052_Group52" 13 8 3 7 0
"053_Group53" 17 14 8 8 3
"054_Group54" 15 0 7 6 5
"055_Group55" 19 9 20 10 16
"056_Group56" 31 30 15 16 4
"057_Group57" 10 14 14 14 11
"058_Group58" 27 27 10 7 13
"059_Group59" 19 22 29 9 11
"060_Group60" 35 19 17 25 16
"061_Group61" 20 24 15 23 5
"062_Group62" 23 30 20 14 18
"063_Group63" 26 23 18 17 4
"064_Group64" 16 20 31 27 12
"065_Group65" 10 15 23 13 8
"066_Group66" 17 26 22 30 18
"067_Group67" 18 22 15 5 22
"068_Group68" 15 19 16 12 4
"069_Group69" 18 19 26 14 11
"070_Group70" 19 22 20 18 8
"071_Group71" 28 16 20 19 6
"072_Group72" 16 27 33 22 14
"073_Group73" 20 18 15 16 7
"074_Group74" 10 13 9 3 8
"075_Group75" 3 8 6 16 3
"076_Group76" 4 0 2 2 0
"077_Group77" 22 1 3 10 0
"078_Group78" 16 13 2 11 5
"079_Group79" 19 13 20 12 11
"080_Group80" 34 28 31 16 22
"081_Group81" 23 15 12 4 8
"082_Group82" 15 22 17 19 10
"083_Group83" 16 12 9 7 1
"084_Group84" 27 20 10 12 6
"085_Group85" 21 15 20 6 8
"086_Group86" 29 16 10 9 5
"087_Group87" 22 23 20 19 24
"088_Group88" 0 12 9 4 9
"089_Group89" 7 19 5 4 12
"090_Group90" 0 0 2 1 5
"091_Group91" 2 3 0 0 0
"092_Group92" 1 1 4 3 2
"093_Group93" 10 1 0 0 4
"094_Group94" 6 5 5 4 9
"095_Group95" 12 10 9 3 3

"<<<<<< Group Activity: Number of wells/group >>>>>>"
Group/Time[m] 2 4 6 8 10
"000_Group0" 1 1 1 1 1
"001_Group1" 1 1 1 1 1
"002_Group2" 1 1 1 1 1
"003_Group3" 1 1 1 1 1
"004_Group4" 1 1 1 1 1
"005_Group5" 1 1 1 1 1
"006_Group6" 1 1 1 1 1
"007_Group7" 1 1 1 1 1
"008_Group8" 1 1 1 1 1
"009_Group9" 1 1 1 1 1
"010_Group10" 1 1 1 1 1
"011_Group11" 1 1 1 1 1
"012_Group12" 1 1 1 1 1
"013_Group13" 1 1 1 1 1
"014_Group14" 1 1 1 1 1
"015_Group15" 1 1 1 1 1
"016_Group16" 1 1 1 1 1
"017_Group17" 1 1 1 1 1
"018_Group18" 1 1 1 1 1
"019_Group19" 1 1 1 1 1
"020_Group20" 1 1 1 1 1
"021_Group21" 1 1 1 1 1
"022_Group22" 1 1 1 1 1
"023_Group23" 1 1 1 1 1
"024_Group24" 1 1 1 1 1
"025_Group25" 1 1 1 1 1
"026_Group26" 1 1 1 1 1
"027_Group27" 1 1 1 1 1
"028_Group28" 1 1 1 1 1
"029_Group29" 1 1 1 1 1
"030_Group30" 1 1 1 1 1
"031_Group31" 1 1 1 1 1
"032_Group32" 1 1 1 1 1
"033_Group33" 1 1 1 1 1
"034_Group34" 1 1 1 1 1
"035_Group35" 1 1 1 1 1
"036_Group36" 1 1 1 1 1
"037_Group37" 1 1 1 1 1
"038_Group38" 1 1 1 1 1
"039_Group39" 1 1 1 1 1
"040_Group40" 1 1 1 1 1
"041_Group41" 1 1 1 1 1
"042_Group42" 1 1 1 1 1
"043_Group43" 1 1 1 1 1
"044_Group44" 1 1 1 1 1
"045_Group45" 1 1 1 1 1
"046_Group46" 1 1 1 1 1
"047_Group47" 1 1 1 1 1
"048_Group48" 1 1 1 1 1
"049_Group49" 1 1 1 1 1
"050_Group50" 1 1 1 1 1
"051_Group51" 1 1 1 1 1
"052_Group52" 1 1 1 1 1
"053_Group53" 1 1 1 1 1
"054_Group54" 1 1 1 1 1
"055_Group55" 1 1 1 1 1
"056_Group56" 1 1 1 1 1
"057_Group57" 1 1 1 1 1
"058_Group58" 1 1 1 1 1
"059_Group59" 1 1 1 1 1
"060_Group60" 1 1 1 1 1
"061_Group61" 1 1 1 1 1
"062_Group62" 1 1 1 1 1
"063_Group63" 1 1 1 1 1
"064_Group64" 1 1 1 1 1
"065_Group65" 1 1 1 1 1
"066_Group66" 1 1 1 1 1
"067_Group67" 1 1 1 1 1
"068_Group68" 1 1 1 1 1
"069_Group69" 1 1 1 1 1
"070_Group70" 1 1 1 1 1
"071_Group71" 1 1 1 1 1
"072_Group72" 1 1 1 1 1
"073_Group73" 1 1 1 1 1
"074_Group74" 1 1 1 1 1
"075_Group75" 1 1 1 1 1
"076_Group76" 1 1 1 1 1
"077_Group77" 1 1 1 1 1
"078_Group78" 1 1 1 1 1
"079_Group79" 1 1 1 1 1
"080_Group80" 1 1 1 1 1
"081_Group81" 1 1 1 1 1
"082_Group82" 1 1 1 1 1
"083_Group83" 1 1 1 1 1
"084_Group84" 1 1 1 1 1
"085_Group85" 1 1 1 1 1
"086_Group86" 1 1 1 1 1
"087_Group87" 1 1 1 1 1
"088_Group88" 1 1 1 1 1
"089_Group89" 1 1 1 1 1
"090_Group90" 1 1 1 1 1
"091_Group91" 1 1 1 1 1
"092_Group92" 1 1 1 1 1
"093_Group93" 1 1 1 1 1
"094_Group94" 1 1 1 1 1
"095_Group95" 1 1 1 1 1

"<<<<<< Number of Samples per Acquisition Interval [1unit=500values] >>>>>>"
Time[m] 2 4 6 8 10 
#Samples 2 2 2 2 2 

"<<<<<< Average Temperature [°C] >>>>>>"
Time[m] 2 4 6 8 10 
Temp[°C] 21.6 21.6 21.6 21.6 21.6 

"<<<<<< Well Activity >>>>>>"
Well Group/Time[m] 2 4 6 8 10
A1 "000_Group0" 4 11 19 15 0
B1 "001_Group1" 17 16 11 8 7
C1 "002_Group2" 5 16 10 8 8
D1 "003_Group3" 4 13 13 4 8
E1 "004_Group4" 16 10 5 0 7
F1 "005_Group5" 23 21 9 5 3
G1 "006_Group6" 18 20 11 9 4
H1 "007_Group7" 17 6 3 11 5
A2 "008_Group8" 13 10 14 6 3
B2 "009_Group9" 11 14 14 12 12
C2 "010_Group10" 8 24 18 22 12
D2 "011_Group11" 8 15 15 6 5
E2 "012_Group12" 4 26 30 14 24
F2 "013_Group13" 15 16 29 10 4
G2 "014_Group14" 8 14 13 22 14
H2 "015_Group15" 20 23 27 14 5
A3 "016_Group16" 0 0 5 6 5
B3 "017_Group17" 6 0 5 10 13
C3 "018_Group18" 11 7 8 6 14
D3 "019_Group19" 8 16 6 9 4
E3 "020_Group20" 8 3 3 1 3
F3 "021_Group21" 0 0 0 0 0
G3 "022_Group22" 8 5 6 1 0
H3 "023_Group23" 14 0 2 0 0
A4 "024_Group24" 17 13 8 3 19
B4 "025_Group25" 7 9 5 4 3
C4 "026_Group26" 7 24 9 6 10
D4 "027_Group27" 17 20 12 7 11
E4 "028_Group28" 21 22 16 6 1
F4 "029_Group29" 22 20 2 7 2
G4 "030_Group30" 19 20 13 9 4
H4 "031_Group31" 11 14 11 3 0
A5 "032_Group32" 17 29 34 18 5
B5 "033_Group33" 13 18 16 7 9
C5 "034_Group34" 16 17 23 14 30
D5 "035_Group35" 17 22 23 9 5
E5 "036_Group36" 33 29 27 11 3
F5 "037_Group37" 17 26 17 22 9
G5 "038_Group38" 26 23 26 20 1
H5 "039_Group39" 11 28 26 22 14
A6 "040_Group40" 0 0 0 0 0
B6 "041_Group41" 5 2 0 0 0
C6 "042_Group42" 0 0 0 0 0
D6 "043_Group43" 0 2 0 9 1
E6 "044_Group44" 0 0 0 0 0
F6 "045_Group45" 5 2 2 12 6
G6 "046_Group46" 0 0 0 0 0
H6 "047_Group47" 3 0 0 0 0
A7 "048_Group48" 12 11 15 12 6
B7 "049_Group49" 14 9 11 24 11
C7 "050_Group50" 14 10 3 5 8
D7 "051_Group51" 27 15 10 8 7
E7 "052_Group52" 13 8 3 7 0
F7 "053_Group53" 17 14 8 8 3
G7 "054_Group54" 15 0 7 6 5
H7 "055_Group55" 19 9 20 10 16
A8 "056_Group56" 31 30 15 16 4
B8 "057_Group57" 10 14 14 14 11
C8 "058_Group58" 27 27 10 7 13
D8 "059_Group59" 19 22 29 9 11
E8 "060_Group60" 35 19 17 25 16
F8 "061_Group61" 20 24 15 23 5
G8 "062_Group62" 23 30 20 14 18
H8 "063_Group63" 26 23 18 17 4
A9 "064_Group64" 16 20 31 27 12
B9 "065_Group65" 10 15 23 13 8
C9 "066_Group66" 17 26 22 30 18
D9 "067_Group67" 18 22 15 5 22
E9 "068_Group68" 15 19 16 12 4
F9 "069_Group69" 18 19 26 14 11
G9 "070_Group70" 19 22 20 18 8
H9 "071_Group71" 28 16 20 19 6
A10 "072_Group72" 16 27 33 22 14
B10 "073_Group73" 20 18 15 16 7
C10 "074_Group74" 10 13 9 3 8
D10 "075_Group75" 3 8 6 16 3
E10 "076_Group76" 4 0 2 2 0
F10 "077_Group77" 22 1 3 10 0
G10 "078_Group78" 16 13 2 11 5
H10 "079_Group79" 19 13 20 12 11
A11 "080_Group80" 34 28 31 16 22
B11 "081_Group81" 23 15 12 4 8
C11 "082_Group82" 15 22 17 19 10
D11 "083_Group83" 16 12 9 7 1
E11 "084_Group84" 27 20 10 12 6
F11 "085_Group85" 21 15 20 6 8
G11 "086_Group86" 29 16 10 9 5
H11 "087_Group87" 22 23 20 19 24
A12 "088_Group88" 0 12 9 4 9
B12 "089_Group89" 7 19 5 4 12
C12 "090_Group90" 0 0 2 1 5
D12 "091_Group91" 2 3 0 0 0
E12 "092_Group92" 1 1 4 3 2
F12 "093_Group93" 10 1 0 0 4
G12 "094_Group94" 6 5 5 4 9
H12 "095_Group95" 12 10 9 3 3

"<<<<<< Channel Activity >>>>>>"
Channel Well Group/Time[m] 2 4 6 8 10
CH0 A1.0 "000_Group0" 4 11 19 15 0
CH2 B1.0 "001_Group1" 17 16 11 8 7
CH4 C1.0 "002_Group2" 5 16 10 8 8
CH6 D1.0 "003_Group3" 4 13 13 4 8
CH8 E1.0 "004_Group4" 16 10 5 0 7
CH10 F1.0 "005_Group5" 23 21 9 5 3
CH12 G1.0 "006_Group6" 18 20 11 9 4
CH14 H1.0 "007_Group7" 17 6 3 11 5
CH32 A2.0 "008_Group8" 13 10 14 6 3
CH34 B2.0 "009_Group9" 11 14 14 12 12
CH36 C2.0 "010_Group10" 8 24 18 22 12
CH38 D2.0 "011_Group11" 8 15 15 6 5
CH40 E2.0 "012_Group12" 4 26 30 14 24
CH42 F2.0 "013_Group13" 15 16 29 10 4
CH44 G2.0 "014_Group14" 8 14 13 22 14
CH46 H2.0 "015_Group15" 20 23 27 14 5
CH64 A3.0 "016_Group16" 0 0 5 6 5
CH66 B3.0 "017_Group17" 6 0 5 10 13
CH68 C3.0 "018_Group18" 11 7 8 6 14
CH70 D3.0 "019_Group19" 8 16 6 9 4
CH72 E3.0 "020_Group20" 8 3 3 1 3
CH74 F3.0 "021_Group21" 0 0 0 0 0
CH76 G3.0 "022_Group22" 8 5 6 1 0
CH78 H3.0 "023_Group23" 14 0 2 0 0
CH96 A4.0 "024_Group24" 17 13 8 3 19
CH98 B4.0 "025_Group25" 7 9 5 4 3
CH100 C4.0 "026_Group26" 7 24 9 6 10
CH102 D4.0 "027_Group27" 17 20 12 7 11
CH104 E4.0 "028_Group28" 21 22 16 6 1
CH106 F4.0 "029_Group29" 22 20 2 7 2
CH108 G4.0 "030_Group30" 19 20 13 9 4
CH110 H4.0 "031_Group31" 11 14 11 3 0
CH128 A5.0 "032_Group32" 17 29 34 18 5
CH130 B5.0 "033_Group33" 13 18 16 7 9
CH132 C5.0 "034_Group34" 16 17 23 14 30
CH134 D5.0 "035_Group35" 17 22 23 9 5
CH136 E5.0 "036_Group36" 33 29 27 11 3
CH138 F5.0 "037_Group37" 17 26 17 22 9
CH140 G5.0 "038_Group38" 26 23 26 20 1
CH142 H5.0 "039_Group39" 11 28 26 22 14
CH160 A6.0 "040_Group40" 0 0 0 0 0
CH162 B6.0 "041_Group41" 5 2 0 0 0
CH164 C6.0 "042_Group42" 0 0 0 0 0
CH166 D6.0 "043_Group43" 0 2 0 9 1
CH168 E6.0 "044_Group44" 0 0 0 0 0
CH170 F6.0 "045_Group45" 5 2 2 12 6
CH172 G6.0 "046_Group46" 0 0 0 0 0
CH174 H6.0 "047_Group47" 3 0 0 0 0
CH192 A7.0 "048_Group48" 12 11 15 12 6
CH194 B7.0 "049_Group49" 14 9 11 24 11
CH196 C7.0 "050_Group50" 14 10 3 5 8
CH198 D7.0 "051_Group51" 27 15 10 8 7
CH200 E7.0 "052_Group52" 13 8 3 7 0
CH202 F7.0 "053_Group53" 17 14 8 8 3
CH204 G7.0 "054_Group54" 15 0 7 6 5
CH206 H7.0 "055_Group55" 19 9 20 10 16
CH224 A8.0 "056_Group56" 31 30 15 16 4
CH226 B8.0 "057_Group57" 10 14 14 14 11
CH228 C8.0 "058_Group58" 27 27 10 7 13
CH230 D8.0 "059_Group59" 19 22 29 9 11
CH232 E8.0 "060_Group60" 35 19 17 25 16
CH234 F8.0 "061_Group61" 20 24 15 23 5
CH236 G8.0 "062_Group62" 23 30 20 14 18
CH238 H8.0 "063_Group63" 26 23 18 17 4
CH256 A9.0 "064_Group64" 16 20 31 27 12
CH258 B9.0 "065_Group65" 10 15 23 13 8
CH260 C9.0 "066_Group66" 17 26 22 30 18
CH262 D9.0 "067_Group67" 18 22 15 5 22
CH264 E9.0 "068_Group68" 15 19 16 12 4
CH266 F9.0 "069_Group69" 18 19 26 14 11
CH268 G9.0 "070_Group70" 19 22 20 18 8
CH270 H9.0 "071_Group71" 28 16 20 19 6
CH288 A10.0 "072_Group72" 16 27 33 22 14
CH290 B10.0 "073_Group73" 20 18 15 16 7
CH292 C10.0 "074_Group74" 10 13 9 3 8
CH294 D10.0 "075_Group75" 3 8 6 16 3
CH296 E10.0 "076_Group76" 4 0 2 2 0
CH298 F10.0 "077_Group77" 22 1 3 10 0
CH300 G10.0 "078_Group78" 16 13 2 11 5
CH302 H10.0 "079_Group79" 19 13 20 12 11
CH320 A11.0 "080_Group80" 34 28 31 16 22
CH322 B11.0 "081_Group81" 23 15 12 4 8
CH324 C11.0 "082_Group82" 15 22 17 19 10
CH326 D11.0 "083_Group83" 16 12 9 7 1
CH328 E11.0 "084_Group84" 27 20 10 12 6
CH330 F11.0 "085_Group85" 21 15 20 6 8
CH332 G11.0 "086_Group86" 29 16 10 9 5
CH334 H11.0 "087_Group87" 22 23 20 19 24
CH352 A12.0 "088_Group88" 0 12 9 4 9
CH354 B12.0 "089_Group89" 7 19 5 4 12
CH356 C12.0 "090_Group90" 0 0 2 1 5
CH358 D12.0 "091_Group91" 2 3 0 0 0
CH360 E12.0 "092_Group92" 1 1 4 3 2
CH362 F12.0 "093_Group93" 10 1 0 0 4
CH364 G12.0 "094_Group94" 6 5 5 4 9
CH366 H12.0 "095_Group95" 12 10 9 3 3
