"DATE:" "2/2/2015 8:26:31 AM"
"FILE:" "C:\Users\AndersenLab\Desktop\wmicrotracker\p00011\20150202_0815"
"SUBPROJECT:" "20150202_Longevity_3_2mgmL"

"<<<<<< Group Activity: Average Activity Counts per Data Interval>>>>>>"
Group/Time[m] 2 4 6 8 10
"000_Group0" 11 15 21 22 33
"001_Group1" 22 35 45 16 17
"002_Group2" 27 25 36 39 8
"003_Group3" 33 20 20 26 18
"004_Group4" 6 4 2 11 1
"005_Group5" 25 26 35 20 9
"006_Group6" 33 17 23 28 18
"007_Group7" 34 29 37 27 14
"008_Group8" 34 31 39 34 29
"009_Group9" 13 19 14 27 30
"010_Group10" 22 38 31 30 24
"011_Group11" 16 34 37 36 30
"012_Group12" 23 30 34 28 29
"013_Group13" 33 26 25 35 33
"014_Group14" 29 36 43 33 24
"015_Group15" 34 28 23 36 37
"016_Group16" 22 35 31 9 15
"017_Group17" 34 33 17 10 10
"018_Group18" 37 20 32 18 15
"019_Group19" 24 30 35 21 15
"020_Group20" 22 21 13 25 29
"021_Group21" 22 7 10 27 16
"022_Group22" 11 16 17 20 4
"023_Group23" 17 11 10 5 6
"024_Group24" 45 42 15 16 5
"025_Group25" 44 35 24 12 13
"026_Group26" 24 44 41 40 29
"027_Group27" 15 15 13 8 7
"028_Group28" 37 16 21 23 10
"029_Group29" 33 43 16 22 20
"030_Group30" 53 48 44 37 21
"031_Group31" 45 38 15 21 27
"032_Group32" 46 38 34 26 10
"033_Group33" 25 16 11 4 0
"034_Group34" 35 29 19 17 24
"035_Group35" 39 34 42 14 19
"036_Group36" 23 24 36 10 9
"037_Group37" 15 18 10 9 6
"038_Group38" 40 31 27 11 12
"039_Group39" 2 5 7 2 8
"040_Group40" 33 21 18 11 9
"041_Group41" 7 3 7 5 0
"042_Group42" 24 27 11 5 6
"043_Group43" 24 23 29 12 9
"044_Group44" 25 27 16 11 11
"045_Group45" 15 11 15 8 9
"046_Group46" 24 22 21 17 7
"047_Group47" 24 16 7 17 12
"048_Group48" 41 41 12 19 11
"049_Group49" 29 9 17 6 12
"050_Group50" 34 21 9 6 22
"051_Group51" 34 27 15 20 18
"052_Group52" 11 9 7 4 12
"053_Group53" 41 40 21 11 24
"054_Group54" 52 21 29 26 7
"055_Group55" 47 41 26 11 9
"056_Group56" 19 16 18 10 9
"057_Group57" 26 10 9 13 13
"058_Group58" 9 13 20 12 10
"059_Group59" 23 13 18 11 10
"060_Group60" 48 30 8 19 17
"061_Group61" 39 32 21 9 13
"062_Group62" 45 15 14 21 17
"063_Group63" 42 35 28 9 5
"064_Group64" 43 43 36 19 18
"065_Group65" 25 34 25 35 26
"066_Group66" 34 45 37 37 20
"067_Group67" 25 41 36 30 25
"068_Group68" 40 37 20 14 14
"069_Group69" 44 49 26 22 28
"070_Group70" 32 45 33 32 12
"071_Group71" 47 51 22 35 13
"072_Group72" 40 37 27 29 5
"073_Group73" 44 30 33 41 25
"074_Group74" 40 60 28 29 21
"075_Group75" 23 18 31 8 12
"076_Group76" 20 24 12 4 0
"077_Group77" 35 18 22 7 19
"078_Group78" 31 25 22 20 3
"079_Group79" 30 33 26 10 11
"080_Group80" 14 13 14 16 14
"081_Group81" 35 9 8 10 12
"082_Group82" 13 15 8 7 13
"083_Group83" 21 8 19 11 11
"084_Group84" 27 10 10 8 10
"085_Group85" 32 24 26 20 20
"086_Group86" 22 13 11 8 6
"087_Group87" 24 11 8 4 9
"088_Group88" 36 13 15 16 18
"089_Group89" 10 6 15 1 2
"090_Group90" 34 7 19 20 7
"091_Group91" 15 23 6 11 5
"092_Group92" 24 17 12 13 0
"093_Group93" 37 23 24 9 12
"094_Group94" 27 10 9 2 2
"095_Group95" 44 10 10 14 11

"<<<<<< Group Activity: Number of wells/group >>>>>>"
Group/Time[m] 2 4 6 8 10
"000_Group0" 1 1 1 1 1
"001_Group1" 1 1 1 1 1
"002_Group2" 1 1 1 1 1
"003_Group3" 1 1 1 1 1
"004_Group4" 1 1 1 1 1
"005_Group5" 1 1 1 1 1
"006_Group6" 1 1 1 1 1
"007_Group7" 1 1 1 1 1
"008_Group8" 1 1 1 1 1
"009_Group9" 1 1 1 1 1
"010_Group10" 1 1 1 1 1
"011_Group11" 1 1 1 1 1
"012_Group12" 1 1 1 1 1
"013_Group13" 1 1 1 1 1
"014_Group14" 1 1 1 1 1
"015_Group15" 1 1 1 1 1
"016_Group16" 1 1 1 1 1
"017_Group17" 1 1 1 1 1
"018_Group18" 1 1 1 1 1
"019_Group19" 1 1 1 1 1
"020_Group20" 1 1 1 1 1
"021_Group21" 1 1 1 1 1
"022_Group22" 1 1 1 1 1
"023_Group23" 1 1 1 1 1
"024_Group24" 1 1 1 1 1
"025_Group25" 1 1 1 1 1
"026_Group26" 1 1 1 1 1
"027_Group27" 1 1 1 1 1
"028_Group28" 1 1 1 1 1
"029_Group29" 1 1 1 1 1
"030_Group30" 1 1 1 1 1
"031_Group31" 1 1 1 1 1
"032_Group32" 1 1 1 1 1
"033_Group33" 1 1 1 1 1
"034_Group34" 1 1 1 1 1
"035_Group35" 1 1 1 1 1
"036_Group36" 1 1 1 1 1
"037_Group37" 1 1 1 1 1
"038_Group38" 1 1 1 1 1
"039_Group39" 1 1 1 1 1
"040_Group40" 1 1 1 1 1
"041_Group41" 1 1 1 1 1
"042_Group42" 1 1 1 1 1
"043_Group43" 1 1 1 1 1
"044_Group44" 1 1 1 1 1
"045_Group45" 1 1 1 1 1
"046_Group46" 1 1 1 1 1
"047_Group47" 1 1 1 1 1
"048_Group48" 1 1 1 1 1
"049_Group49" 1 1 1 1 1
"050_Group50" 1 1 1 1 1
"051_Group51" 1 1 1 1 1
"052_Group52" 1 1 1 1 1
"053_Group53" 1 1 1 1 1
"054_Group54" 1 1 1 1 1
"055_Group55" 1 1 1 1 1
"056_Group56" 1 1 1 1 1
"057_Group57" 1 1 1 1 1
"058_Group58" 1 1 1 1 1
"059_Group59" 1 1 1 1 1
"060_Group60" 1 1 1 1 1
"061_Group61" 1 1 1 1 1
"062_Group62" 1 1 1 1 1
"063_Group63" 1 1 1 1 1
"064_Group64" 1 1 1 1 1
"065_Group65" 1 1 1 1 1
"066_Group66" 1 1 1 1 1
"067_Group67" 1 1 1 1 1
"068_Group68" 1 1 1 1 1
"069_Group69" 1 1 1 1 1
"070_Group70" 1 1 1 1 1
"071_Group71" 1 1 1 1 1
"072_Group72" 1 1 1 1 1
"073_Group73" 1 1 1 1 1
"074_Group74" 1 1 1 1 1
"075_Group75" 1 1 1 1 1
"076_Group76" 1 1 1 1 1
"077_Group77" 1 1 1 1 1
"078_Group78" 1 1 1 1 1
"079_Group79" 1 1 1 1 1
"080_Group80" 1 1 1 1 1
"081_Group81" 1 1 1 1 1
"082_Group82" 1 1 1 1 1
"083_Group83" 1 1 1 1 1
"084_Group84" 1 1 1 1 1
"085_Group85" 1 1 1 1 1
"086_Group86" 1 1 1 1 1
"087_Group87" 1 1 1 1 1
"088_Group88" 1 1 1 1 1
"089_Group89" 1 1 1 1 1
"090_Group90" 1 1 1 1 1
"091_Group91" 1 1 1 1 1
"092_Group92" 1 1 1 1 1
"093_Group93" 1 1 1 1 1
"094_Group94" 1 1 1 1 1
"095_Group95" 1 1 1 1 1

"<<<<<< Number of Samples per Acquisition Interval [1unit=500values] >>>>>>"
Time[m] 2 4 6 8 10 
#Samples 2 2 2 2 2 

"<<<<<< Average Temperature [°C] >>>>>>"
Time[m] 2 4 6 8 10 
Temp[°C] 20.5 20.5 20.5 20.5 20.5 

"<<<<<< Well Activity >>>>>>"
Well Group/Time[m] 2 4 6 8 10
A1 "000_Group0" 11 15 21 22 33
B1 "001_Group1" 22 35 45 16 17
C1 "002_Group2" 27 25 36 39 8
D1 "003_Group3" 33 20 20 26 18
E1 "004_Group4" 6 4 2 11 1
F1 "005_Group5" 25 26 35 20 9
G1 "006_Group6" 33 17 23 28 18
H1 "007_Group7" 34 29 37 27 14
A2 "008_Group8" 34 31 39 34 29
B2 "009_Group9" 13 19 14 27 30
C2 "010_Group10" 22 38 31 30 24
D2 "011_Group11" 16 34 37 36 30
E2 "012_Group12" 23 30 34 28 29
F2 "013_Group13" 33 26 25 35 33
G2 "014_Group14" 29 36 43 33 24
H2 "015_Group15" 34 28 23 36 37
A3 "016_Group16" 22 35 31 9 15
B3 "017_Group17" 34 33 17 10 10
C3 "018_Group18" 37 20 32 18 15
D3 "019_Group19" 24 30 35 21 15
E3 "020_Group20" 22 21 13 25 29
F3 "021_Group21" 22 7 10 27 16
G3 "022_Group22" 11 16 17 20 4
H3 "023_Group23" 17 11 10 5 6
A4 "024_Group24" 45 42 15 16 5
B4 "025_Group25" 44 35 24 12 13
C4 "026_Group26" 24 44 41 40 29
D4 "027_Group27" 15 15 13 8 7
E4 "028_Group28" 37 16 21 23 10
F4 "029_Group29" 33 43 16 22 20
G4 "030_Group30" 53 48 44 37 21
H4 "031_Group31" 45 38 15 21 27
A5 "032_Group32" 46 38 34 26 10
B5 "033_Group33" 25 16 11 4 0
C5 "034_Group34" 35 29 19 17 24
D5 "035_Group35" 39 34 42 14 19
E5 "036_Group36" 23 24 36 10 9
F5 "037_Group37" 15 18 10 9 6
G5 "038_Group38" 40 31 27 11 12
H5 "039_Group39" 2 5 7 2 8
A6 "040_Group40" 33 21 18 11 9
B6 "041_Group41" 7 3 7 5 0
C6 "042_Group42" 24 27 11 5 6
D6 "043_Group43" 24 23 29 12 9
E6 "044_Group44" 25 27 16 11 11
F6 "045_Group45" 15 11 15 8 9
G6 "046_Group46" 24 22 21 17 7
H6 "047_Group47" 24 16 7 17 12
A7 "048_Group48" 41 41 12 19 11
B7 "049_Group49" 29 9 17 6 12
C7 "050_Group50" 34 21 9 6 22
D7 "051_Group51" 34 27 15 20 18
E7 "052_Group52" 11 9 7 4 12
F7 "053_Group53" 41 40 21 11 24
G7 "054_Group54" 52 21 29 26 7
H7 "055_Group55" 47 41 26 11 9
A8 "056_Group56" 19 16 18 10 9
B8 "057_Group57" 26 10 9 13 13
C8 "058_Group58" 9 13 20 12 10
D8 "059_Group59" 23 13 18 11 10
E8 "060_Group60" 48 30 8 19 17
F8 "061_Group61" 39 32 21 9 13
G8 "062_Group62" 45 15 14 21 17
H8 "063_Group63" 42 35 28 9 5
A9 "064_Group64" 43 43 36 19 18
B9 "065_Group65" 25 34 25 35 26
C9 "066_Group66" 34 45 37 37 20
D9 "067_Group67" 25 41 36 30 25
E9 "068_Group68" 40 37 20 14 14
F9 "069_Group69" 44 49 26 22 28
G9 "070_Group70" 32 45 33 32 12
H9 "071_Group71" 47 51 22 35 13
A10 "072_Group72" 40 37 27 29 5
B10 "073_Group73" 44 30 33 41 25
C10 "074_Group74" 40 60 28 29 21
D10 "075_Group75" 23 18 31 8 12
E10 "076_Group76" 20 24 12 4 0
F10 "077_Group77" 35 18 22 7 19
G10 "078_Group78" 31 25 22 20 3
H10 "079_Group79" 30 33 26 10 11
A11 "080_Group80" 14 13 14 16 14
B11 "081_Group81" 35 9 8 10 12
C11 "082_Group82" 13 15 8 7 13
D11 "083_Group83" 21 8 19 11 11
E11 "084_Group84" 27 10 10 8 10
F11 "085_Group85" 32 24 26 20 20
G11 "086_Group86" 22 13 11 8 6
H11 "087_Group87" 24 11 8 4 9
A12 "088_Group88" 36 13 15 16 18
B12 "089_Group89" 10 6 15 1 2
C12 "090_Group90" 34 7 19 20 7
D12 "091_Group91" 15 23 6 11 5
E12 "092_Group92" 24 17 12 13 0
F12 "093_Group93" 37 23 24 9 12
G12 "094_Group94" 27 10 9 2 2
H12 "095_Group95" 44 10 10 14 11

"<<<<<< Channel Activity >>>>>>"
Channel Well Group/Time[m] 2 4 6 8 10
CH0 A1.0 "000_Group0" 11 15 21 22 33
CH2 B1.0 "001_Group1" 22 35 45 16 17
CH4 C1.0 "002_Group2" 27 25 36 39 8
CH6 D1.0 "003_Group3" 33 20 20 26 18
CH8 E1.0 "004_Group4" 6 4 2 11 1
CH10 F1.0 "005_Group5" 25 26 35 20 9
CH12 G1.0 "006_Group6" 33 17 23 28 18
CH14 H1.0 "007_Group7" 34 29 37 27 14
CH32 A2.0 "008_Group8" 34 31 39 34 29
CH34 B2.0 "009_Group9" 13 19 14 27 30
CH36 C2.0 "010_Group10" 22 38 31 30 24
CH38 D2.0 "011_Group11" 16 34 37 36 30
CH40 E2.0 "012_Group12" 23 30 34 28 29
CH42 F2.0 "013_Group13" 33 26 25 35 33
CH44 G2.0 "014_Group14" 29 36 43 33 24
CH46 H2.0 "015_Group15" 34 28 23 36 37
CH64 A3.0 "016_Group16" 22 35 31 9 15
CH66 B3.0 "017_Group17" 34 33 17 10 10
CH68 C3.0 "018_Group18" 37 20 32 18 15
CH70 D3.0 "019_Group19" 24 30 35 21 15
CH72 E3.0 "020_Group20" 22 21 13 25 29
CH74 F3.0 "021_Group21" 22 7 10 27 16
CH76 G3.0 "022_Group22" 11 16 17 20 4
CH78 H3.0 "023_Group23" 17 11 10 5 6
CH96 A4.0 "024_Group24" 45 42 15 16 5
CH98 B4.0 "025_Group25" 44 35 24 12 13
CH100 C4.0 "026_Group26" 24 44 41 40 29
CH102 D4.0 "027_Group27" 15 15 13 8 7
CH104 E4.0 "028_Group28" 37 16 21 23 10
CH106 F4.0 "029_Group29" 33 43 16 22 20
CH108 G4.0 "030_Group30" 53 48 44 37 21
CH110 H4.0 "031_Group31" 45 38 15 21 27
CH128 A5.0 "032_Group32" 46 38 34 26 10
CH130 B5.0 "033_Group33" 25 16 11 4 0
CH132 C5.0 "034_Group34" 35 29 19 17 24
CH134 D5.0 "035_Group35" 39 34 42 14 19
CH136 E5.0 "036_Group36" 23 24 36 10 9
CH138 F5.0 "037_Group37" 15 18 10 9 6
CH140 G5.0 "038_Group38" 40 31 27 11 12
CH142 H5.0 "039_Group39" 2 5 7 2 8
CH160 A6.0 "040_Group40" 33 21 18 11 9
CH162 B6.0 "041_Group41" 7 3 7 5 0
CH164 C6.0 "042_Group42" 24 27 11 5 6
CH166 D6.0 "043_Group43" 24 23 29 12 9
CH168 E6.0 "044_Group44" 25 27 16 11 11
CH170 F6.0 "045_Group45" 15 11 15 8 9
CH172 G6.0 "046_Group46" 24 22 21 17 7
CH174 H6.0 "047_Group47" 24 16 7 17 12
CH192 A7.0 "048_Group48" 41 41 12 19 11
CH194 B7.0 "049_Group49" 29 9 17 6 12
CH196 C7.0 "050_Group50" 34 21 9 6 22
CH198 D7.0 "051_Group51" 34 27 15 20 18
CH200 E7.0 "052_Group52" 11 9 7 4 12
CH202 F7.0 "053_Group53" 41 40 21 11 24
CH204 G7.0 "054_Group54" 52 21 29 26 7
CH206 H7.0 "055_Group55" 47 41 26 11 9
CH224 A8.0 "056_Group56" 19 16 18 10 9
CH226 B8.0 "057_Group57" 26 10 9 13 13
CH228 C8.0 "058_Group58" 9 13 20 12 10
CH230 D8.0 "059_Group59" 23 13 18 11 10
CH232 E8.0 "060_Group60" 48 30 8 19 17
CH234 F8.0 "061_Group61" 39 32 21 9 13
CH236 G8.0 "062_Group62" 45 15 14 21 17
CH238 H8.0 "063_Group63" 42 35 28 9 5
CH256 A9.0 "064_Group64" 43 43 36 19 18
CH258 B9.0 "065_Group65" 25 34 25 35 26
CH260 C9.0 "066_Group66" 34 45 37 37 20
CH262 D9.0 "067_Group67" 25 41 36 30 25
CH264 E9.0 "068_Group68" 40 37 20 14 14
CH266 F9.0 "069_Group69" 44 49 26 22 28
CH268 G9.0 "070_Group70" 32 45 33 32 12
CH270 H9.0 "071_Group71" 47 51 22 35 13
CH288 A10.0 "072_Group72" 40 37 27 29 5
CH290 B10.0 "073_Group73" 44 30 33 41 25
CH292 C10.0 "074_Group74" 40 60 28 29 21
CH294 D10.0 "075_Group75" 23 18 31 8 12
CH296 E10.0 "076_Group76" 20 24 12 4 0
CH298 F10.0 "077_Group77" 35 18 22 7 19
CH300 G10.0 "078_Group78" 31 25 22 20 3
CH302 H10.0 "079_Group79" 30 33 26 10 11
CH320 A11.0 "080_Group80" 14 13 14 16 14
CH322 B11.0 "081_Group81" 35 9 8 10 12
CH324 C11.0 "082_Group82" 13 15 8 7 13
CH326 D11.0 "083_Group83" 21 8 19 11 11
CH328 E11.0 "084_Group84" 27 10 10 8 10
CH330 F11.0 "085_Group85" 32 24 26 20 20
CH332 G11.0 "086_Group86" 22 13 11 8 6
CH334 H11.0 "087_Group87" 24 11 8 4 9
CH352 A12.0 "088_Group88" 36 13 15 16 18
CH354 B12.0 "089_Group89" 10 6 15 1 2
CH356 C12.0 "090_Group90" 34 7 19 20 7
CH358 D12.0 "091_Group91" 15 23 6 11 5
CH360 E12.0 "092_Group92" 24 17 12 13 0
CH362 F12.0 "093_Group93" 37 23 24 9 12
CH364 G12.0 "094_Group94" 27 10 9 2 2
CH366 H12.0 "095_Group95" 44 10 10 14 11
