"DATE:" "1/31/2015 9:47:47 AM"
"FILE:" "C:\Users\AndersenLab\Desktop\wmicrotracker\p00011\20150131_0932"
"SUBPROJECT:" "20150131_Longevity_3_2mgmL"

"<<<<<< Group Activity: Average Activity Counts per Data Interval>>>>>>"
Group/Time[m] 2 4 6 8 10
"000_Group0" 22 11 13 10 12
"001_Group1" 8 2 13 12 2
"002_Group2" 12 7 13 18 18
"003_Group3" 25 13 5 0 0
"004_Group4" 6 2 1 0 3
"005_Group5" 16 19 13 16 33
"006_Group6" 5 9 1 9 9
"007_Group7" 13 9 8 14 2
"008_Group8" 14 38 32 40 40
"009_Group9" 28 28 34 29 34
"010_Group10" 26 17 34 32 27
"011_Group11" 43 27 34 27 31
"012_Group12" 20 32 35 45 33
"013_Group13" 26 22 35 45 43
"014_Group14" 34 34 24 35 20
"015_Group15" 36 37 39 32 29
"016_Group16" 16 17 12 15 10
"017_Group17" 26 7 3 3 6
"018_Group18" 17 35 23 33 9
"019_Group19" 2 8 0 1 0
"020_Group20" 4 8 5 1 3
"021_Group21" 22 35 12 8 7
"022_Group22" 26 4 29 16 3
"023_Group23" 5 6 0 1 0
"024_Group24" 17 33 37 22 23
"025_Group25" 5 25 24 32 18
"026_Group26" 14 19 40 36 42
"027_Group27" 9 34 34 29 34
"028_Group28" 31 38 49 44 27
"029_Group29" 11 17 8 9 16
"030_Group30" 11 12 31 38 31
"031_Group31" 13 38 44 46 33
"032_Group32" 17 16 11 13 20
"033_Group33" 5 19 20 24 17
"034_Group34" 9 31 20 17 30
"035_Group35" 12 3 17 7 22
"036_Group36" 20 16 19 19 30
"037_Group37" 14 10 24 16 16
"038_Group38" 14 24 9 12 12
"039_Group39" 15 5 16 14 14
"040_Group40" 16 19 12 21 19
"041_Group41" 32 20 8 13 14
"042_Group42" 6 12 10 9 9
"043_Group43" 5 9 8 10 6
"044_Group44" 16 8 6 8 9
"045_Group45" 12 17 19 14 12
"046_Group46" 9 20 16 16 13
"047_Group47" 14 16 21 10 2
"048_Group48" 9 5 8 5 26
"049_Group49" 19 11 14 17 33
"050_Group50" 10 9 13 17 23
"051_Group51" 18 4 6 18 21
"052_Group52" 36 29 17 16 25
"053_Group53" 22 3 6 18 28
"054_Group54" 47 43 36 14 22
"055_Group55" 16 10 5 15 13
"056_Group56" 14 20 11 16 19
"057_Group57" 25 11 12 17 9
"058_Group58" 13 11 19 15 18
"059_Group59" 13 32 24 21 30
"060_Group60" 25 30 52 17 23
"061_Group61" 13 25 30 28 10
"062_Group62" 13 19 16 24 36
"063_Group63" 12 18 11 11 18
"064_Group64" 27 29 24 20 36
"065_Group65" 16 21 20 31 14
"066_Group66" 23 19 29 28 38
"067_Group67" 18 20 32 21 27
"068_Group68" 25 26 30 18 12
"069_Group69" 28 35 45 37 37
"070_Group70" 30 33 33 26 41
"071_Group71" 33 29 34 35 27
"072_Group72" 17 28 14 27 15
"073_Group73" 26 26 38 16 24
"074_Group74" 34 36 29 23 23
"075_Group75" 6 10 4 12 3
"076_Group76" 16 15 17 15 16
"077_Group77" 29 18 16 22 16
"078_Group78" 12 3 3 4 3
"079_Group79" 14 13 9 1 1
"080_Group80" 10 13 17 8 21
"081_Group81" 12 8 12 12 12
"082_Group82" 13 12 8 13 14
"083_Group83" 12 17 24 17 21
"084_Group84" 17 10 18 21 20
"085_Group85" 19 13 16 19 21
"086_Group86" 20 18 10 12 20
"087_Group87" 7 14 15 20 11
"088_Group88" 16 18 17 17 13
"089_Group89" 26 15 24 23 17
"090_Group90" 18 19 10 17 18
"091_Group91" 15 14 9 15 17
"092_Group92" 4 8 9 4 13
"093_Group93" 7 18 5 5 7
"094_Group94" 23 13 12 14 7
"095_Group95" 0 17 25 0 0

"<<<<<< Group Activity: Number of wells/group >>>>>>"
Group/Time[m] 2 4 6 8 10
"000_Group0" 1 1 1 1 1
"001_Group1" 1 1 1 1 1
"002_Group2" 1 1 1 1 1
"003_Group3" 1 1 1 1 1
"004_Group4" 1 1 1 1 1
"005_Group5" 1 1 1 1 1
"006_Group6" 1 1 1 1 1
"007_Group7" 1 1 1 1 1
"008_Group8" 1 1 1 1 1
"009_Group9" 1 1 1 1 1
"010_Group10" 1 1 1 1 1
"011_Group11" 1 1 1 1 1
"012_Group12" 1 1 1 1 1
"013_Group13" 1 1 1 1 1
"014_Group14" 1 1 1 1 1
"015_Group15" 1 1 1 1 1
"016_Group16" 1 1 1 1 1
"017_Group17" 1 1 1 1 1
"018_Group18" 1 1 1 1 1
"019_Group19" 1 1 1 1 1
"020_Group20" 1 1 1 1 1
"021_Group21" 1 1 1 1 1
"022_Group22" 1 1 1 1 1
"023_Group23" 1 1 1 1 1
"024_Group24" 1 1 1 1 1
"025_Group25" 1 1 1 1 1
"026_Group26" 1 1 1 1 1
"027_Group27" 1 1 1 1 1
"028_Group28" 1 1 1 1 1
"029_Group29" 1 1 1 1 1
"030_Group30" 1 1 1 1 1
"031_Group31" 1 1 1 1 1
"032_Group32" 1 1 1 1 1
"033_Group33" 1 1 1 1 1
"034_Group34" 1 1 1 1 1
"035_Group35" 1 1 1 1 1
"036_Group36" 1 1 1 1 1
"037_Group37" 1 1 1 1 1
"038_Group38" 1 1 1 1 1
"039_Group39" 1 1 1 1 1
"040_Group40" 1 1 1 1 1
"041_Group41" 1 1 1 1 1
"042_Group42" 1 1 1 1 1
"043_Group43" 1 1 1 1 1
"044_Group44" 1 1 1 1 1
"045_Group45" 1 1 1 1 1
"046_Group46" 1 1 1 1 1
"047_Group47" 1 1 1 1 1
"048_Group48" 1 1 1 1 1
"049_Group49" 1 1 1 1 1
"050_Group50" 1 1 1 1 1
"051_Group51" 1 1 1 1 1
"052_Group52" 1 1 1 1 1
"053_Group53" 1 1 1 1 1
"054_Group54" 1 1 1 1 1
"055_Group55" 1 1 1 1 1
"056_Group56" 1 1 1 1 1
"057_Group57" 1 1 1 1 1
"058_Group58" 1 1 1 1 1
"059_Group59" 1 1 1 1 1
"060_Group60" 1 1 1 1 1
"061_Group61" 1 1 1 1 1
"062_Group62" 1 1 1 1 1
"063_Group63" 1 1 1 1 1
"064_Group64" 1 1 1 1 1
"065_Group65" 1 1 1 1 1
"066_Group66" 1 1 1 1 1
"067_Group67" 1 1 1 1 1
"068_Group68" 1 1 1 1 1
"069_Group69" 1 1 1 1 1
"070_Group70" 1 1 1 1 1
"071_Group71" 1 1 1 1 1
"072_Group72" 1 1 1 1 1
"073_Group73" 1 1 1 1 1
"074_Group74" 1 1 1 1 1
"075_Group75" 1 1 1 1 1
"076_Group76" 1 1 1 1 1
"077_Group77" 1 1 1 1 1
"078_Group78" 1 1 1 1 1
"079_Group79" 1 1 1 1 1
"080_Group80" 1 1 1 1 1
"081_Group81" 1 1 1 1 1
"082_Group82" 1 1 1 1 1
"083_Group83" 1 1 1 1 1
"084_Group84" 1 1 1 1 1
"085_Group85" 1 1 1 1 1
"086_Group86" 1 1 1 1 1
"087_Group87" 1 1 1 1 1
"088_Group88" 1 1 1 1 1
"089_Group89" 1 1 1 1 1
"090_Group90" 1 1 1 1 1
"091_Group91" 1 1 1 1 1
"092_Group92" 1 1 1 1 1
"093_Group93" 1 1 1 1 1
"094_Group94" 1 1 1 1 1
"095_Group95" 1 1 1 1 1

"<<<<<< Number of Samples per Acquisition Interval [1unit=500values] >>>>>>"
Time[m] 2 4 6 8 10 
#Samples 2 2 2 2 2 

"<<<<<< Average Temperature [°C] >>>>>>"
Time[m] 2 4 6 8 10 
Temp[°C] 22.0 22.0 22.0 22.0 22.0 

"<<<<<< Well Activity >>>>>>"
Well Group/Time[m] 2 4 6 8 10
A1 "000_Group0" 22 11 13 10 12
B1 "001_Group1" 8 2 13 12 2
C1 "002_Group2" 12 7 13 18 18
D1 "003_Group3" 25 13 5 0 0
E1 "004_Group4" 6 2 1 0 3
F1 "005_Group5" 16 19 13 16 33
G1 "006_Group6" 5 9 1 9 9
H1 "007_Group7" 13 9 8 14 2
A2 "008_Group8" 14 38 32 40 40
B2 "009_Group9" 28 28 34 29 34
C2 "010_Group10" 26 17 34 32 27
D2 "011_Group11" 43 27 34 27 31
E2 "012_Group12" 20 32 35 45 33
F2 "013_Group13" 26 22 35 45 43
G2 "014_Group14" 34 34 24 35 20
H2 "015_Group15" 36 37 39 32 29
A3 "016_Group16" 16 17 12 15 10
B3 "017_Group17" 26 7 3 3 6
C3 "018_Group18" 17 35 23 33 9
D3 "019_Group19" 2 8 0 1 0
E3 "020_Group20" 4 8 5 1 3
F3 "021_Group21" 22 35 12 8 7
G3 "022_Group22" 26 4 29 16 3
H3 "023_Group23" 5 6 0 1 0
A4 "024_Group24" 17 33 37 22 23
B4 "025_Group25" 5 25 24 32 18
C4 "026_Group26" 14 19 40 36 42
D4 "027_Group27" 9 34 34 29 34
E4 "028_Group28" 31 38 49 44 27
F4 "029_Group29" 11 17 8 9 16
G4 "030_Group30" 11 12 31 38 31
H4 "031_Group31" 13 38 44 46 33
A5 "032_Group32" 17 16 11 13 20
B5 "033_Group33" 5 19 20 24 17
C5 "034_Group34" 9 31 20 17 30
D5 "035_Group35" 12 3 17 7 22
E5 "036_Group36" 20 16 19 19 30
F5 "037_Group37" 14 10 24 16 16
G5 "038_Group38" 14 24 9 12 12
H5 "039_Group39" 15 5 16 14 14
A6 "040_Group40" 16 19 12 21 19
B6 "041_Group41" 32 20 8 13 14
C6 "042_Group42" 6 12 10 9 9
D6 "043_Group43" 5 9 8 10 6
E6 "044_Group44" 16 8 6 8 9
F6 "045_Group45" 12 17 19 14 12
G6 "046_Group46" 9 20 16 16 13
H6 "047_Group47" 14 16 21 10 2
A7 "048_Group48" 9 5 8 5 26
B7 "049_Group49" 19 11 14 17 33
C7 "050_Group50" 10 9 13 17 23
D7 "051_Group51" 18 4 6 18 21
E7 "052_Group52" 36 29 17 16 25
F7 "053_Group53" 22 3 6 18 28
G7 "054_Group54" 47 43 36 14 22
H7 "055_Group55" 16 10 5 15 13
A8 "056_Group56" 14 20 11 16 19
B8 "057_Group57" 25 11 12 17 9
C8 "058_Group58" 13 11 19 15 18
D8 "059_Group59" 13 32 24 21 30
E8 "060_Group60" 25 30 52 17 23
F8 "061_Group61" 13 25 30 28 10
G8 "062_Group62" 13 19 16 24 36
H8 "063_Group63" 12 18 11 11 18
A9 "064_Group64" 27 29 24 20 36
B9 "065_Group65" 16 21 20 31 14
C9 "066_Group66" 23 19 29 28 38
D9 "067_Group67" 18 20 32 21 27
E9 "068_Group68" 25 26 30 18 12
F9 "069_Group69" 28 35 45 37 37
G9 "070_Group70" 30 33 33 26 41
H9 "071_Group71" 33 29 34 35 27
A10 "072_Group72" 17 28 14 27 15
B10 "073_Group73" 26 26 38 16 24
C10 "074_Group74" 34 36 29 23 23
D10 "075_Group75" 6 10 4 12 3
E10 "076_Group76" 16 15 17 15 16
F10 "077_Group77" 29 18 16 22 16
G10 "078_Group78" 12 3 3 4 3
H10 "079_Group79" 14 13 9 1 1
A11 "080_Group80" 10 13 17 8 21
B11 "081_Group81" 12 8 12 12 12
C11 "082_Group82" 13 12 8 13 14
D11 "083_Group83" 12 17 24 17 21
E11 "084_Group84" 17 10 18 21 20
F11 "085_Group85" 19 13 16 19 21
G11 "086_Group86" 20 18 10 12 20
H11 "087_Group87" 7 14 15 20 11
A12 "088_Group88" 16 18 17 17 13
B12 "089_Group89" 26 15 24 23 17
C12 "090_Group90" 18 19 10 17 18
D12 "091_Group91" 15 14 9 15 17
E12 "092_Group92" 4 8 9 4 13
F12 "093_Group93" 7 18 5 5 7
G12 "094_Group94" 23 13 12 14 7
H12 "095_Group95" 0 17 25 0 0

"<<<<<< Channel Activity >>>>>>"
Channel Well Group/Time[m] 2 4 6 8 10
CH0 A1.0 "000_Group0" 22 11 13 10 12
CH2 B1.0 "001_Group1" 8 2 13 12 2
CH4 C1.0 "002_Group2" 12 7 13 18 18
CH6 D1.0 "003_Group3" 25 13 5 0 0
CH8 E1.0 "004_Group4" 6 2 1 0 3
CH10 F1.0 "005_Group5" 16 19 13 16 33
CH12 G1.0 "006_Group6" 5 9 1 9 9
CH14 H1.0 "007_Group7" 13 9 8 14 2
CH32 A2.0 "008_Group8" 14 38 32 40 40
CH34 B2.0 "009_Group9" 28 28 34 29 34
CH36 C2.0 "010_Group10" 26 17 34 32 27
CH38 D2.0 "011_Group11" 43 27 34 27 31
CH40 E2.0 "012_Group12" 20 32 35 45 33
CH42 F2.0 "013_Group13" 26 22 35 45 43
CH44 G2.0 "014_Group14" 34 34 24 35 20
CH46 H2.0 "015_Group15" 36 37 39 32 29
CH64 A3.0 "016_Group16" 16 17 12 15 10
CH66 B3.0 "017_Group17" 26 7 3 3 6
CH68 C3.0 "018_Group18" 17 35 23 33 9
CH70 D3.0 "019_Group19" 2 8 0 1 0
CH72 E3.0 "020_Group20" 4 8 5 1 3
CH74 F3.0 "021_Group21" 22 35 12 8 7
CH76 G3.0 "022_Group22" 26 4 29 16 3
CH78 H3.0 "023_Group23" 5 6 0 1 0
CH96 A4.0 "024_Group24" 17 33 37 22 23
CH98 B4.0 "025_Group25" 5 25 24 32 18
CH100 C4.0 "026_Group26" 14 19 40 36 42
CH102 D4.0 "027_Group27" 9 34 34 29 34
CH104 E4.0 "028_Group28" 31 38 49 44 27
CH106 F4.0 "029_Group29" 11 17 8 9 16
CH108 G4.0 "030_Group30" 11 12 31 38 31
CH110 H4.0 "031_Group31" 13 38 44 46 33
CH128 A5.0 "032_Group32" 17 16 11 13 20
CH130 B5.0 "033_Group33" 5 19 20 24 17
CH132 C5.0 "034_Group34" 9 31 20 17 30
CH134 D5.0 "035_Group35" 12 3 17 7 22
CH136 E5.0 "036_Group36" 20 16 19 19 30
CH138 F5.0 "037_Group37" 14 10 24 16 16
CH140 G5.0 "038_Group38" 14 24 9 12 12
CH142 H5.0 "039_Group39" 15 5 16 14 14
CH160 A6.0 "040_Group40" 16 19 12 21 19
CH162 B6.0 "041_Group41" 32 20 8 13 14
CH164 C6.0 "042_Group42" 6 12 10 9 9
CH166 D6.0 "043_Group43" 5 9 8 10 6
CH168 E6.0 "044_Group44" 16 8 6 8 9
CH170 F6.0 "045_Group45" 12 17 19 14 12
CH172 G6.0 "046_Group46" 9 20 16 16 13
CH174 H6.0 "047_Group47" 14 16 21 10 2
CH192 A7.0 "048_Group48" 9 5 8 5 26
CH194 B7.0 "049_Group49" 19 11 14 17 33
CH196 C7.0 "050_Group50" 10 9 13 17 23
CH198 D7.0 "051_Group51" 18 4 6 18 21
CH200 E7.0 "052_Group52" 36 29 17 16 25
CH202 F7.0 "053_Group53" 22 3 6 18 28
CH204 G7.0 "054_Group54" 47 43 36 14 22
CH206 H7.0 "055_Group55" 16 10 5 15 13
CH224 A8.0 "056_Group56" 14 20 11 16 19
CH226 B8.0 "057_Group57" 25 11 12 17 9
CH228 C8.0 "058_Group58" 13 11 19 15 18
CH230 D8.0 "059_Group59" 13 32 24 21 30
CH232 E8.0 "060_Group60" 25 30 52 17 23
CH234 F8.0 "061_Group61" 13 25 30 28 10
CH236 G8.0 "062_Group62" 13 19 16 24 36
CH238 H8.0 "063_Group63" 12 18 11 11 18
CH256 A9.0 "064_Group64" 27 29 24 20 36
CH258 B9.0 "065_Group65" 16 21 20 31 14
CH260 C9.0 "066_Group66" 23 19 29 28 38
CH262 D9.0 "067_Group67" 18 20 32 21 27
CH264 E9.0 "068_Group68" 25 26 30 18 12
CH266 F9.0 "069_Group69" 28 35 45 37 37
CH268 G9.0 "070_Group70" 30 33 33 26 41
CH270 H9.0 "071_Group71" 33 29 34 35 27
CH288 A10.0 "072_Group72" 17 28 14 27 15
CH290 B10.0 "073_Group73" 26 26 38 16 24
CH292 C10.0 "074_Group74" 34 36 29 23 23
CH294 D10.0 "075_Group75" 6 10 4 12 3
CH296 E10.0 "076_Group76" 16 15 17 15 16
CH298 F10.0 "077_Group77" 29 18 16 22 16
CH300 G10.0 "078_Group78" 12 3 3 4 3
CH302 H10.0 "079_Group79" 14 13 9 1 1
CH320 A11.0 "080_Group80" 10 13 17 8 21
CH322 B11.0 "081_Group81" 12 8 12 12 12
CH324 C11.0 "082_Group82" 13 12 8 13 14
CH326 D11.0 "083_Group83" 12 17 24 17 21
CH328 E11.0 "084_Group84" 17 10 18 21 20
CH330 F11.0 "085_Group85" 19 13 16 19 21
CH332 G11.0 "086_Group86" 20 18 10 12 20
CH334 H11.0 "087_Group87" 7 14 15 20 11
CH352 A12.0 "088_Group88" 16 18 17 17 13
CH354 B12.0 "089_Group89" 26 15 24 23 17
CH356 C12.0 "090_Group90" 18 19 10 17 18
CH358 D12.0 "091_Group91" 15 14 9 15 17
CH360 E12.0 "092_Group92" 4 8 9 4 13
CH362 F12.0 "093_Group93" 7 18 5 5 7
CH364 G12.0 "094_Group94" 23 13 12 14 7
CH366 H12.0 "095_Group95" 0 17 25 0 0
