"DATE:" "2/6/2015 8:50:16 AM"
"FILE:" "C:\Users\AndersenLab\Desktop\wmicrotracker\p00011\20150206_0838"
"SUBPROJECT:" "20150206_Longevity_3_2mgmL"

"<<<<<< Group Activity: Average Activity Counts per Data Interval>>>>>>"
Group/Time[m] 2 4 6 8 10
"000_Group0" 28 26 33 18 14
"001_Group1" 31 23 27 24 8
"002_Group2" 19 2 28 41 14
"003_Group3" 8 35 29 26 26
"004_Group4" 20 14 18 18 8
"005_Group5" 28 17 13 15 7
"006_Group6" 15 9 19 25 20
"007_Group7" 15 21 17 14 11
"008_Group8" 29 28 29 30 18
"009_Group9" 11 20 15 14 8
"010_Group10" 20 13 6 5 9
"011_Group11" 17 40 30 28 31
"012_Group12" 25 20 19 34 26
"013_Group13" 10 16 32 28 11
"014_Group14" 12 14 27 23 17
"015_Group15" 24 24 18 29 13
"016_Group16" 13 15 5 1 1
"017_Group17" 15 12 5 5 9
"018_Group18" 5 5 1 7 0
"019_Group19" 23 4 15 15 3
"020_Group20" 8 8 11 15 22
"021_Group21" 17 11 23 14 19
"022_Group22" 20 16 9 0 2
"023_Group23" 7 11 2 10 0
"024_Group24" 17 18 23 23 11
"025_Group25" 11 20 20 12 13
"026_Group26" 15 11 13 11 18
"027_Group27" 39 44 22 16 6
"028_Group28" 14 7 8 10 11
"029_Group29" 33 24 24 17 20
"030_Group30" 15 9 9 11 7
"031_Group31" 17 37 20 24 12
"032_Group32" 29 22 27 23 17
"033_Group33" 20 23 24 4 9
"034_Group34" 34 31 21 19 13
"035_Group35" 27 23 27 20 8
"036_Group36" 18 37 16 13 8
"037_Group37" 28 33 17 3 11
"038_Group38" 29 24 19 25 9
"039_Group39" 30 17 13 4 1
"040_Group40" 0 19 17 0 0
"041_Group41" 3 2 4 0 0
"042_Group42" 9 9 1 5 0
"043_Group43" 8 3 0 1 1
"044_Group44" 10 0 4 4 1
"045_Group45" 1 2 0 2 0
"046_Group46" 3 0 1 5 2
"047_Group47" 6 3 8 2 0
"048_Group48" 12 17 12 18 15
"049_Group49" 9 11 10 10 11
"050_Group50" 21 12 11 2 11
"051_Group51" 10 15 15 8 11
"052_Group52" 24 23 9 8 7
"053_Group53" 16 11 5 5 4
"054_Group54" 40 14 14 15 12
"055_Group55" 23 21 24 7 15
"056_Group56" 10 15 14 15 3
"057_Group57" 24 25 15 9 22
"058_Group58" 13 14 12 10 11
"059_Group59" 32 35 17 17 14
"060_Group60" 31 23 10 9 5
"061_Group61" 24 24 12 10 14
"062_Group62" 13 17 15 9 4
"063_Group63" 32 32 22 19 20
"064_Group64" 13 20 33 16 20
"065_Group65" 25 33 34 18 29
"066_Group66" 18 42 26 24 20
"067_Group67" 28 29 31 16 16
"068_Group68" 22 22 22 14 11
"069_Group69" 22 21 34 31 22
"070_Group70" 19 34 40 27 21
"071_Group71" 21 24 26 27 28
"072_Group72" 21 24 21 21 7
"073_Group73" 21 22 14 19 21
"074_Group74" 20 14 9 13 7
"075_Group75" 25 21 19 16 11
"076_Group76" 4 9 4 2 8
"077_Group77" 21 27 23 13 3
"078_Group78" 24 27 18 6 9
"079_Group79" 7 10 12 2 0
"080_Group80" 33 19 23 12 14
"081_Group81" 36 30 29 13 21
"082_Group82" 34 22 17 16 6
"083_Group83" 42 29 12 13 23
"084_Group84" 17 15 15 6 10
"085_Group85" 16 19 28 28 15
"086_Group86" 18 20 7 8 15
"087_Group87" 27 21 15 7 7
"088_Group88" 20 17 9 8 4
"089_Group89" 1 13 12 6 0
"090_Group90" 20 19 10 1 6
"091_Group91" 4 5 13 11 8
"092_Group92" 0 3 4 5 6
"093_Group93" 2 0 1 4 0
"094_Group94" 9 2 2 0 0
"095_Group95" 25 23 7 10 6

"<<<<<< Group Activity: Number of wells/group >>>>>>"
Group/Time[m] 2 4 6 8 10
"000_Group0" 1 1 1 1 1
"001_Group1" 1 1 1 1 1
"002_Group2" 1 1 1 1 1
"003_Group3" 1 1 1 1 1
"004_Group4" 1 1 1 1 1
"005_Group5" 1 1 1 1 1
"006_Group6" 1 1 1 1 1
"007_Group7" 1 1 1 1 1
"008_Group8" 1 1 1 1 1
"009_Group9" 1 1 1 1 1
"010_Group10" 1 1 1 1 1
"011_Group11" 1 1 1 1 1
"012_Group12" 1 1 1 1 1
"013_Group13" 1 1 1 1 1
"014_Group14" 1 1 1 1 1
"015_Group15" 1 1 1 1 1
"016_Group16" 1 1 1 1 1
"017_Group17" 1 1 1 1 1
"018_Group18" 1 1 1 1 1
"019_Group19" 1 1 1 1 1
"020_Group20" 1 1 1 1 1
"021_Group21" 1 1 1 1 1
"022_Group22" 1 1 1 1 1
"023_Group23" 1 1 1 1 1
"024_Group24" 1 1 1 1 1
"025_Group25" 1 1 1 1 1
"026_Group26" 1 1 1 1 1
"027_Group27" 1 1 1 1 1
"028_Group28" 1 1 1 1 1
"029_Group29" 1 1 1 1 1
"030_Group30" 1 1 1 1 1
"031_Group31" 1 1 1 1 1
"032_Group32" 1 1 1 1 1
"033_Group33" 1 1 1 1 1
"034_Group34" 1 1 1 1 1
"035_Group35" 1 1 1 1 1
"036_Group36" 1 1 1 1 1
"037_Group37" 1 1 1 1 1
"038_Group38" 1 1 1 1 1
"039_Group39" 1 1 1 1 1
"040_Group40" 1 1 1 1 1
"041_Group41" 1 1 1 1 1
"042_Group42" 1 1 1 1 1
"043_Group43" 1 1 1 1 1
"044_Group44" 1 1 1 1 1
"045_Group45" 1 1 1 1 1
"046_Group46" 1 1 1 1 1
"047_Group47" 1 1 1 1 1
"048_Group48" 1 1 1 1 1
"049_Group49" 1 1 1 1 1
"050_Group50" 1 1 1 1 1
"051_Group51" 1 1 1 1 1
"052_Group52" 1 1 1 1 1
"053_Group53" 1 1 1 1 1
"054_Group54" 1 1 1 1 1
"055_Group55" 1 1 1 1 1
"056_Group56" 1 1 1 1 1
"057_Group57" 1 1 1 1 1
"058_Group58" 1 1 1 1 1
"059_Group59" 1 1 1 1 1
"060_Group60" 1 1 1 1 1
"061_Group61" 1 1 1 1 1
"062_Group62" 1 1 1 1 1
"063_Group63" 1 1 1 1 1
"064_Group64" 1 1 1 1 1
"065_Group65" 1 1 1 1 1
"066_Group66" 1 1 1 1 1
"067_Group67" 1 1 1 1 1
"068_Group68" 1 1 1 1 1
"069_Group69" 1 1 1 1 1
"070_Group70" 1 1 1 1 1
"071_Group71" 1 1 1 1 1
"072_Group72" 1 1 1 1 1
"073_Group73" 1 1 1 1 1
"074_Group74" 1 1 1 1 1
"075_Group75" 1 1 1 1 1
"076_Group76" 1 1 1 1 1
"077_Group77" 1 1 1 1 1
"078_Group78" 1 1 1 1 1
"079_Group79" 1 1 1 1 1
"080_Group80" 1 1 1 1 1
"081_Group81" 1 1 1 1 1
"082_Group82" 1 1 1 1 1
"083_Group83" 1 1 1 1 1
"084_Group84" 1 1 1 1 1
"085_Group85" 1 1 1 1 1
"086_Group86" 1 1 1 1 1
"087_Group87" 1 1 1 1 1
"088_Group88" 1 1 1 1 1
"089_Group89" 1 1 1 1 1
"090_Group90" 1 1 1 1 1
"091_Group91" 1 1 1 1 1
"092_Group92" 1 1 1 1 1
"093_Group93" 1 1 1 1 1
"094_Group94" 1 1 1 1 1
"095_Group95" 1 1 1 1 1

"<<<<<< Number of Samples per Acquisition Interval [1unit=500values] >>>>>>"
Time[m] 2 4 6 8 10 
#Samples 2 2 2 2 2 

"<<<<<< Average Temperature [°C] >>>>>>"
Time[m] 2 4 6 8 10 
Temp[°C] 21.6 21.6 21.8 21.7 21.8 

"<<<<<< Well Activity >>>>>>"
Well Group/Time[m] 2 4 6 8 10
A1 "000_Group0" 28 26 33 18 14
B1 "001_Group1" 31 23 27 24 8
C1 "002_Group2" 19 2 28 41 14
D1 "003_Group3" 8 35 29 26 26
E1 "004_Group4" 20 14 18 18 8
F1 "005_Group5" 28 17 13 15 7
G1 "006_Group6" 15 9 19 25 20
H1 "007_Group7" 15 21 17 14 11
A2 "008_Group8" 29 28 29 30 18
B2 "009_Group9" 11 20 15 14 8
C2 "010_Group10" 20 13 6 5 9
D2 "011_Group11" 17 40 30 28 31
E2 "012_Group12" 25 20 19 34 26
F2 "013_Group13" 10 16 32 28 11
G2 "014_Group14" 12 14 27 23 17
H2 "015_Group15" 24 24 18 29 13
A3 "016_Group16" 13 15 5 1 1
B3 "017_Group17" 15 12 5 5 9
C3 "018_Group18" 5 5 1 7 0
D3 "019_Group19" 23 4 15 15 3
E3 "020_Group20" 8 8 11 15 22
F3 "021_Group21" 17 11 23 14 19
G3 "022_Group22" 20 16 9 0 2
H3 "023_Group23" 7 11 2 10 0
A4 "024_Group24" 17 18 23 23 11
B4 "025_Group25" 11 20 20 12 13
C4 "026_Group26" 15 11 13 11 18
D4 "027_Group27" 39 44 22 16 6
E4 "028_Group28" 14 7 8 10 11
F4 "029_Group29" 33 24 24 17 20
G4 "030_Group30" 15 9 9 11 7
H4 "031_Group31" 17 37 20 24 12
A5 "032_Group32" 29 22 27 23 17
B5 "033_Group33" 20 23 24 4 9
C5 "034_Group34" 34 31 21 19 13
D5 "035_Group35" 27 23 27 20 8
E5 "036_Group36" 18 37 16 13 8
F5 "037_Group37" 28 33 17 3 11
G5 "038_Group38" 29 24 19 25 9
H5 "039_Group39" 30 17 13 4 1
A6 "040_Group40" 0 19 17 0 0
B6 "041_Group41" 3 2 4 0 0
C6 "042_Group42" 9 9 1 5 0
D6 "043_Group43" 8 3 0 1 1
E6 "044_Group44" 10 0 4 4 1
F6 "045_Group45" 1 2 0 2 0
G6 "046_Group46" 3 0 1 5 2
H6 "047_Group47" 6 3 8 2 0
A7 "048_Group48" 12 17 12 18 15
B7 "049_Group49" 9 11 10 10 11
C7 "050_Group50" 21 12 11 2 11
D7 "051_Group51" 10 15 15 8 11
E7 "052_Group52" 24 23 9 8 7
F7 "053_Group53" 16 11 5 5 4
G7 "054_Group54" 40 14 14 15 12
H7 "055_Group55" 23 21 24 7 15
A8 "056_Group56" 10 15 14 15 3
B8 "057_Group57" 24 25 15 9 22
C8 "058_Group58" 13 14 12 10 11
D8 "059_Group59" 32 35 17 17 14
E8 "060_Group60" 31 23 10 9 5
F8 "061_Group61" 24 24 12 10 14
G8 "062_Group62" 13 17 15 9 4
H8 "063_Group63" 32 32 22 19 20
A9 "064_Group64" 13 20 33 16 20
B9 "065_Group65" 25 33 34 18 29
C9 "066_Group66" 18 42 26 24 20
D9 "067_Group67" 28 29 31 16 16
E9 "068_Group68" 22 22 22 14 11
F9 "069_Group69" 22 21 34 31 22
G9 "070_Group70" 19 34 40 27 21
H9 "071_Group71" 21 24 26 27 28
A10 "072_Group72" 21 24 21 21 7
B10 "073_Group73" 21 22 14 19 21
C10 "074_Group74" 20 14 9 13 7
D10 "075_Group75" 25 21 19 16 11
E10 "076_Group76" 4 9 4 2 8
F10 "077_Group77" 21 27 23 13 3
G10 "078_Group78" 24 27 18 6 9
H10 "079_Group79" 7 10 12 2 0
A11 "080_Group80" 33 19 23 12 14
B11 "081_Group81" 36 30 29 13 21
C11 "082_Group82" 34 22 17 16 6
D11 "083_Group83" 42 29 12 13 23
E11 "084_Group84" 17 15 15 6 10
F11 "085_Group85" 16 19 28 28 15
G11 "086_Group86" 18 20 7 8 15
H11 "087_Group87" 27 21 15 7 7
A12 "088_Group88" 20 17 9 8 4
B12 "089_Group89" 1 13 12 6 0
C12 "090_Group90" 20 19 10 1 6
D12 "091_Group91" 4 5 13 11 8
E12 "092_Group92" 0 3 4 5 6
F12 "093_Group93" 2 0 1 4 0
G12 "094_Group94" 9 2 2 0 0
H12 "095_Group95" 25 23 7 10 6

"<<<<<< Channel Activity >>>>>>"
Channel Well Group/Time[m] 2 4 6 8 10
CH0 A1.0 "000_Group0" 28 26 33 18 14
CH2 B1.0 "001_Group1" 31 23 27 24 8
CH4 C1.0 "002_Group2" 19 2 28 41 14
CH6 D1.0 "003_Group3" 8 35 29 26 26
CH8 E1.0 "004_Group4" 20 14 18 18 8
CH10 F1.0 "005_Group5" 28 17 13 15 7
CH12 G1.0 "006_Group6" 15 9 19 25 20
CH14 H1.0 "007_Group7" 15 21 17 14 11
CH32 A2.0 "008_Group8" 29 28 29 30 18
CH34 B2.0 "009_Group9" 11 20 15 14 8
CH36 C2.0 "010_Group10" 20 13 6 5 9
CH38 D2.0 "011_Group11" 17 40 30 28 31
CH40 E2.0 "012_Group12" 25 20 19 34 26
CH42 F2.0 "013_Group13" 10 16 32 28 11
CH44 G2.0 "014_Group14" 12 14 27 23 17
CH46 H2.0 "015_Group15" 24 24 18 29 13
CH64 A3.0 "016_Group16" 13 15 5 1 1
CH66 B3.0 "017_Group17" 15 12 5 5 9
CH68 C3.0 "018_Group18" 5 5 1 7 0
CH70 D3.0 "019_Group19" 23 4 15 15 3
CH72 E3.0 "020_Group20" 8 8 11 15 22
CH74 F3.0 "021_Group21" 17 11 23 14 19
CH76 G3.0 "022_Group22" 20 16 9 0 2
CH78 H3.0 "023_Group23" 7 11 2 10 0
CH96 A4.0 "024_Group24" 17 18 23 23 11
CH98 B4.0 "025_Group25" 11 20 20 12 13
CH100 C4.0 "026_Group26" 15 11 13 11 18
CH102 D4.0 "027_Group27" 39 44 22 16 6
CH104 E4.0 "028_Group28" 14 7 8 10 11
CH106 F4.0 "029_Group29" 33 24 24 17 20
CH108 G4.0 "030_Group30" 15 9 9 11 7
CH110 H4.0 "031_Group31" 17 37 20 24 12
CH128 A5.0 "032_Group32" 29 22 27 23 17
CH130 B5.0 "033_Group33" 20 23 24 4 9
CH132 C5.0 "034_Group34" 34 31 21 19 13
CH134 D5.0 "035_Group35" 27 23 27 20 8
CH136 E5.0 "036_Group36" 18 37 16 13 8
CH138 F5.0 "037_Group37" 28 33 17 3 11
CH140 G5.0 "038_Group38" 29 24 19 25 9
CH142 H5.0 "039_Group39" 30 17 13 4 1
CH160 A6.0 "040_Group40" 0 19 17 0 0
CH162 B6.0 "041_Group41" 3 2 4 0 0
CH164 C6.0 "042_Group42" 9 9 1 5 0
CH166 D6.0 "043_Group43" 8 3 0 1 1
CH168 E6.0 "044_Group44" 10 0 4 4 1
CH170 F6.0 "045_Group45" 1 2 0 2 0
CH172 G6.0 "046_Group46" 3 0 1 5 2
CH174 H6.0 "047_Group47" 6 3 8 2 0
CH192 A7.0 "048_Group48" 12 17 12 18 15
CH194 B7.0 "049_Group49" 9 11 10 10 11
CH196 C7.0 "050_Group50" 21 12 11 2 11
CH198 D7.0 "051_Group51" 10 15 15 8 11
CH200 E7.0 "052_Group52" 24 23 9 8 7
CH202 F7.0 "053_Group53" 16 11 5 5 4
CH204 G7.0 "054_Group54" 40 14 14 15 12
CH206 H7.0 "055_Group55" 23 21 24 7 15
CH224 A8.0 "056_Group56" 10 15 14 15 3
CH226 B8.0 "057_Group57" 24 25 15 9 22
CH228 C8.0 "058_Group58" 13 14 12 10 11
CH230 D8.0 "059_Group59" 32 35 17 17 14
CH232 E8.0 "060_Group60" 31 23 10 9 5
CH234 F8.0 "061_Group61" 24 24 12 10 14
CH236 G8.0 "062_Group62" 13 17 15 9 4
CH238 H8.0 "063_Group63" 32 32 22 19 20
CH256 A9.0 "064_Group64" 13 20 33 16 20
CH258 B9.0 "065_Group65" 25 33 34 18 29
CH260 C9.0 "066_Group66" 18 42 26 24 20
CH262 D9.0 "067_Group67" 28 29 31 16 16
CH264 E9.0 "068_Group68" 22 22 22 14 11
CH266 F9.0 "069_Group69" 22 21 34 31 22
CH268 G9.0 "070_Group70" 19 34 40 27 21
CH270 H9.0 "071_Group71" 21 24 26 27 28
CH288 A10.0 "072_Group72" 21 24 21 21 7
CH290 B10.0 "073_Group73" 21 22 14 19 21
CH292 C10.0 "074_Group74" 20 14 9 13 7
CH294 D10.0 "075_Group75" 25 21 19 16 11
CH296 E10.0 "076_Group76" 4 9 4 2 8
CH298 F10.0 "077_Group77" 21 27 23 13 3
CH300 G10.0 "078_Group78" 24 27 18 6 9
CH302 H10.0 "079_Group79" 7 10 12 2 0
CH320 A11.0 "080_Group80" 33 19 23 12 14
CH322 B11.0 "081_Group81" 36 30 29 13 21
CH324 C11.0 "082_Group82" 34 22 17 16 6
CH326 D11.0 "083_Group83" 42 29 12 13 23
CH328 E11.0 "084_Group84" 17 15 15 6 10
CH330 F11.0 "085_Group85" 16 19 28 28 15
CH332 G11.0 "086_Group86" 18 20 7 8 15
CH334 H11.0 "087_Group87" 27 21 15 7 7
CH352 A12.0 "088_Group88" 20 17 9 8 4
CH354 B12.0 "089_Group89" 1 13 12 6 0
CH356 C12.0 "090_Group90" 20 19 10 1 6
CH358 D12.0 "091_Group91" 4 5 13 11 8
CH360 E12.0 "092_Group92" 0 3 4 5 6
CH362 F12.0 "093_Group93" 2 0 1 4 0
CH364 G12.0 "094_Group94" 9 2 2 0 0
CH366 H12.0 "095_Group95" 25 23 7 10 6
