"DATE:" "1/30/2015 9:00:34 AM"
"FILE:" "C:\Users\AndersenLab\Desktop\wmicrotracker\p00011\20150130_0848"
"SUBPROJECT:" "20150130_Longevity_3_2mgmL"

"<<<<<< Group Activity: Average Activity Counts per Data Interval>>>>>>"
Group/Time[m] 2 4 6 8 10
"000_Group0" 21 15 14 7 17
"001_Group1" 16 10 10 9 10
"002_Group2" 22 22 19 13 17
"003_Group3" 11 10 6 2 13
"004_Group4" 24 8 10 6 4
"005_Group5" 13 9 15 3 10
"006_Group6" 29 13 4 9 4
"007_Group7" 23 33 25 28 12
"008_Group8" 18 27 30 31 32
"009_Group9" 11 27 27 39 30
"010_Group10" 21 36 32 41 31
"011_Group11" 16 42 29 36 43
"012_Group12" 21 22 33 42 34
"013_Group13" 18 38 42 42 21
"014_Group14" 33 32 43 36 19
"015_Group15" 39 28 39 32 28
"016_Group16" 23 24 23 20 21
"017_Group17" 20 23 29 22 33
"018_Group18" 40 39 30 32 8
"019_Group19" 36 36 40 32 28
"020_Group20" 28 24 10 22 33
"021_Group21" 9 5 15 18 4
"022_Group22" 30 27 20 33 21
"023_Group23" 30 14 20 17 9
"024_Group24" 18 13 24 22 13
"025_Group25" 16 11 10 11 18
"026_Group26" 15 25 24 24 22
"027_Group27" 6 11 10 12 10
"028_Group28" 20 28 25 22 26
"029_Group29" 17 30 24 18 15
"030_Group30" 22 17 18 15 11
"031_Group31" 21 37 39 36 28
"032_Group32" 10 49 32 21 21
"033_Group33" 9 17 21 10 22
"034_Group34" 14 23 21 29 19
"035_Group35" 37 23 25 33 31
"036_Group36" 33 28 18 15 16
"037_Group37" 8 12 17 18 17
"038_Group38" 17 20 32 16 16
"039_Group39" 5 11 11 10 9
"040_Group40" 30 35 27 22 21
"041_Group41" 23 19 34 25 30
"042_Group42" 13 29 20 22 29
"043_Group43" 31 17 25 20 29
"044_Group44" 25 14 13 19 15
"045_Group45" 14 8 10 13 14
"046_Group46" 19 18 16 26 12
"047_Group47" 27 37 30 23 21
"048_Group48" 8 19 32 28 27
"049_Group49" 25 36 33 48 13
"050_Group50" 8 19 36 12 13
"051_Group51" 13 18 26 16 14
"052_Group52" 14 30 38 19 24
"053_Group53" 12 10 20 28 14
"054_Group54" 29 10 19 27 30
"055_Group55" 6 5 14 20 20
"056_Group56" 14 32 41 15 22
"057_Group57" 15 18 33 25 11
"058_Group58" 29 27 18 18 17
"059_Group59" 20 16 16 15 28
"060_Group60" 11 15 24 18 35
"061_Group61" 30 18 35 28 18
"062_Group62" 14 44 12 17 12
"063_Group63" 32 44 35 28 14
"064_Group64" 21 36 38 21 22
"065_Group65" 33 35 29 26 39
"066_Group66" 31 33 51 49 45
"067_Group67" 21 32 16 18 21
"068_Group68" 21 27 32 15 12
"069_Group69" 47 49 23 42 27
"070_Group70" 49 53 43 43 39
"071_Group71" 20 27 24 37 26
"072_Group72" 23 13 22 22 21
"073_Group73" 16 23 20 28 14
"074_Group74" 33 23 21 32 24
"075_Group75" 12 3 5 14 14
"076_Group76" 20 19 30 22 17
"077_Group77" 19 28 34 19 32
"078_Group78" 31 37 25 19 8
"079_Group79" 25 24 13 29 15
"080_Group80" 18 22 13 14 14
"081_Group81" 12 9 19 14 15
"082_Group82" 8 14 14 10 18
"083_Group83" 13 18 14 16 20
"084_Group84" 14 21 18 15 6
"085_Group85" 4 23 10 20 24
"086_Group86" 7 9 19 13 12
"087_Group87" 8 20 16 9 9
"088_Group88" 15 18 18 25 18
"089_Group89" 23 22 21 20 21
"090_Group90" 19 23 28 24 23
"091_Group91" 13 15 52 27 22
"092_Group92" 34 21 25 31 41
"093_Group93" 19 24 18 23 21
"094_Group94" 13 9 14 14 21
"095_Group95" 15 35 23 37 24

"<<<<<< Group Activity: Number of wells/group >>>>>>"
Group/Time[m] 2 4 6 8 10
"000_Group0" 1 1 1 1 1
"001_Group1" 1 1 1 1 1
"002_Group2" 1 1 1 1 1
"003_Group3" 1 1 1 1 1
"004_Group4" 1 1 1 1 1
"005_Group5" 1 1 1 1 1
"006_Group6" 1 1 1 1 1
"007_Group7" 1 1 1 1 1
"008_Group8" 1 1 1 1 1
"009_Group9" 1 1 1 1 1
"010_Group10" 1 1 1 1 1
"011_Group11" 1 1 1 1 1
"012_Group12" 1 1 1 1 1
"013_Group13" 1 1 1 1 1
"014_Group14" 1 1 1 1 1
"015_Group15" 1 1 1 1 1
"016_Group16" 1 1 1 1 1
"017_Group17" 1 1 1 1 1
"018_Group18" 1 1 1 1 1
"019_Group19" 1 1 1 1 1
"020_Group20" 1 1 1 1 1
"021_Group21" 1 1 1 1 1
"022_Group22" 1 1 1 1 1
"023_Group23" 1 1 1 1 1
"024_Group24" 1 1 1 1 1
"025_Group25" 1 1 1 1 1
"026_Group26" 1 1 1 1 1
"027_Group27" 1 1 1 1 1
"028_Group28" 1 1 1 1 1
"029_Group29" 1 1 1 1 1
"030_Group30" 1 1 1 1 1
"031_Group31" 1 1 1 1 1
"032_Group32" 1 1 1 1 1
"033_Group33" 1 1 1 1 1
"034_Group34" 1 1 1 1 1
"035_Group35" 1 1 1 1 1
"036_Group36" 1 1 1 1 1
"037_Group37" 1 1 1 1 1
"038_Group38" 1 1 1 1 1
"039_Group39" 1 1 1 1 1
"040_Group40" 1 1 1 1 1
"041_Group41" 1 1 1 1 1
"042_Group42" 1 1 1 1 1
"043_Group43" 1 1 1 1 1
"044_Group44" 1 1 1 1 1
"045_Group45" 1 1 1 1 1
"046_Group46" 1 1 1 1 1
"047_Group47" 1 1 1 1 1
"048_Group48" 1 1 1 1 1
"049_Group49" 1 1 1 1 1
"050_Group50" 1 1 1 1 1
"051_Group51" 1 1 1 1 1
"052_Group52" 1 1 1 1 1
"053_Group53" 1 1 1 1 1
"054_Group54" 1 1 1 1 1
"055_Group55" 1 1 1 1 1
"056_Group56" 1 1 1 1 1
"057_Group57" 1 1 1 1 1
"058_Group58" 1 1 1 1 1
"059_Group59" 1 1 1 1 1
"060_Group60" 1 1 1 1 1
"061_Group61" 1 1 1 1 1
"062_Group62" 1 1 1 1 1
"063_Group63" 1 1 1 1 1
"064_Group64" 1 1 1 1 1
"065_Group65" 1 1 1 1 1
"066_Group66" 1 1 1 1 1
"067_Group67" 1 1 1 1 1
"068_Group68" 1 1 1 1 1
"069_Group69" 1 1 1 1 1
"070_Group70" 1 1 1 1 1
"071_Group71" 1 1 1 1 1
"072_Group72" 1 1 1 1 1
"073_Group73" 1 1 1 1 1
"074_Group74" 1 1 1 1 1
"075_Group75" 1 1 1 1 1
"076_Group76" 1 1 1 1 1
"077_Group77" 1 1 1 1 1
"078_Group78" 1 1 1 1 1
"079_Group79" 1 1 1 1 1
"080_Group80" 1 1 1 1 1
"081_Group81" 1 1 1 1 1
"082_Group82" 1 1 1 1 1
"083_Group83" 1 1 1 1 1
"084_Group84" 1 1 1 1 1
"085_Group85" 1 1 1 1 1
"086_Group86" 1 1 1 1 1
"087_Group87" 1 1 1 1 1
"088_Group88" 1 1 1 1 1
"089_Group89" 1 1 1 1 1
"090_Group90" 1 1 1 1 1
"091_Group91" 1 1 1 1 1
"092_Group92" 1 1 1 1 1
"093_Group93" 1 1 1 1 1
"094_Group94" 1 1 1 1 1
"095_Group95" 1 1 1 1 1

"<<<<<< Number of Samples per Acquisition Interval [1unit=500values] >>>>>>"
Time[m] 2 4 6 8 10 
#Samples 2 2 2 2 2 

"<<<<<< Average Temperature [°C] >>>>>>"
Time[m] 2 4 6 8 10 
Temp[°C] 21.4 21.4 21.4 21.4 21.4 

"<<<<<< Well Activity >>>>>>"
Well Group/Time[m] 2 4 6 8 10
A1 "000_Group0" 21 15 14 7 17
B1 "001_Group1" 16 10 10 9 10
C1 "002_Group2" 22 22 19 13 17
D1 "003_Group3" 11 10 6 2 13
E1 "004_Group4" 24 8 10 6 4
F1 "005_Group5" 13 9 15 3 10
G1 "006_Group6" 29 13 4 9 4
H1 "007_Group7" 23 33 25 28 12
A2 "008_Group8" 18 27 30 31 32
B2 "009_Group9" 11 27 27 39 30
C2 "010_Group10" 21 36 32 41 31
D2 "011_Group11" 16 42 29 36 43
E2 "012_Group12" 21 22 33 42 34
F2 "013_Group13" 18 38 42 42 21
G2 "014_Group14" 33 32 43 36 19
H2 "015_Group15" 39 28 39 32 28
A3 "016_Group16" 23 24 23 20 21
B3 "017_Group17" 20 23 29 22 33
C3 "018_Group18" 40 39 30 32 8
D3 "019_Group19" 36 36 40 32 28
E3 "020_Group20" 28 24 10 22 33
F3 "021_Group21" 9 5 15 18 4
G3 "022_Group22" 30 27 20 33 21
H3 "023_Group23" 30 14 20 17 9
A4 "024_Group24" 18 13 24 22 13
B4 "025_Group25" 16 11 10 11 18
C4 "026_Group26" 15 25 24 24 22
D4 "027_Group27" 6 11 10 12 10
E4 "028_Group28" 20 28 25 22 26
F4 "029_Group29" 17 30 24 18 15
G4 "030_Group30" 22 17 18 15 11
H4 "031_Group31" 21 37 39 36 28
A5 "032_Group32" 10 49 32 21 21
B5 "033_Group33" 9 17 21 10 22
C5 "034_Group34" 14 23 21 29 19
D5 "035_Group35" 37 23 25 33 31
E5 "036_Group36" 33 28 18 15 16
F5 "037_Group37" 8 12 17 18 17
G5 "038_Group38" 17 20 32 16 16
H5 "039_Group39" 5 11 11 10 9
A6 "040_Group40" 30 35 27 22 21
B6 "041_Group41" 23 19 34 25 30
C6 "042_Group42" 13 29 20 22 29
D6 "043_Group43" 31 17 25 20 29
E6 "044_Group44" 25 14 13 19 15
F6 "045_Group45" 14 8 10 13 14
G6 "046_Group46" 19 18 16 26 12
H6 "047_Group47" 27 37 30 23 21
A7 "048_Group48" 8 19 32 28 27
B7 "049_Group49" 25 36 33 48 13
C7 "050_Group50" 8 19 36 12 13
D7 "051_Group51" 13 18 26 16 14
E7 "052_Group52" 14 30 38 19 24
F7 "053_Group53" 12 10 20 28 14
G7 "054_Group54" 29 10 19 27 30
H7 "055_Group55" 6 5 14 20 20
A8 "056_Group56" 14 32 41 15 22
B8 "057_Group57" 15 18 33 25 11
C8 "058_Group58" 29 27 18 18 17
D8 "059_Group59" 20 16 16 15 28
E8 "060_Group60" 11 15 24 18 35
F8 "061_Group61" 30 18 35 28 18
G8 "062_Group62" 14 44 12 17 12
H8 "063_Group63" 32 44 35 28 14
A9 "064_Group64" 21 36 38 21 22
B9 "065_Group65" 33 35 29 26 39
C9 "066_Group66" 31 33 51 49 45
D9 "067_Group67" 21 32 16 18 21
E9 "068_Group68" 21 27 32 15 12
F9 "069_Group69" 47 49 23 42 27
G9 "070_Group70" 49 53 43 43 39
H9 "071_Group71" 20 27 24 37 26
A10 "072_Group72" 23 13 22 22 21
B10 "073_Group73" 16 23 20 28 14
C10 "074_Group74" 33 23 21 32 24
D10 "075_Group75" 12 3 5 14 14
E10 "076_Group76" 20 19 30 22 17
F10 "077_Group77" 19 28 34 19 32
G10 "078_Group78" 31 37 25 19 8
H10 "079_Group79" 25 24 13 29 15
A11 "080_Group80" 18 22 13 14 14
B11 "081_Group81" 12 9 19 14 15
C11 "082_Group82" 8 14 14 10 18
D11 "083_Group83" 13 18 14 16 20
E11 "084_Group84" 14 21 18 15 6
F11 "085_Group85" 4 23 10 20 24
G11 "086_Group86" 7 9 19 13 12
H11 "087_Group87" 8 20 16 9 9
A12 "088_Group88" 15 18 18 25 18
B12 "089_Group89" 23 22 21 20 21
C12 "090_Group90" 19 23 28 24 23
D12 "091_Group91" 13 15 52 27 22
E12 "092_Group92" 34 21 25 31 41
F12 "093_Group93" 19 24 18 23 21
G12 "094_Group94" 13 9 14 14 21
H12 "095_Group95" 15 35 23 37 24

"<<<<<< Channel Activity >>>>>>"
Channel Well Group/Time[m] 2 4 6 8 10
CH0 A1.0 "000_Group0" 21 15 14 7 17
CH2 B1.0 "001_Group1" 16 10 10 9 10
CH4 C1.0 "002_Group2" 22 22 19 13 17
CH6 D1.0 "003_Group3" 11 10 6 2 13
CH8 E1.0 "004_Group4" 24 8 10 6 4
CH10 F1.0 "005_Group5" 13 9 15 3 10
CH12 G1.0 "006_Group6" 29 13 4 9 4
CH14 H1.0 "007_Group7" 23 33 25 28 12
CH32 A2.0 "008_Group8" 18 27 30 31 32
CH34 B2.0 "009_Group9" 11 27 27 39 30
CH36 C2.0 "010_Group10" 21 36 32 41 31
CH38 D2.0 "011_Group11" 16 42 29 36 43
CH40 E2.0 "012_Group12" 21 22 33 42 34
CH42 F2.0 "013_Group13" 18 38 42 42 21
CH44 G2.0 "014_Group14" 33 32 43 36 19
CH46 H2.0 "015_Group15" 39 28 39 32 28
CH64 A3.0 "016_Group16" 23 24 23 20 21
CH66 B3.0 "017_Group17" 20 23 29 22 33
CH68 C3.0 "018_Group18" 40 39 30 32 8
CH70 D3.0 "019_Group19" 36 36 40 32 28
CH72 E3.0 "020_Group20" 28 24 10 22 33
CH74 F3.0 "021_Group21" 9 5 15 18 4
CH76 G3.0 "022_Group22" 30 27 20 33 21
CH78 H3.0 "023_Group23" 30 14 20 17 9
CH96 A4.0 "024_Group24" 18 13 24 22 13
CH98 B4.0 "025_Group25" 16 11 10 11 18
CH100 C4.0 "026_Group26" 15 25 24 24 22
CH102 D4.0 "027_Group27" 6 11 10 12 10
CH104 E4.0 "028_Group28" 20 28 25 22 26
CH106 F4.0 "029_Group29" 17 30 24 18 15
CH108 G4.0 "030_Group30" 22 17 18 15 11
CH110 H4.0 "031_Group31" 21 37 39 36 28
CH128 A5.0 "032_Group32" 10 49 32 21 21
CH130 B5.0 "033_Group33" 9 17 21 10 22
CH132 C5.0 "034_Group34" 14 23 21 29 19
CH134 D5.0 "035_Group35" 37 23 25 33 31
CH136 E5.0 "036_Group36" 33 28 18 15 16
CH138 F5.0 "037_Group37" 8 12 17 18 17
CH140 G5.0 "038_Group38" 17 20 32 16 16
CH142 H5.0 "039_Group39" 5 11 11 10 9
CH160 A6.0 "040_Group40" 30 35 27 22 21
CH162 B6.0 "041_Group41" 23 19 34 25 30
CH164 C6.0 "042_Group42" 13 29 20 22 29
CH166 D6.0 "043_Group43" 31 17 25 20 29
CH168 E6.0 "044_Group44" 25 14 13 19 15
CH170 F6.0 "045_Group45" 14 8 10 13 14
CH172 G6.0 "046_Group46" 19 18 16 26 12
CH174 H6.0 "047_Group47" 27 37 30 23 21
CH192 A7.0 "048_Group48" 8 19 32 28 27
CH194 B7.0 "049_Group49" 25 36 33 48 13
CH196 C7.0 "050_Group50" 8 19 36 12 13
CH198 D7.0 "051_Group51" 13 18 26 16 14
CH200 E7.0 "052_Group52" 14 30 38 19 24
CH202 F7.0 "053_Group53" 12 10 20 28 14
CH204 G7.0 "054_Group54" 29 10 19 27 30
CH206 H7.0 "055_Group55" 6 5 14 20 20
CH224 A8.0 "056_Group56" 14 32 41 15 22
CH226 B8.0 "057_Group57" 15 18 33 25 11
CH228 C8.0 "058_Group58" 29 27 18 18 17
CH230 D8.0 "059_Group59" 20 16 16 15 28
CH232 E8.0 "060_Group60" 11 15 24 18 35
CH234 F8.0 "061_Group61" 30 18 35 28 18
CH236 G8.0 "062_Group62" 14 44 12 17 12
CH238 H8.0 "063_Group63" 32 44 35 28 14
CH256 A9.0 "064_Group64" 21 36 38 21 22
CH258 B9.0 "065_Group65" 33 35 29 26 39
CH260 C9.0 "066_Group66" 31 33 51 49 45
CH262 D9.0 "067_Group67" 21 32 16 18 21
CH264 E9.0 "068_Group68" 21 27 32 15 12
CH266 F9.0 "069_Group69" 47 49 23 42 27
CH268 G9.0 "070_Group70" 49 53 43 43 39
CH270 H9.0 "071_Group71" 20 27 24 37 26
CH288 A10.0 "072_Group72" 23 13 22 22 21
CH290 B10.0 "073_Group73" 16 23 20 28 14
CH292 C10.0 "074_Group74" 33 23 21 32 24
CH294 D10.0 "075_Group75" 12 3 5 14 14
CH296 E10.0 "076_Group76" 20 19 30 22 17
CH298 F10.0 "077_Group77" 19 28 34 19 32
CH300 G10.0 "078_Group78" 31 37 25 19 8
CH302 H10.0 "079_Group79" 25 24 13 29 15
CH320 A11.0 "080_Group80" 18 22 13 14 14
CH322 B11.0 "081_Group81" 12 9 19 14 15
CH324 C11.0 "082_Group82" 8 14 14 10 18
CH326 D11.0 "083_Group83" 13 18 14 16 20
CH328 E11.0 "084_Group84" 14 21 18 15 6
CH330 F11.0 "085_Group85" 4 23 10 20 24
CH332 G11.0 "086_Group86" 7 9 19 13 12
CH334 H11.0 "087_Group87" 8 20 16 9 9
CH352 A12.0 "088_Group88" 15 18 18 25 18
CH354 B12.0 "089_Group89" 23 22 21 20 21
CH356 C12.0 "090_Group90" 19 23 28 24 23
CH358 D12.0 "091_Group91" 13 15 52 27 22
CH360 E12.0 "092_Group92" 34 21 25 31 41
CH362 F12.0 "093_Group93" 19 24 18 23 21
CH364 G12.0 "094_Group94" 13 9 14 14 21
CH366 H12.0 "095_Group95" 15 35 23 37 24
