"DATE:" "2/14/2015 8:58:34 AM"
"FILE:" "C:\Users\AndersenLab\Desktop\wmicrotracker\p00011\20150214_0846"
"SUBPROJECT:" "20150214_Longevity_3_2mgmL"

"<<<<<< Group Activity: Average Activity Counts per Data Interval>>>>>>"
Group/Time[m] 2 4 6 8 10
"000_Group0" 0 0 0 0 0
"001_Group1" 4 10 1 1 6
"002_Group2" 1 10 6 1 0
"003_Group3" 0 4 0 7 0
"004_Group4" 0 4 6 0 0
"005_Group5" 3 13 14 6 0
"006_Group6" 1 15 16 5 1
"007_Group7" 6 12 9 6 4
"008_Group8" 6 3 7 0 1
"009_Group9" 12 15 6 4 5
"010_Group10" 5 8 12 7 2
"011_Group11" 5 9 3 1 5
"012_Group12" 12 13 11 1 1
"013_Group13" 5 9 4 6 2
"014_Group14" 11 6 8 7 8
"015_Group15" 10 12 5 6 5
"016_Group16" 4 4 4 0 0
"017_Group17" 0 2 1 1 0
"018_Group18" 1 0 5 0 1
"019_Group19" 0 10 2 0 0
"020_Group20" 1 4 0 0 0
"021_Group21" 0 0 0 1 0
"022_Group22" 0 6 3 0 0
"023_Group23" 9 6 1 6 6
"024_Group24" 2 8 7 0 2
"025_Group25" 7 7 10 1 0
"026_Group26" 4 5 5 3 5
"027_Group27" 12 7 7 3 0
"028_Group28" 2 3 4 5 0
"029_Group29" 4 4 0 5 2
"030_Group30" 16 8 7 7 9
"031_Group31" 9 9 4 7 4
"032_Group32" 9 18 21 12 0
"033_Group33" 16 22 17 8 0
"034_Group34" 20 16 22 25 4
"035_Group35" 31 8 9 9 3
"036_Group36" 25 9 11 6 3
"037_Group37" 24 29 18 14 9
"038_Group38" 28 21 17 21 12
"039_Group39" 25 16 19 1 4
"040_Group40" 0 0 0 0 0
"041_Group41" 0 0 0 0 0
"042_Group42" 0 0 0 0 0
"043_Group43" 0 0 0 0 0
"044_Group44" 0 0 0 0 0
"045_Group45" 0 0 0 0 0
"046_Group46" 0 0 0 0 0
"047_Group47" 0 0 0 0 0
"048_Group48" 1 6 3 4 0
"049_Group49" 8 19 5 6 0
"050_Group50" 7 9 1 0 0
"051_Group51" 4 0 0 1 0
"052_Group52" 2 1 10 1 1
"053_Group53" 2 0 3 3 1
"054_Group54" 9 0 7 2 0
"055_Group55" 8 11 9 10 3
"056_Group56" 8 12 4 0 0
"057_Group57" 13 6 0 6 2
"058_Group58" 12 8 10 2 3
"059_Group59" 5 9 16 15 11
"060_Group60" 18 8 3 0 7
"061_Group61" 7 13 0 1 9
"062_Group62" 13 12 5 2 1
"063_Group63" 0 2 0 0 0
"064_Group64" 12 6 4 5 6
"065_Group65" 2 3 0 0 4
"066_Group66" 9 13 20 4 7
"067_Group67" 19 16 8 14 1
"068_Group68" 2 13 12 4 0
"069_Group69" 14 13 2 0 0
"070_Group70" 8 10 3 2 1
"071_Group71" 9 13 8 0 9
"072_Group72" 10 15 8 2 3
"073_Group73" 6 10 11 12 4
"074_Group74" 6 15 2 1 3
"075_Group75" 9 3 0 0 0
"076_Group76" 0 0 0 0 0
"077_Group77" 3 3 1 0 0
"078_Group78" 15 11 3 1 0
"079_Group79" 1 0 2 1 1
"080_Group80" 5 11 3 6 3
"081_Group81" 16 16 16 1 16
"082_Group82" 16 8 8 10 10
"083_Group83" 15 8 10 11 4
"084_Group84" 14 9 10 3 7
"085_Group85" 9 8 12 4 8
"086_Group86" 7 18 14 9 7
"087_Group87" 13 3 5 4 1
"088_Group88" 0 0 2 0 0
"089_Group89" 8 4 6 0 0
"090_Group90" 9 2 4 2 0
"091_Group91" 0 0 1 0 0
"092_Group92" 0 4 0 0 0
"093_Group93" 0 0 0 0 0
"094_Group94" 4 12 7 0 2
"095_Group95" 3 3 0 0 0

"<<<<<< Group Activity: Number of wells/group >>>>>>"
Group/Time[m] 2 4 6 8 10
"000_Group0" 1 1 1 1 1
"001_Group1" 1 1 1 1 1
"002_Group2" 1 1 1 1 1
"003_Group3" 1 1 1 1 1
"004_Group4" 1 1 1 1 1
"005_Group5" 1 1 1 1 1
"006_Group6" 1 1 1 1 1
"007_Group7" 1 1 1 1 1
"008_Group8" 1 1 1 1 1
"009_Group9" 1 1 1 1 1
"010_Group10" 1 1 1 1 1
"011_Group11" 1 1 1 1 1
"012_Group12" 1 1 1 1 1
"013_Group13" 1 1 1 1 1
"014_Group14" 1 1 1 1 1
"015_Group15" 1 1 1 1 1
"016_Group16" 1 1 1 1 1
"017_Group17" 1 1 1 1 1
"018_Group18" 1 1 1 1 1
"019_Group19" 1 1 1 1 1
"020_Group20" 1 1 1 1 1
"021_Group21" 1 1 1 1 1
"022_Group22" 1 1 1 1 1
"023_Group23" 1 1 1 1 1
"024_Group24" 1 1 1 1 1
"025_Group25" 1 1 1 1 1
"026_Group26" 1 1 1 1 1
"027_Group27" 1 1 1 1 1
"028_Group28" 1 1 1 1 1
"029_Group29" 1 1 1 1 1
"030_Group30" 1 1 1 1 1
"031_Group31" 1 1 1 1 1
"032_Group32" 1 1 1 1 1
"033_Group33" 1 1 1 1 1
"034_Group34" 1 1 1 1 1
"035_Group35" 1 1 1 1 1
"036_Group36" 1 1 1 1 1
"037_Group37" 1 1 1 1 1
"038_Group38" 1 1 1 1 1
"039_Group39" 1 1 1 1 1
"040_Group40" 1 1 1 1 1
"041_Group41" 1 1 1 1 1
"042_Group42" 1 1 1 1 1
"043_Group43" 1 1 1 1 1
"044_Group44" 1 1 1 1 1
"045_Group45" 1 1 1 1 1
"046_Group46" 1 1 1 1 1
"047_Group47" 1 1 1 1 1
"048_Group48" 1 1 1 1 1
"049_Group49" 1 1 1 1 1
"050_Group50" 1 1 1 1 1
"051_Group51" 1 1 1 1 1
"052_Group52" 1 1 1 1 1
"053_Group53" 1 1 1 1 1
"054_Group54" 1 1 1 1 1
"055_Group55" 1 1 1 1 1
"056_Group56" 1 1 1 1 1
"057_Group57" 1 1 1 1 1
"058_Group58" 1 1 1 1 1
"059_Group59" 1 1 1 1 1
"060_Group60" 1 1 1 1 1
"061_Group61" 1 1 1 1 1
"062_Group62" 1 1 1 1 1
"063_Group63" 1 1 1 1 1
"064_Group64" 1 1 1 1 1
"065_Group65" 1 1 1 1 1
"066_Group66" 1 1 1 1 1
"067_Group67" 1 1 1 1 1
"068_Group68" 1 1 1 1 1
"069_Group69" 1 1 1 1 1
"070_Group70" 1 1 1 1 1
"071_Group71" 1 1 1 1 1
"072_Group72" 1 1 1 1 1
"073_Group73" 1 1 1 1 1
"074_Group74" 1 1 1 1 1
"075_Group75" 1 1 1 1 1
"076_Group76" 1 1 1 1 1
"077_Group77" 1 1 1 1 1
"078_Group78" 1 1 1 1 1
"079_Group79" 1 1 1 1 1
"080_Group80" 1 1 1 1 1
"081_Group81" 1 1 1 1 1
"082_Group82" 1 1 1 1 1
"083_Group83" 1 1 1 1 1
"084_Group84" 1 1 1 1 1
"085_Group85" 1 1 1 1 1
"086_Group86" 1 1 1 1 1
"087_Group87" 1 1 1 1 1
"088_Group88" 1 1 1 1 1
"089_Group89" 1 1 1 1 1
"090_Group90" 1 1 1 1 1
"091_Group91" 1 1 1 1 1
"092_Group92" 1 1 1 1 1
"093_Group93" 1 1 1 1 1
"094_Group94" 1 1 1 1 1
"095_Group95" 1 1 1 1 1

"<<<<<< Number of Samples per Acquisition Interval [1unit=500values] >>>>>>"
Time[m] 2 4 6 8 10 
#Samples 2 2 2 2 2 

"<<<<<< Average Temperature [°C] >>>>>>"
Time[m] 2 4 6 8 10 
Temp[°C] 20.5 20.5 20.7 20.7 20.7 

"<<<<<< Well Activity >>>>>>"
Well Group/Time[m] 2 4 6 8 10
A1 "000_Group0" 0 0 0 0 0
B1 "001_Group1" 4 10 1 1 6
C1 "002_Group2" 1 10 6 1 0
D1 "003_Group3" 0 4 0 7 0
E1 "004_Group4" 0 4 6 0 0
F1 "005_Group5" 3 13 14 6 0
G1 "006_Group6" 1 15 16 5 1
H1 "007_Group7" 6 12 9 6 4
A2 "008_Group8" 6 3 7 0 1
B2 "009_Group9" 12 15 6 4 5
C2 "010_Group10" 5 8 12 7 2
D2 "011_Group11" 5 9 3 1 5
E2 "012_Group12" 12 13 11 1 1
F2 "013_Group13" 5 9 4 6 2
G2 "014_Group14" 11 6 8 7 8
H2 "015_Group15" 10 12 5 6 5
A3 "016_Group16" 4 4 4 0 0
B3 "017_Group17" 0 2 1 1 0
C3 "018_Group18" 1 0 5 0 1
D3 "019_Group19" 0 10 2 0 0
E3 "020_Group20" 1 4 0 0 0
F3 "021_Group21" 0 0 0 1 0
G3 "022_Group22" 0 6 3 0 0
H3 "023_Group23" 9 6 1 6 6
A4 "024_Group24" 2 8 7 0 2
B4 "025_Group25" 7 7 10 1 0
C4 "026_Group26" 4 5 5 3 5
D4 "027_Group27" 12 7 7 3 0
E4 "028_Group28" 2 3 4 5 0
F4 "029_Group29" 4 4 0 5 2
G4 "030_Group30" 16 8 7 7 9
H4 "031_Group31" 9 9 4 7 4
A5 "032_Group32" 9 18 21 12 0
B5 "033_Group33" 16 22 17 8 0
C5 "034_Group34" 20 16 22 25 4
D5 "035_Group35" 31 8 9 9 3
E5 "036_Group36" 25 9 11 6 3
F5 "037_Group37" 24 29 18 14 9
G5 "038_Group38" 28 21 17 21 12
H5 "039_Group39" 25 16 19 1 4
A6 "040_Group40" 0 0 0 0 0
B6 "041_Group41" 0 0 0 0 0
C6 "042_Group42" 0 0 0 0 0
D6 "043_Group43" 0 0 0 0 0
E6 "044_Group44" 0 0 0 0 0
F6 "045_Group45" 0 0 0 0 0
G6 "046_Group46" 0 0 0 0 0
H6 "047_Group47" 0 0 0 0 0
A7 "048_Group48" 1 6 3 4 0
B7 "049_Group49" 8 19 5 6 0
C7 "050_Group50" 7 9 1 0 0
D7 "051_Group51" 4 0 0 1 0
E7 "052_Group52" 2 1 10 1 1
F7 "053_Group53" 2 0 3 3 1
G7 "054_Group54" 9 0 7 2 0
H7 "055_Group55" 8 11 9 10 3
A8 "056_Group56" 8 12 4 0 0
B8 "057_Group57" 13 6 0 6 2
C8 "058_Group58" 12 8 10 2 3
D8 "059_Group59" 5 9 16 15 11
E8 "060_Group60" 18 8 3 0 7
F8 "061_Group61" 7 13 0 1 9
G8 "062_Group62" 13 12 5 2 1
H8 "063_Group63" 0 2 0 0 0
A9 "064_Group64" 12 6 4 5 6
B9 "065_Group65" 2 3 0 0 4
C9 "066_Group66" 9 13 20 4 7
D9 "067_Group67" 19 16 8 14 1
E9 "068_Group68" 2 13 12 4 0
F9 "069_Group69" 14 13 2 0 0
G9 "070_Group70" 8 10 3 2 1
H9 "071_Group71" 9 13 8 0 9
A10 "072_Group72" 10 15 8 2 3
B10 "073_Group73" 6 10 11 12 4
C10 "074_Group74" 6 15 2 1 3
D10 "075_Group75" 9 3 0 0 0
E10 "076_Group76" 0 0 0 0 0
F10 "077_Group77" 3 3 1 0 0
G10 "078_Group78" 15 11 3 1 0
H10 "079_Group79" 1 0 2 1 1
A11 "080_Group80" 5 11 3 6 3
B11 "081_Group81" 16 16 16 1 16
C11 "082_Group82" 16 8 8 10 10
D11 "083_Group83" 15 8 10 11 4
E11 "084_Group84" 14 9 10 3 7
F11 "085_Group85" 9 8 12 4 8
G11 "086_Group86" 7 18 14 9 7
H11 "087_Group87" 13 3 5 4 1
A12 "088_Group88" 0 0 2 0 0
B12 "089_Group89" 8 4 6 0 0
C12 "090_Group90" 9 2 4 2 0
D12 "091_Group91" 0 0 1 0 0
E12 "092_Group92" 0 4 0 0 0
F12 "093_Group93" 0 0 0 0 0
G12 "094_Group94" 4 12 7 0 2
H12 "095_Group95" 3 3 0 0 0

"<<<<<< Channel Activity >>>>>>"
Channel Well Group/Time[m] 2 4 6 8 10
CH0 A1.0 "000_Group0" 0 0 0 0 0
CH2 B1.0 "001_Group1" 4 10 1 1 6
CH4 C1.0 "002_Group2" 1 10 6 1 0
CH6 D1.0 "003_Group3" 0 4 0 7 0
CH8 E1.0 "004_Group4" 0 4 6 0 0
CH10 F1.0 "005_Group5" 3 13 14 6 0
CH12 G1.0 "006_Group6" 1 15 16 5 1
CH14 H1.0 "007_Group7" 6 12 9 6 4
CH32 A2.0 "008_Group8" 6 3 7 0 1
CH34 B2.0 "009_Group9" 12 15 6 4 5
CH36 C2.0 "010_Group10" 5 8 12 7 2
CH38 D2.0 "011_Group11" 5 9 3 1 5
CH40 E2.0 "012_Group12" 12 13 11 1 1
CH42 F2.0 "013_Group13" 5 9 4 6 2
CH44 G2.0 "014_Group14" 11 6 8 7 8
CH46 H2.0 "015_Group15" 10 12 5 6 5
CH64 A3.0 "016_Group16" 4 4 4 0 0
CH66 B3.0 "017_Group17" 0 2 1 1 0
CH68 C3.0 "018_Group18" 1 0 5 0 1
CH70 D3.0 "019_Group19" 0 10 2 0 0
CH72 E3.0 "020_Group20" 1 4 0 0 0
CH74 F3.0 "021_Group21" 0 0 0 1 0
CH76 G3.0 "022_Group22" 0 6 3 0 0
CH78 H3.0 "023_Group23" 9 6 1 6 6
CH96 A4.0 "024_Group24" 2 8 7 0 2
CH98 B4.0 "025_Group25" 7 7 10 1 0
CH100 C4.0 "026_Group26" 4 5 5 3 5
CH102 D4.0 "027_Group27" 12 7 7 3 0
CH104 E4.0 "028_Group28" 2 3 4 5 0
CH106 F4.0 "029_Group29" 4 4 0 5 2
CH108 G4.0 "030_Group30" 16 8 7 7 9
CH110 H4.0 "031_Group31" 9 9 4 7 4
CH128 A5.0 "032_Group32" 9 18 21 12 0
CH130 B5.0 "033_Group33" 16 22 17 8 0
CH132 C5.0 "034_Group34" 20 16 22 25 4
CH134 D5.0 "035_Group35" 31 8 9 9 3
CH136 E5.0 "036_Group36" 25 9 11 6 3
CH138 F5.0 "037_Group37" 24 29 18 14 9
CH140 G5.0 "038_Group38" 28 21 17 21 12
CH142 H5.0 "039_Group39" 25 16 19 1 4
CH160 A6.0 "040_Group40" 0 0 0 0 0
CH162 B6.0 "041_Group41" 0 0 0 0 0
CH164 C6.0 "042_Group42" 0 0 0 0 0
CH166 D6.0 "043_Group43" 0 0 0 0 0
CH168 E6.0 "044_Group44" 0 0 0 0 0
CH170 F6.0 "045_Group45" 0 0 0 0 0
CH172 G6.0 "046_Group46" 0 0 0 0 0
CH174 H6.0 "047_Group47" 0 0 0 0 0
CH192 A7.0 "048_Group48" 1 6 3 4 0
CH194 B7.0 "049_Group49" 8 19 5 6 0
CH196 C7.0 "050_Group50" 7 9 1 0 0
CH198 D7.0 "051_Group51" 4 0 0 1 0
CH200 E7.0 "052_Group52" 2 1 10 1 1
CH202 F7.0 "053_Group53" 2 0 3 3 1
CH204 G7.0 "054_Group54" 9 0 7 2 0
CH206 H7.0 "055_Group55" 8 11 9 10 3
CH224 A8.0 "056_Group56" 8 12 4 0 0
CH226 B8.0 "057_Group57" 13 6 0 6 2
CH228 C8.0 "058_Group58" 12 8 10 2 3
CH230 D8.0 "059_Group59" 5 9 16 15 11
CH232 E8.0 "060_Group60" 18 8 3 0 7
CH234 F8.0 "061_Group61" 7 13 0 1 9
CH236 G8.0 "062_Group62" 13 12 5 2 1
CH238 H8.0 "063_Group63" 0 2 0 0 0
CH256 A9.0 "064_Group64" 12 6 4 5 6
CH258 B9.0 "065_Group65" 2 3 0 0 4
CH260 C9.0 "066_Group66" 9 13 20 4 7
CH262 D9.0 "067_Group67" 19 16 8 14 1
CH264 E9.0 "068_Group68" 2 13 12 4 0
CH266 F9.0 "069_Group69" 14 13 2 0 0
CH268 G9.0 "070_Group70" 8 10 3 2 1
CH270 H9.0 "071_Group71" 9 13 8 0 9
CH288 A10.0 "072_Group72" 10 15 8 2 3
CH290 B10.0 "073_Group73" 6 10 11 12 4
CH292 C10.0 "074_Group74" 6 15 2 1 3
CH294 D10.0 "075_Group75" 9 3 0 0 0
CH296 E10.0 "076_Group76" 0 0 0 0 0
CH298 F10.0 "077_Group77" 3 3 1 0 0
CH300 G10.0 "078_Group78" 15 11 3 1 0
CH302 H10.0 "079_Group79" 1 0 2 1 1
CH320 A11.0 "080_Group80" 5 11 3 6 3
CH322 B11.0 "081_Group81" 16 16 16 1 16
CH324 C11.0 "082_Group82" 16 8 8 10 10
CH326 D11.0 "083_Group83" 15 8 10 11 4
CH328 E11.0 "084_Group84" 14 9 10 3 7
CH330 F11.0 "085_Group85" 9 8 12 4 8
CH332 G11.0 "086_Group86" 7 18 14 9 7
CH334 H11.0 "087_Group87" 13 3 5 4 1
CH352 A12.0 "088_Group88" 0 0 2 0 0
CH354 B12.0 "089_Group89" 8 4 6 0 0
CH356 C12.0 "090_Group90" 9 2 4 2 0
CH358 D12.0 "091_Group91" 0 0 1 0 0
CH360 E12.0 "092_Group92" 0 4 0 0 0
CH362 F12.0 "093_Group93" 0 0 0 0 0
CH364 G12.0 "094_Group94" 4 12 7 0 2
CH366 H12.0 "095_Group95" 3 3 0 0 0
