"DATE:" "2/11/2015 8:44:37 AM"
"FILE:" "C:\Users\AndersenLab\Desktop\wmicrotracker\p00011\20150211_0833"
"SUBPROJECT:" "20150211_Longevity_3_2mgmL"

"<<<<<< Group Activity: Average Activity Counts per Data Interval>>>>>>"
Group/Time[m] 2 4 6 8 10
"000_Group0" 3 5 4 3 6
"001_Group1" 5 15 11 5 0
"002_Group2" 15 14 3 0 0
"003_Group3" 1 6 11 10 1
"004_Group4" 11 7 7 5 7
"005_Group5" 1 8 10 4 6
"006_Group6" 12 8 15 11 7
"007_Group7" 9 22 7 11 1
"008_Group8" 5 7 7 6 0
"009_Group9" 7 7 13 5 5
"010_Group10" 5 13 12 10 12
"011_Group11" 11 9 9 11 8
"012_Group12" 23 16 11 11 10
"013_Group13" 6 18 12 11 8
"014_Group14" 12 9 5 6 4
"015_Group15" 7 6 14 7 7
"016_Group16" 4 8 8 3 2
"017_Group17" 7 9 7 3 1
"018_Group18" 6 5 8 6 11
"019_Group19" 8 11 7 1 1
"020_Group20" 9 9 3 8 8
"021_Group21" 10 8 7 5 0
"022_Group22" 12 16 6 7 6
"023_Group23" 7 13 3 3 6
"024_Group24" 7 21 6 0 7
"025_Group25" 1 12 14 4 3
"026_Group26" 8 12 29 14 5
"027_Group27" 12 16 25 12 3
"028_Group28" 11 9 10 8 2
"029_Group29" 8 7 13 17 7
"030_Group30" 11 11 17 11 6
"031_Group31" 13 7 9 6 8
"032_Group32" 11 16 17 18 6
"033_Group33" 22 24 35 17 16
"034_Group34" 21 20 35 18 25
"035_Group35" 20 11 5 5 1
"036_Group36" 21 31 17 6 3
"037_Group37" 19 11 22 11 0
"038_Group38" 25 14 9 25 7
"039_Group39" 15 28 25 17 26
"040_Group40" 0 0 0 0 2
"041_Group41" 2 6 8 10 1
"042_Group42" 0 0 0 0 0
"043_Group43" 0 0 0 0 0
"044_Group44" 4 3 0 2 0
"045_Group45" 0 0 5 0 0
"046_Group46" 0 0 0 0 0
"047_Group47" 0 0 0 0 0
"048_Group48" 19 19 5 6 4
"049_Group49" 15 10 8 7 10
"050_Group50" 11 15 2 0 4
"051_Group51" 10 11 12 8 12
"052_Group52" 5 15 4 14 6
"053_Group53" 17 9 9 4 5
"054_Group54" 11 12 9 12 7
"055_Group55" 13 20 13 12 9
"056_Group56" 11 18 11 1 2
"057_Group57" 9 19 10 8 9
"058_Group58" 13 12 20 16 12
"059_Group59" 27 24 18 23 9
"060_Group60" 22 14 11 16 9
"061_Group61" 15 24 22 16 10
"062_Group62" 16 13 9 9 7
"063_Group63" 15 15 17 9 18
"064_Group64" 17 11 19 2 10
"065_Group65" 9 12 6 9 7
"066_Group66" 16 24 18 26 16
"067_Group67" 14 16 24 12 9
"068_Group68" 8 11 19 15 10
"069_Group69" 26 19 12 24 16
"070_Group70" 22 22 30 21 18
"071_Group71" 8 24 18 12 3
"072_Group72" 18 28 25 25 17
"073_Group73" 13 12 10 21 9
"074_Group74" 7 2 5 9 2
"075_Group75" 10 15 20 14 9
"076_Group76" 0 3 4 9 14
"077_Group77" 1 16 13 15 9
"078_Group78" 19 11 4 9 12
"079_Group79" 5 19 9 3 4
"080_Group80" 8 11 16 15 9
"081_Group81" 16 11 5 10 12
"082_Group82" 12 9 14 12 11
"083_Group83" 9 21 9 11 0
"084_Group84" 18 16 14 8 7
"085_Group85" 14 11 23 5 7
"086_Group86" 11 12 13 9 6
"087_Group87" 17 18 16 12 3
"088_Group88" 0 13 5 0 0
"089_Group89" 5 6 0 2 6
"090_Group90" 0 10 0 11 6
"091_Group91" 3 0 0 0 0
"092_Group92" 0 1 0 6 8
"093_Group93" 5 0 3 0 0
"094_Group94" 15 6 10 7 1
"095_Group95" 7 8 3 0 0

"<<<<<< Group Activity: Number of wells/group >>>>>>"
Group/Time[m] 2 4 6 8 10
"000_Group0" 1 1 1 1 1
"001_Group1" 1 1 1 1 1
"002_Group2" 1 1 1 1 1
"003_Group3" 1 1 1 1 1
"004_Group4" 1 1 1 1 1
"005_Group5" 1 1 1 1 1
"006_Group6" 1 1 1 1 1
"007_Group7" 1 1 1 1 1
"008_Group8" 1 1 1 1 1
"009_Group9" 1 1 1 1 1
"010_Group10" 1 1 1 1 1
"011_Group11" 1 1 1 1 1
"012_Group12" 1 1 1 1 1
"013_Group13" 1 1 1 1 1
"014_Group14" 1 1 1 1 1
"015_Group15" 1 1 1 1 1
"016_Group16" 1 1 1 1 1
"017_Group17" 1 1 1 1 1
"018_Group18" 1 1 1 1 1
"019_Group19" 1 1 1 1 1
"020_Group20" 1 1 1 1 1
"021_Group21" 1 1 1 1 1
"022_Group22" 1 1 1 1 1
"023_Group23" 1 1 1 1 1
"024_Group24" 1 1 1 1 1
"025_Group25" 1 1 1 1 1
"026_Group26" 1 1 1 1 1
"027_Group27" 1 1 1 1 1
"028_Group28" 1 1 1 1 1
"029_Group29" 1 1 1 1 1
"030_Group30" 1 1 1 1 1
"031_Group31" 1 1 1 1 1
"032_Group32" 1 1 1 1 1
"033_Group33" 1 1 1 1 1
"034_Group34" 1 1 1 1 1
"035_Group35" 1 1 1 1 1
"036_Group36" 1 1 1 1 1
"037_Group37" 1 1 1 1 1
"038_Group38" 1 1 1 1 1
"039_Group39" 1 1 1 1 1
"040_Group40" 1 1 1 1 1
"041_Group41" 1 1 1 1 1
"042_Group42" 1 1 1 1 1
"043_Group43" 1 1 1 1 1
"044_Group44" 1 1 1 1 1
"045_Group45" 1 1 1 1 1
"046_Group46" 1 1 1 1 1
"047_Group47" 1 1 1 1 1
"048_Group48" 1 1 1 1 1
"049_Group49" 1 1 1 1 1
"050_Group50" 1 1 1 1 1
"051_Group51" 1 1 1 1 1
"052_Group52" 1 1 1 1 1
"053_Group53" 1 1 1 1 1
"054_Group54" 1 1 1 1 1
"055_Group55" 1 1 1 1 1
"056_Group56" 1 1 1 1 1
"057_Group57" 1 1 1 1 1
"058_Group58" 1 1 1 1 1
"059_Group59" 1 1 1 1 1
"060_Group60" 1 1 1 1 1
"061_Group61" 1 1 1 1 1
"062_Group62" 1 1 1 1 1
"063_Group63" 1 1 1 1 1
"064_Group64" 1 1 1 1 1
"065_Group65" 1 1 1 1 1
"066_Group66" 1 1 1 1 1
"067_Group67" 1 1 1 1 1
"068_Group68" 1 1 1 1 1
"069_Group69" 1 1 1 1 1
"070_Group70" 1 1 1 1 1
"071_Group71" 1 1 1 1 1
"072_Group72" 1 1 1 1 1
"073_Group73" 1 1 1 1 1
"074_Group74" 1 1 1 1 1
"075_Group75" 1 1 1 1 1
"076_Group76" 1 1 1 1 1
"077_Group77" 1 1 1 1 1
"078_Group78" 1 1 1 1 1
"079_Group79" 1 1 1 1 1
"080_Group80" 1 1 1 1 1
"081_Group81" 1 1 1 1 1
"082_Group82" 1 1 1 1 1
"083_Group83" 1 1 1 1 1
"084_Group84" 1 1 1 1 1
"085_Group85" 1 1 1 1 1
"086_Group86" 1 1 1 1 1
"087_Group87" 1 1 1 1 1
"088_Group88" 1 1 1 1 1
"089_Group89" 1 1 1 1 1
"090_Group90" 1 1 1 1 1
"091_Group91" 1 1 1 1 1
"092_Group92" 1 1 1 1 1
"093_Group93" 1 1 1 1 1
"094_Group94" 1 1 1 1 1
"095_Group95" 1 1 1 1 1

"<<<<<< Number of Samples per Acquisition Interval [1unit=500values] >>>>>>"
Time[m] 2 4 6 8 10 
#Samples 2 2 2 2 2 

"<<<<<< Average Temperature [°C] >>>>>>"
Time[m] 2 4 6 8 10 
Temp[°C] 22.0 22.0 22.0 22.0 22.0 

"<<<<<< Well Activity >>>>>>"
Well Group/Time[m] 2 4 6 8 10
A1 "000_Group0" 3 5 4 3 6
B1 "001_Group1" 5 15 11 5 0
C1 "002_Group2" 15 14 3 0 0
D1 "003_Group3" 1 6 11 10 1
E1 "004_Group4" 11 7 7 5 7
F1 "005_Group5" 1 8 10 4 6
G1 "006_Group6" 12 8 15 11 7
H1 "007_Group7" 9 22 7 11 1
A2 "008_Group8" 5 7 7 6 0
B2 "009_Group9" 7 7 13 5 5
C2 "010_Group10" 5 13 12 10 12
D2 "011_Group11" 11 9 9 11 8
E2 "012_Group12" 23 16 11 11 10
F2 "013_Group13" 6 18 12 11 8
G2 "014_Group14" 12 9 5 6 4
H2 "015_Group15" 7 6 14 7 7
A3 "016_Group16" 4 8 8 3 2
B3 "017_Group17" 7 9 7 3 1
C3 "018_Group18" 6 5 8 6 11
D3 "019_Group19" 8 11 7 1 1
E3 "020_Group20" 9 9 3 8 8
F3 "021_Group21" 10 8 7 5 0
G3 "022_Group22" 12 16 6 7 6
H3 "023_Group23" 7 13 3 3 6
A4 "024_Group24" 7 21 6 0 7
B4 "025_Group25" 1 12 14 4 3
C4 "026_Group26" 8 12 29 14 5
D4 "027_Group27" 12 16 25 12 3
E4 "028_Group28" 11 9 10 8 2
F4 "029_Group29" 8 7 13 17 7
G4 "030_Group30" 11 11 17 11 6
H4 "031_Group31" 13 7 9 6 8
A5 "032_Group32" 11 16 17 18 6
B5 "033_Group33" 22 24 35 17 16
C5 "034_Group34" 21 20 35 18 25
D5 "035_Group35" 20 11 5 5 1
E5 "036_Group36" 21 31 17 6 3
F5 "037_Group37" 19 11 22 11 0
G5 "038_Group38" 25 14 9 25 7
H5 "039_Group39" 15 28 25 17 26
A6 "040_Group40" 0 0 0 0 2
B6 "041_Group41" 2 6 8 10 1
C6 "042_Group42" 0 0 0 0 0
D6 "043_Group43" 0 0 0 0 0
E6 "044_Group44" 4 3 0 2 0
F6 "045_Group45" 0 0 5 0 0
G6 "046_Group46" 0 0 0 0 0
H6 "047_Group47" 0 0 0 0 0
A7 "048_Group48" 19 19 5 6 4
B7 "049_Group49" 15 10 8 7 10
C7 "050_Group50" 11 15 2 0 4
D7 "051_Group51" 10 11 12 8 12
E7 "052_Group52" 5 15 4 14 6
F7 "053_Group53" 17 9 9 4 5
G7 "054_Group54" 11 12 9 12 7
H7 "055_Group55" 13 20 13 12 9
A8 "056_Group56" 11 18 11 1 2
B8 "057_Group57" 9 19 10 8 9
C8 "058_Group58" 13 12 20 16 12
D8 "059_Group59" 27 24 18 23 9
E8 "060_Group60" 22 14 11 16 9
F8 "061_Group61" 15 24 22 16 10
G8 "062_Group62" 16 13 9 9 7
H8 "063_Group63" 15 15 17 9 18
A9 "064_Group64" 17 11 19 2 10
B9 "065_Group65" 9 12 6 9 7
C9 "066_Group66" 16 24 18 26 16
D9 "067_Group67" 14 16 24 12 9
E9 "068_Group68" 8 11 19 15 10
F9 "069_Group69" 26 19 12 24 16
G9 "070_Group70" 22 22 30 21 18
H9 "071_Group71" 8 24 18 12 3
A10 "072_Group72" 18 28 25 25 17
B10 "073_Group73" 13 12 10 21 9
C10 "074_Group74" 7 2 5 9 2
D10 "075_Group75" 10 15 20 14 9
E10 "076_Group76" 0 3 4 9 14
F10 "077_Group77" 1 16 13 15 9
G10 "078_Group78" 19 11 4 9 12
H10 "079_Group79" 5 19 9 3 4
A11 "080_Group80" 8 11 16 15 9
B11 "081_Group81" 16 11 5 10 12
C11 "082_Group82" 12 9 14 12 11
D11 "083_Group83" 9 21 9 11 0
E11 "084_Group84" 18 16 14 8 7
F11 "085_Group85" 14 11 23 5 7
G11 "086_Group86" 11 12 13 9 6
H11 "087_Group87" 17 18 16 12 3
A12 "088_Group88" 0 13 5 0 0
B12 "089_Group89" 5 6 0 2 6
C12 "090_Group90" 0 10 0 11 6
D12 "091_Group91" 3 0 0 0 0
E12 "092_Group92" 0 1 0 6 8
F12 "093_Group93" 5 0 3 0 0
G12 "094_Group94" 15 6 10 7 1
H12 "095_Group95" 7 8 3 0 0

"<<<<<< Channel Activity >>>>>>"
Channel Well Group/Time[m] 2 4 6 8 10
CH0 A1.0 "000_Group0" 3 5 4 3 6
CH2 B1.0 "001_Group1" 5 15 11 5 0
CH4 C1.0 "002_Group2" 15 14 3 0 0
CH6 D1.0 "003_Group3" 1 6 11 10 1
CH8 E1.0 "004_Group4" 11 7 7 5 7
CH10 F1.0 "005_Group5" 1 8 10 4 6
CH12 G1.0 "006_Group6" 12 8 15 11 7
CH14 H1.0 "007_Group7" 9 22 7 11 1
CH32 A2.0 "008_Group8" 5 7 7 6 0
CH34 B2.0 "009_Group9" 7 7 13 5 5
CH36 C2.0 "010_Group10" 5 13 12 10 12
CH38 D2.0 "011_Group11" 11 9 9 11 8
CH40 E2.0 "012_Group12" 23 16 11 11 10
CH42 F2.0 "013_Group13" 6 18 12 11 8
CH44 G2.0 "014_Group14" 12 9 5 6 4
CH46 H2.0 "015_Group15" 7 6 14 7 7
CH64 A3.0 "016_Group16" 4 8 8 3 2
CH66 B3.0 "017_Group17" 7 9 7 3 1
CH68 C3.0 "018_Group18" 6 5 8 6 11
CH70 D3.0 "019_Group19" 8 11 7 1 1
CH72 E3.0 "020_Group20" 9 9 3 8 8
CH74 F3.0 "021_Group21" 10 8 7 5 0
CH76 G3.0 "022_Group22" 12 16 6 7 6
CH78 H3.0 "023_Group23" 7 13 3 3 6
CH96 A4.0 "024_Group24" 7 21 6 0 7
CH98 B4.0 "025_Group25" 1 12 14 4 3
CH100 C4.0 "026_Group26" 8 12 29 14 5
CH102 D4.0 "027_Group27" 12 16 25 12 3
CH104 E4.0 "028_Group28" 11 9 10 8 2
CH106 F4.0 "029_Group29" 8 7 13 17 7
CH108 G4.0 "030_Group30" 11 11 17 11 6
CH110 H4.0 "031_Group31" 13 7 9 6 8
CH128 A5.0 "032_Group32" 11 16 17 18 6
CH130 B5.0 "033_Group33" 22 24 35 17 16
CH132 C5.0 "034_Group34" 21 20 35 18 25
CH134 D5.0 "035_Group35" 20 11 5 5 1
CH136 E5.0 "036_Group36" 21 31 17 6 3
CH138 F5.0 "037_Group37" 19 11 22 11 0
CH140 G5.0 "038_Group38" 25 14 9 25 7
CH142 H5.0 "039_Group39" 15 28 25 17 26
CH160 A6.0 "040_Group40" 0 0 0 0 2
CH162 B6.0 "041_Group41" 2 6 8 10 1
CH164 C6.0 "042_Group42" 0 0 0 0 0
CH166 D6.0 "043_Group43" 0 0 0 0 0
CH168 E6.0 "044_Group44" 4 3 0 2 0
CH170 F6.0 "045_Group45" 0 0 5 0 0
CH172 G6.0 "046_Group46" 0 0 0 0 0
CH174 H6.0 "047_Group47" 0 0 0 0 0
CH192 A7.0 "048_Group48" 19 19 5 6 4
CH194 B7.0 "049_Group49" 15 10 8 7 10
CH196 C7.0 "050_Group50" 11 15 2 0 4
CH198 D7.0 "051_Group51" 10 11 12 8 12
CH200 E7.0 "052_Group52" 5 15 4 14 6
CH202 F7.0 "053_Group53" 17 9 9 4 5
CH204 G7.0 "054_Group54" 11 12 9 12 7
CH206 H7.0 "055_Group55" 13 20 13 12 9
CH224 A8.0 "056_Group56" 11 18 11 1 2
CH226 B8.0 "057_Group57" 9 19 10 8 9
CH228 C8.0 "058_Group58" 13 12 20 16 12
CH230 D8.0 "059_Group59" 27 24 18 23 9
CH232 E8.0 "060_Group60" 22 14 11 16 9
CH234 F8.0 "061_Group61" 15 24 22 16 10
CH236 G8.0 "062_Group62" 16 13 9 9 7
CH238 H8.0 "063_Group63" 15 15 17 9 18
CH256 A9.0 "064_Group64" 17 11 19 2 10
CH258 B9.0 "065_Group65" 9 12 6 9 7
CH260 C9.0 "066_Group66" 16 24 18 26 16
CH262 D9.0 "067_Group67" 14 16 24 12 9
CH264 E9.0 "068_Group68" 8 11 19 15 10
CH266 F9.0 "069_Group69" 26 19 12 24 16
CH268 G9.0 "070_Group70" 22 22 30 21 18
CH270 H9.0 "071_Group71" 8 24 18 12 3
CH288 A10.0 "072_Group72" 18 28 25 25 17
CH290 B10.0 "073_Group73" 13 12 10 21 9
CH292 C10.0 "074_Group74" 7 2 5 9 2
CH294 D10.0 "075_Group75" 10 15 20 14 9
CH296 E10.0 "076_Group76" 0 3 4 9 14
CH298 F10.0 "077_Group77" 1 16 13 15 9
CH300 G10.0 "078_Group78" 19 11 4 9 12
CH302 H10.0 "079_Group79" 5 19 9 3 4
CH320 A11.0 "080_Group80" 8 11 16 15 9
CH322 B11.0 "081_Group81" 16 11 5 10 12
CH324 C11.0 "082_Group82" 12 9 14 12 11
CH326 D11.0 "083_Group83" 9 21 9 11 0
CH328 E11.0 "084_Group84" 18 16 14 8 7
CH330 F11.0 "085_Group85" 14 11 23 5 7
CH332 G11.0 "086_Group86" 11 12 13 9 6
CH334 H11.0 "087_Group87" 17 18 16 12 3
CH352 A12.0 "088_Group88" 0 13 5 0 0
CH354 B12.0 "089_Group89" 5 6 0 2 6
CH356 C12.0 "090_Group90" 0 10 0 11 6
CH358 D12.0 "091_Group91" 3 0 0 0 0
CH360 E12.0 "092_Group92" 0 1 0 6 8
CH362 F12.0 "093_Group93" 5 0 3 0 0
CH364 G12.0 "094_Group94" 15 6 10 7 1
CH366 H12.0 "095_Group95" 7 8 3 0 0
