"DATE:" "2/1/2015 9:34:32 AM"
"FILE:" "C:\Users\AndersenLab\Desktop\wmicrotracker\p00011\20150201_0922"
"SUBPROJECT:" "20150201_Longevity_3_2mgmL"

"<<<<<< Group Activity: Average Activity Counts per Data Interval>>>>>>"
Group/Time[m] 2 4 6 8 10
"000_Group0" 16 15 16 15 19
"001_Group1" 32 9 23 22 24
"002_Group2" 21 39 23 21 20
"003_Group3" 6 5 8 13 7
"004_Group4" 19 12 25 10 11
"005_Group5" 25 25 41 24 12
"006_Group6" 31 31 18 29 24
"007_Group7" 30 24 27 20 31
"008_Group8" 32 36 33 41 32
"009_Group9" 25 47 38 34 25
"010_Group10" 39 27 41 34 31
"011_Group11" 33 39 30 34 35
"012_Group12" 38 32 34 35 38
"013_Group13" 17 26 27 32 35
"014_Group14" 27 35 36 30 27
"015_Group15" 28 40 32 33 42
"016_Group16" 13 15 14 19 14
"017_Group17" 21 20 13 11 20
"018_Group18" 17 10 16 18 6
"019_Group19" 9 17 15 24 11
"020_Group20" 12 13 14 11 11
"021_Group21" 24 9 22 5 4
"022_Group22" 16 33 14 11 7
"023_Group23" 14 10 2 10 11
"024_Group24" 15 27 36 30 32
"025_Group25" 19 27 27 20 20
"026_Group26" 30 34 43 27 32
"027_Group27" 27 44 37 42 46
"028_Group28" 22 13 23 28 25
"029_Group29" 29 21 34 20 44
"030_Group30" 11 31 34 34 14
"031_Group31" 8 23 28 23 20
"032_Group32" 17 17 30 16 19
"033_Group33" 9 40 15 9 4
"034_Group34" 9 6 12 22 7
"035_Group35" 12 18 14 14 15
"036_Group36" 18 21 22 12 2
"037_Group37" 25 23 15 19 16
"038_Group38" 12 24 20 16 27
"039_Group39" 32 31 34 19 13
"040_Group40" 0 2 7 1 3
"041_Group41" 0 4 10 6 4
"042_Group42" 14 10 10 10 11
"043_Group43" 11 11 7 4 0
"044_Group44" 0 5 3 3 0
"045_Group45" 6 9 9 10 7
"046_Group46" 8 10 9 3 0
"047_Group47" 9 15 10 7 4
"048_Group48" 34 16 3 8 25
"049_Group49" 24 41 36 26 42
"050_Group50" 14 14 7 18 13
"051_Group51" 22 7 11 10 15
"052_Group52" 9 9 28 18 17
"053_Group53" 31 22 36 10 11
"054_Group54" 12 11 8 12 19
"055_Group55" 19 16 15 10 10
"056_Group56" 17 16 18 19 13
"057_Group57" 13 8 12 27 19
"058_Group58" 21 16 6 8 11
"059_Group59" 19 24 15 14 11
"060_Group60" 19 10 22 15 14
"061_Group61" 39 38 22 21 10
"062_Group62" 20 43 30 4 17
"063_Group63" 16 15 12 13 8
"064_Group64" 45 39 32 22 34
"065_Group65" 40 47 46 37 23
"066_Group66" 19 34 29 35 26
"067_Group67" 21 8 12 24 19
"068_Group68" 21 21 11 16 30
"069_Group69" 28 39 29 19 30
"070_Group70" 19 20 29 30 17
"071_Group71" 26 17 26 29 19
"072_Group72" 18 17 12 7 11
"073_Group73" 14 33 32 23 22
"074_Group74" 32 38 39 21 32
"075_Group75" 15 7 3 0 2
"076_Group76" 0 2 2 0 0
"077_Group77" 9 18 36 13 12
"078_Group78" 8 12 6 10 1
"079_Group79" 8 0 5 0 0
"080_Group80" 12 19 12 8 23
"081_Group81" 10 13 17 14 22
"082_Group82" 10 17 7 7 11
"083_Group83" 22 17 14 15 21
"084_Group84" 10 18 12 14 9
"085_Group85" 12 13 21 9 16
"086_Group86" 25 10 15 10 13
"087_Group87" 13 9 12 11 11
"088_Group88" 4 5 12 17 5
"089_Group89" 5 11 4 10 0
"090_Group90" 5 0 0 0 0
"091_Group91" 0 5 2 6 1
"092_Group92" 1 4 0 1 0
"093_Group93" 0 3 0 0 0
"094_Group94" 19 1 6 10 9
"095_Group95" 3 4 10 3 0

"<<<<<< Group Activity: Number of wells/group >>>>>>"
Group/Time[m] 2 4 6 8 10
"000_Group0" 1 1 1 1 1
"001_Group1" 1 1 1 1 1
"002_Group2" 1 1 1 1 1
"003_Group3" 1 1 1 1 1
"004_Group4" 1 1 1 1 1
"005_Group5" 1 1 1 1 1
"006_Group6" 1 1 1 1 1
"007_Group7" 1 1 1 1 1
"008_Group8" 1 1 1 1 1
"009_Group9" 1 1 1 1 1
"010_Group10" 1 1 1 1 1
"011_Group11" 1 1 1 1 1
"012_Group12" 1 1 1 1 1
"013_Group13" 1 1 1 1 1
"014_Group14" 1 1 1 1 1
"015_Group15" 1 1 1 1 1
"016_Group16" 1 1 1 1 1
"017_Group17" 1 1 1 1 1
"018_Group18" 1 1 1 1 1
"019_Group19" 1 1 1 1 1
"020_Group20" 1 1 1 1 1
"021_Group21" 1 1 1 1 1
"022_Group22" 1 1 1 1 1
"023_Group23" 1 1 1 1 1
"024_Group24" 1 1 1 1 1
"025_Group25" 1 1 1 1 1
"026_Group26" 1 1 1 1 1
"027_Group27" 1 1 1 1 1
"028_Group28" 1 1 1 1 1
"029_Group29" 1 1 1 1 1
"030_Group30" 1 1 1 1 1
"031_Group31" 1 1 1 1 1
"032_Group32" 1 1 1 1 1
"033_Group33" 1 1 1 1 1
"034_Group34" 1 1 1 1 1
"035_Group35" 1 1 1 1 1
"036_Group36" 1 1 1 1 1
"037_Group37" 1 1 1 1 1
"038_Group38" 1 1 1 1 1
"039_Group39" 1 1 1 1 1
"040_Group40" 1 1 1 1 1
"041_Group41" 1 1 1 1 1
"042_Group42" 1 1 1 1 1
"043_Group43" 1 1 1 1 1
"044_Group44" 1 1 1 1 1
"045_Group45" 1 1 1 1 1
"046_Group46" 1 1 1 1 1
"047_Group47" 1 1 1 1 1
"048_Group48" 1 1 1 1 1
"049_Group49" 1 1 1 1 1
"050_Group50" 1 1 1 1 1
"051_Group51" 1 1 1 1 1
"052_Group52" 1 1 1 1 1
"053_Group53" 1 1 1 1 1
"054_Group54" 1 1 1 1 1
"055_Group55" 1 1 1 1 1
"056_Group56" 1 1 1 1 1
"057_Group57" 1 1 1 1 1
"058_Group58" 1 1 1 1 1
"059_Group59" 1 1 1 1 1
"060_Group60" 1 1 1 1 1
"061_Group61" 1 1 1 1 1
"062_Group62" 1 1 1 1 1
"063_Group63" 1 1 1 1 1
"064_Group64" 1 1 1 1 1
"065_Group65" 1 1 1 1 1
"066_Group66" 1 1 1 1 1
"067_Group67" 1 1 1 1 1
"068_Group68" 1 1 1 1 1
"069_Group69" 1 1 1 1 1
"070_Group70" 1 1 1 1 1
"071_Group71" 1 1 1 1 1
"072_Group72" 1 1 1 1 1
"073_Group73" 1 1 1 1 1
"074_Group74" 1 1 1 1 1
"075_Group75" 1 1 1 1 1
"076_Group76" 1 1 1 1 1
"077_Group77" 1 1 1 1 1
"078_Group78" 1 1 1 1 1
"079_Group79" 1 1 1 1 1
"080_Group80" 1 1 1 1 1
"081_Group81" 1 1 1 1 1
"082_Group82" 1 1 1 1 1
"083_Group83" 1 1 1 1 1
"084_Group84" 1 1 1 1 1
"085_Group85" 1 1 1 1 1
"086_Group86" 1 1 1 1 1
"087_Group87" 1 1 1 1 1
"088_Group88" 1 1 1 1 1
"089_Group89" 1 1 1 1 1
"090_Group90" 1 1 1 1 1
"091_Group91" 1 1 1 1 1
"092_Group92" 1 1 1 1 1
"093_Group93" 1 1 1 1 1
"094_Group94" 1 1 1 1 1
"095_Group95" 1 1 1 1 1

"<<<<<< Number of Samples per Acquisition Interval [1unit=500values] >>>>>>"
Time[m] 2 4 6 8 10 
#Samples 2 2 2 2 2 

"<<<<<< Average Temperature [°C] >>>>>>"
Time[m] 2 4 6 8 10 
Temp[°C] 21.4 21.4 21.4 21.4 21.6 

"<<<<<< Well Activity >>>>>>"
Well Group/Time[m] 2 4 6 8 10
A1 "000_Group0" 16 15 16 15 19
B1 "001_Group1" 32 9 23 22 24
C1 "002_Group2" 21 39 23 21 20
D1 "003_Group3" 6 5 8 13 7
E1 "004_Group4" 19 12 25 10 11
F1 "005_Group5" 25 25 41 24 12
G1 "006_Group6" 31 31 18 29 24
H1 "007_Group7" 30 24 27 20 31
A2 "008_Group8" 32 36 33 41 32
B2 "009_Group9" 25 47 38 34 25
C2 "010_Group10" 39 27 41 34 31
D2 "011_Group11" 33 39 30 34 35
E2 "012_Group12" 38 32 34 35 38
F2 "013_Group13" 17 26 27 32 35
G2 "014_Group14" 27 35 36 30 27
H2 "015_Group15" 28 40 32 33 42
A3 "016_Group16" 13 15 14 19 14
B3 "017_Group17" 21 20 13 11 20
C3 "018_Group18" 17 10 16 18 6
D3 "019_Group19" 9 17 15 24 11
E3 "020_Group20" 12 13 14 11 11
F3 "021_Group21" 24 9 22 5 4
G3 "022_Group22" 16 33 14 11 7
H3 "023_Group23" 14 10 2 10 11
A4 "024_Group24" 15 27 36 30 32
B4 "025_Group25" 19 27 27 20 20
C4 "026_Group26" 30 34 43 27 32
D4 "027_Group27" 27 44 37 42 46
E4 "028_Group28" 22 13 23 28 25
F4 "029_Group29" 29 21 34 20 44
G4 "030_Group30" 11 31 34 34 14
H4 "031_Group31" 8 23 28 23 20
A5 "032_Group32" 17 17 30 16 19
B5 "033_Group33" 9 40 15 9 4
C5 "034_Group34" 9 6 12 22 7
D5 "035_Group35" 12 18 14 14 15
E5 "036_Group36" 18 21 22 12 2
F5 "037_Group37" 25 23 15 19 16
G5 "038_Group38" 12 24 20 16 27
H5 "039_Group39" 32 31 34 19 13
A6 "040_Group40" 0 2 7 1 3
B6 "041_Group41" 0 4 10 6 4
C6 "042_Group42" 14 10 10 10 11
D6 "043_Group43" 11 11 7 4 0
E6 "044_Group44" 0 5 3 3 0
F6 "045_Group45" 6 9 9 10 7
G6 "046_Group46" 8 10 9 3 0
H6 "047_Group47" 9 15 10 7 4
A7 "048_Group48" 34 16 3 8 25
B7 "049_Group49" 24 41 36 26 42
C7 "050_Group50" 14 14 7 18 13
D7 "051_Group51" 22 7 11 10 15
E7 "052_Group52" 9 9 28 18 17
F7 "053_Group53" 31 22 36 10 11
G7 "054_Group54" 12 11 8 12 19
H7 "055_Group55" 19 16 15 10 10
A8 "056_Group56" 17 16 18 19 13
B8 "057_Group57" 13 8 12 27 19
C8 "058_Group58" 21 16 6 8 11
D8 "059_Group59" 19 24 15 14 11
E8 "060_Group60" 19 10 22 15 14
F8 "061_Group61" 39 38 22 21 10
G8 "062_Group62" 20 43 30 4 17
H8 "063_Group63" 16 15 12 13 8
A9 "064_Group64" 45 39 32 22 34
B9 "065_Group65" 40 47 46 37 23
C9 "066_Group66" 19 34 29 35 26
D9 "067_Group67" 21 8 12 24 19
E9 "068_Group68" 21 21 11 16 30
F9 "069_Group69" 28 39 29 19 30
G9 "070_Group70" 19 20 29 30 17
H9 "071_Group71" 26 17 26 29 19
A10 "072_Group72" 18 17 12 7 11
B10 "073_Group73" 14 33 32 23 22
C10 "074_Group74" 32 38 39 21 32
D10 "075_Group75" 15 7 3 0 2
E10 "076_Group76" 0 2 2 0 0
F10 "077_Group77" 9 18 36 13 12
G10 "078_Group78" 8 12 6 10 1
H10 "079_Group79" 8 0 5 0 0
A11 "080_Group80" 12 19 12 8 23
B11 "081_Group81" 10 13 17 14 22
C11 "082_Group82" 10 17 7 7 11
D11 "083_Group83" 22 17 14 15 21
E11 "084_Group84" 10 18 12 14 9
F11 "085_Group85" 12 13 21 9 16
G11 "086_Group86" 25 10 15 10 13
H11 "087_Group87" 13 9 12 11 11
A12 "088_Group88" 4 5 12 17 5
B12 "089_Group89" 5 11 4 10 0
C12 "090_Group90" 5 0 0 0 0
D12 "091_Group91" 0 5 2 6 1
E12 "092_Group92" 1 4 0 1 0
F12 "093_Group93" 0 3 0 0 0
G12 "094_Group94" 19 1 6 10 9
H12 "095_Group95" 3 4 10 3 0

"<<<<<< Channel Activity >>>>>>"
Channel Well Group/Time[m] 2 4 6 8 10
CH0 A1.0 "000_Group0" 16 15 16 15 19
CH2 B1.0 "001_Group1" 32 9 23 22 24
CH4 C1.0 "002_Group2" 21 39 23 21 20
CH6 D1.0 "003_Group3" 6 5 8 13 7
CH8 E1.0 "004_Group4" 19 12 25 10 11
CH10 F1.0 "005_Group5" 25 25 41 24 12
CH12 G1.0 "006_Group6" 31 31 18 29 24
CH14 H1.0 "007_Group7" 30 24 27 20 31
CH32 A2.0 "008_Group8" 32 36 33 41 32
CH34 B2.0 "009_Group9" 25 47 38 34 25
CH36 C2.0 "010_Group10" 39 27 41 34 31
CH38 D2.0 "011_Group11" 33 39 30 34 35
CH40 E2.0 "012_Group12" 38 32 34 35 38
CH42 F2.0 "013_Group13" 17 26 27 32 35
CH44 G2.0 "014_Group14" 27 35 36 30 27
CH46 H2.0 "015_Group15" 28 40 32 33 42
CH64 A3.0 "016_Group16" 13 15 14 19 14
CH66 B3.0 "017_Group17" 21 20 13 11 20
CH68 C3.0 "018_Group18" 17 10 16 18 6
CH70 D3.0 "019_Group19" 9 17 15 24 11
CH72 E3.0 "020_Group20" 12 13 14 11 11
CH74 F3.0 "021_Group21" 24 9 22 5 4
CH76 G3.0 "022_Group22" 16 33 14 11 7
CH78 H3.0 "023_Group23" 14 10 2 10 11
CH96 A4.0 "024_Group24" 15 27 36 30 32
CH98 B4.0 "025_Group25" 19 27 27 20 20
CH100 C4.0 "026_Group26" 30 34 43 27 32
CH102 D4.0 "027_Group27" 27 44 37 42 46
CH104 E4.0 "028_Group28" 22 13 23 28 25
CH106 F4.0 "029_Group29" 29 21 34 20 44
CH108 G4.0 "030_Group30" 11 31 34 34 14
CH110 H4.0 "031_Group31" 8 23 28 23 20
CH128 A5.0 "032_Group32" 17 17 30 16 19
CH130 B5.0 "033_Group33" 9 40 15 9 4
CH132 C5.0 "034_Group34" 9 6 12 22 7
CH134 D5.0 "035_Group35" 12 18 14 14 15
CH136 E5.0 "036_Group36" 18 21 22 12 2
CH138 F5.0 "037_Group37" 25 23 15 19 16
CH140 G5.0 "038_Group38" 12 24 20 16 27
CH142 H5.0 "039_Group39" 32 31 34 19 13
CH160 A6.0 "040_Group40" 0 2 7 1 3
CH162 B6.0 "041_Group41" 0 4 10 6 4
CH164 C6.0 "042_Group42" 14 10 10 10 11
CH166 D6.0 "043_Group43" 11 11 7 4 0
CH168 E6.0 "044_Group44" 0 5 3 3 0
CH170 F6.0 "045_Group45" 6 9 9 10 7
CH172 G6.0 "046_Group46" 8 10 9 3 0
CH174 H6.0 "047_Group47" 9 15 10 7 4
CH192 A7.0 "048_Group48" 34 16 3 8 25
CH194 B7.0 "049_Group49" 24 41 36 26 42
CH196 C7.0 "050_Group50" 14 14 7 18 13
CH198 D7.0 "051_Group51" 22 7 11 10 15
CH200 E7.0 "052_Group52" 9 9 28 18 17
CH202 F7.0 "053_Group53" 31 22 36 10 11
CH204 G7.0 "054_Group54" 12 11 8 12 19
CH206 H7.0 "055_Group55" 19 16 15 10 10
CH224 A8.0 "056_Group56" 17 16 18 19 13
CH226 B8.0 "057_Group57" 13 8 12 27 19
CH228 C8.0 "058_Group58" 21 16 6 8 11
CH230 D8.0 "059_Group59" 19 24 15 14 11
CH232 E8.0 "060_Group60" 19 10 22 15 14
CH234 F8.0 "061_Group61" 39 38 22 21 10
CH236 G8.0 "062_Group62" 20 43 30 4 17
CH238 H8.0 "063_Group63" 16 15 12 13 8
CH256 A9.0 "064_Group64" 45 39 32 22 34
CH258 B9.0 "065_Group65" 40 47 46 37 23
CH260 C9.0 "066_Group66" 19 34 29 35 26
CH262 D9.0 "067_Group67" 21 8 12 24 19
CH264 E9.0 "068_Group68" 21 21 11 16 30
CH266 F9.0 "069_Group69" 28 39 29 19 30
CH268 G9.0 "070_Group70" 19 20 29 30 17
CH270 H9.0 "071_Group71" 26 17 26 29 19
CH288 A10.0 "072_Group72" 18 17 12 7 11
CH290 B10.0 "073_Group73" 14 33 32 23 22
CH292 C10.0 "074_Group74" 32 38 39 21 32
CH294 D10.0 "075_Group75" 15 7 3 0 2
CH296 E10.0 "076_Group76" 0 2 2 0 0
CH298 F10.0 "077_Group77" 9 18 36 13 12
CH300 G10.0 "078_Group78" 8 12 6 10 1
CH302 H10.0 "079_Group79" 8 0 5 0 0
CH320 A11.0 "080_Group80" 12 19 12 8 23
CH322 B11.0 "081_Group81" 10 13 17 14 22
CH324 C11.0 "082_Group82" 10 17 7 7 11
CH326 D11.0 "083_Group83" 22 17 14 15 21
CH328 E11.0 "084_Group84" 10 18 12 14 9
CH330 F11.0 "085_Group85" 12 13 21 9 16
CH332 G11.0 "086_Group86" 25 10 15 10 13
CH334 H11.0 "087_Group87" 13 9 12 11 11
CH352 A12.0 "088_Group88" 4 5 12 17 5
CH354 B12.0 "089_Group89" 5 11 4 10 0
CH356 C12.0 "090_Group90" 5 0 0 0 0
CH358 D12.0 "091_Group91" 0 5 2 6 1
CH360 E12.0 "092_Group92" 1 4 0 1 0
CH362 F12.0 "093_Group93" 0 3 0 0 0
CH364 G12.0 "094_Group94" 19 1 6 10 9
CH366 H12.0 "095_Group95" 3 4 10 3 0
