"DATE:" "2/5/2015 8:52:30 AM"
"FILE:" "C:\Users\AndersenLab\Desktop\wmicrotracker\p00011\20150205_0836"
"SUBPROJECT:" "20150205_Longevity_3_2mgmL"

"<<<<<< Group Activity: Average Activity Counts per Data Interval>>>>>>"
Group/Time[m] 2 4 6 8 10
"000_Group0" 26 21 21 15 12
"001_Group1" 26 16 17 23 25
"002_Group2" 15 6 26 20 12
"003_Group3" 28 21 24 22 4
"004_Group4" 10 14 10 6 9
"005_Group5" 13 27 26 20 9
"006_Group6" 25 23 17 22 11
"007_Group7" 18 11 6 19 13
"008_Group8" 10 37 35 30 22
"009_Group9" 11 8 4 12 10
"010_Group10" 21 9 5 13 6
"011_Group11" 11 21 11 10 9
"012_Group12" 15 9 20 14 22
"013_Group13" 15 6 11 14 9
"014_Group14" 9 11 13 20 17
"015_Group15" 4 15 23 21 18
"016_Group16" 5 7 4 7 1
"017_Group17" 4 8 6 4 2
"018_Group18" 7 12 10 12 0
"019_Group19" 5 8 4 1 2
"020_Group20" 2 8 12 14 1
"021_Group21" 5 21 4 3 1
"022_Group22" 5 10 17 9 7
"023_Group23" 0 0 0 0 0
"024_Group24" 9 11 6 9 4
"025_Group25" 12 14 17 24 3
"026_Group26" 28 32 28 18 15
"027_Group27" 19 14 20 15 16
"028_Group28" 19 12 20 23 26
"029_Group29" 32 19 15 9 14
"030_Group30" 9 7 7 13 8
"031_Group31" 9 12 9 7 9
"032_Group32" 29 38 32 32 12
"033_Group33" 25 27 28 13 5
"034_Group34" 19 22 17 8 18
"035_Group35" 26 26 7 2 4
"036_Group36" 19 21 23 20 11
"037_Group37" 27 34 16 15 3
"038_Group38" 33 25 16 14 24
"039_Group39" 28 18 3 10 8
"040_Group40" 3 0 0 2 0
"041_Group41" 2 0 1 0 0
"042_Group42" 1 0 0 1 0
"043_Group43" 4 12 9 4 0
"044_Group44" 1 0 0 0 0
"045_Group45" 10 3 0 0 0
"046_Group46" 1 0 0 5 0
"047_Group47" 0 0 0 0 0
"048_Group48" 15 13 12 10 5
"049_Group49" 9 9 7 14 4
"050_Group50" 19 7 12 6 5
"051_Group51" 18 11 18 8 19
"052_Group52" 11 11 7 3 10
"053_Group53" 11 12 7 8 14
"054_Group54" 9 24 14 14 13
"055_Group55" 16 22 5 12 17
"056_Group56" 15 17 13 11 14
"057_Group57" 12 21 12 13 5
"058_Group58" 11 8 6 12 12
"059_Group59" 19 4 14 28 9
"060_Group60" 44 35 20 13 12
"061_Group61" 21 17 14 6 17
"062_Group62" 13 16 11 10 9
"063_Group63" 13 17 11 8 14
"064_Group64" 15 28 30 40 34
"065_Group65" 11 14 37 22 29
"066_Group66" 19 17 24 29 15
"067_Group67" 40 40 33 29 19
"068_Group68" 22 18 30 21 10
"069_Group69" 12 19 17 21 25
"070_Group70" 16 21 27 29 21
"071_Group71" 15 25 27 26 24
"072_Group72" 16 18 34 14 13
"073_Group73" 33 23 29 20 12
"074_Group74" 17 15 19 5 1
"075_Group75" 9 16 24 21 22
"076_Group76" 1 10 3 0 0
"077_Group77" 11 17 13 12 7
"078_Group78" 15 9 6 2 12
"079_Group79" 12 17 6 2 1
"080_Group80" 15 27 18 14 17
"081_Group81" 10 8 17 16 19
"082_Group82" 19 11 8 9 10
"083_Group83" 13 18 18 12 9
"084_Group84" 16 11 16 13 11
"085_Group85" 25 14 12 11 7
"086_Group86" 9 14 8 8 9
"087_Group87" 8 19 6 14 5
"088_Group88" 13 15 10 10 2
"089_Group89" 1 2 13 4 1
"090_Group90" 1 2 14 2 0
"091_Group91" 0 8 7 10 0
"092_Group92" 0 2 8 5 1
"093_Group93" 2 13 8 16 16
"094_Group94" 7 5 6 3 2
"095_Group95" 19 19 7 1 0

"<<<<<< Group Activity: Number of wells/group >>>>>>"
Group/Time[m] 2 4 6 8 10
"000_Group0" 1 1 1 1 1
"001_Group1" 1 1 1 1 1
"002_Group2" 1 1 1 1 1
"003_Group3" 1 1 1 1 1
"004_Group4" 1 1 1 1 1
"005_Group5" 1 1 1 1 1
"006_Group6" 1 1 1 1 1
"007_Group7" 1 1 1 1 1
"008_Group8" 1 1 1 1 1
"009_Group9" 1 1 1 1 1
"010_Group10" 1 1 1 1 1
"011_Group11" 1 1 1 1 1
"012_Group12" 1 1 1 1 1
"013_Group13" 1 1 1 1 1
"014_Group14" 1 1 1 1 1
"015_Group15" 1 1 1 1 1
"016_Group16" 1 1 1 1 1
"017_Group17" 1 1 1 1 1
"018_Group18" 1 1 1 1 1
"019_Group19" 1 1 1 1 1
"020_Group20" 1 1 1 1 1
"021_Group21" 1 1 1 1 1
"022_Group22" 1 1 1 1 1
"023_Group23" 1 1 1 1 1
"024_Group24" 1 1 1 1 1
"025_Group25" 1 1 1 1 1
"026_Group26" 1 1 1 1 1
"027_Group27" 1 1 1 1 1
"028_Group28" 1 1 1 1 1
"029_Group29" 1 1 1 1 1
"030_Group30" 1 1 1 1 1
"031_Group31" 1 1 1 1 1
"032_Group32" 1 1 1 1 1
"033_Group33" 1 1 1 1 1
"034_Group34" 1 1 1 1 1
"035_Group35" 1 1 1 1 1
"036_Group36" 1 1 1 1 1
"037_Group37" 1 1 1 1 1
"038_Group38" 1 1 1 1 1
"039_Group39" 1 1 1 1 1
"040_Group40" 1 1 1 1 1
"041_Group41" 1 1 1 1 1
"042_Group42" 1 1 1 1 1
"043_Group43" 1 1 1 1 1
"044_Group44" 1 1 1 1 1
"045_Group45" 1 1 1 1 1
"046_Group46" 1 1 1 1 1
"047_Group47" 1 1 1 1 1
"048_Group48" 1 1 1 1 1
"049_Group49" 1 1 1 1 1
"050_Group50" 1 1 1 1 1
"051_Group51" 1 1 1 1 1
"052_Group52" 1 1 1 1 1
"053_Group53" 1 1 1 1 1
"054_Group54" 1 1 1 1 1
"055_Group55" 1 1 1 1 1
"056_Group56" 1 1 1 1 1
"057_Group57" 1 1 1 1 1
"058_Group58" 1 1 1 1 1
"059_Group59" 1 1 1 1 1
"060_Group60" 1 1 1 1 1
"061_Group61" 1 1 1 1 1
"062_Group62" 1 1 1 1 1
"063_Group63" 1 1 1 1 1
"064_Group64" 1 1 1 1 1
"065_Group65" 1 1 1 1 1
"066_Group66" 1 1 1 1 1
"067_Group67" 1 1 1 1 1
"068_Group68" 1 1 1 1 1
"069_Group69" 1 1 1 1 1
"070_Group70" 1 1 1 1 1
"071_Group71" 1 1 1 1 1
"072_Group72" 1 1 1 1 1
"073_Group73" 1 1 1 1 1
"074_Group74" 1 1 1 1 1
"075_Group75" 1 1 1 1 1
"076_Group76" 1 1 1 1 1
"077_Group77" 1 1 1 1 1
"078_Group78" 1 1 1 1 1
"079_Group79" 1 1 1 1 1
"080_Group80" 1 1 1 1 1
"081_Group81" 1 1 1 1 1
"082_Group82" 1 1 1 1 1
"083_Group83" 1 1 1 1 1
"084_Group84" 1 1 1 1 1
"085_Group85" 1 1 1 1 1
"086_Group86" 1 1 1 1 1
"087_Group87" 1 1 1 1 1
"088_Group88" 1 1 1 1 1
"089_Group89" 1 1 1 1 1
"090_Group90" 1 1 1 1 1
"091_Group91" 1 1 1 1 1
"092_Group92" 1 1 1 1 1
"093_Group93" 1 1 1 1 1
"094_Group94" 1 1 1 1 1
"095_Group95" 1 1 1 1 1

"<<<<<< Number of Samples per Acquisition Interval [1unit=500values] >>>>>>"
Time[m] 2 4 6 8 10 
#Samples 2 2 2 2 2 

"<<<<<< Average Temperature [°C] >>>>>>"
Time[m] 2 4 6 8 10 
Temp[°C] 20.7 20.8 20.8 20.9 20.9 

"<<<<<< Well Activity >>>>>>"
Well Group/Time[m] 2 4 6 8 10
A1 "000_Group0" 26 21 21 15 12
B1 "001_Group1" 26 16 17 23 25
C1 "002_Group2" 15 6 26 20 12
D1 "003_Group3" 28 21 24 22 4
E1 "004_Group4" 10 14 10 6 9
F1 "005_Group5" 13 27 26 20 9
G1 "006_Group6" 25 23 17 22 11
H1 "007_Group7" 18 11 6 19 13
A2 "008_Group8" 10 37 35 30 22
B2 "009_Group9" 11 8 4 12 10
C2 "010_Group10" 21 9 5 13 6
D2 "011_Group11" 11 21 11 10 9
E2 "012_Group12" 15 9 20 14 22
F2 "013_Group13" 15 6 11 14 9
G2 "014_Group14" 9 11 13 20 17
H2 "015_Group15" 4 15 23 21 18
A3 "016_Group16" 5 7 4 7 1
B3 "017_Group17" 4 8 6 4 2
C3 "018_Group18" 7 12 10 12 0
D3 "019_Group19" 5 8 4 1 2
E3 "020_Group20" 2 8 12 14 1
F3 "021_Group21" 5 21 4 3 1
G3 "022_Group22" 5 10 17 9 7
H3 "023_Group23" 0 0 0 0 0
A4 "024_Group24" 9 11 6 9 4
B4 "025_Group25" 12 14 17 24 3
C4 "026_Group26" 28 32 28 18 15
D4 "027_Group27" 19 14 20 15 16
E4 "028_Group28" 19 12 20 23 26
F4 "029_Group29" 32 19 15 9 14
G4 "030_Group30" 9 7 7 13 8
H4 "031_Group31" 9 12 9 7 9
A5 "032_Group32" 29 38 32 32 12
B5 "033_Group33" 25 27 28 13 5
C5 "034_Group34" 19 22 17 8 18
D5 "035_Group35" 26 26 7 2 4
E5 "036_Group36" 19 21 23 20 11
F5 "037_Group37" 27 34 16 15 3
G5 "038_Group38" 33 25 16 14 24
H5 "039_Group39" 28 18 3 10 8
A6 "040_Group40" 3 0 0 2 0
B6 "041_Group41" 2 0 1 0 0
C6 "042_Group42" 1 0 0 1 0
D6 "043_Group43" 4 12 9 4 0
E6 "044_Group44" 1 0 0 0 0
F6 "045_Group45" 10 3 0 0 0
G6 "046_Group46" 1 0 0 5 0
H6 "047_Group47" 0 0 0 0 0
A7 "048_Group48" 15 13 12 10 5
B7 "049_Group49" 9 9 7 14 4
C7 "050_Group50" 19 7 12 6 5
D7 "051_Group51" 18 11 18 8 19
E7 "052_Group52" 11 11 7 3 10
F7 "053_Group53" 11 12 7 8 14
G7 "054_Group54" 9 24 14 14 13
H7 "055_Group55" 16 22 5 12 17
A8 "056_Group56" 15 17 13 11 14
B8 "057_Group57" 12 21 12 13 5
C8 "058_Group58" 11 8 6 12 12
D8 "059_Group59" 19 4 14 28 9
E8 "060_Group60" 44 35 20 13 12
F8 "061_Group61" 21 17 14 6 17
G8 "062_Group62" 13 16 11 10 9
H8 "063_Group63" 13 17 11 8 14
A9 "064_Group64" 15 28 30 40 34
B9 "065_Group65" 11 14 37 22 29
C9 "066_Group66" 19 17 24 29 15
D9 "067_Group67" 40 40 33 29 19
E9 "068_Group68" 22 18 30 21 10
F9 "069_Group69" 12 19 17 21 25
G9 "070_Group70" 16 21 27 29 21
H9 "071_Group71" 15 25 27 26 24
A10 "072_Group72" 16 18 34 14 13
B10 "073_Group73" 33 23 29 20 12
C10 "074_Group74" 17 15 19 5 1
D10 "075_Group75" 9 16 24 21 22
E10 "076_Group76" 1 10 3 0 0
F10 "077_Group77" 11 17 13 12 7
G10 "078_Group78" 15 9 6 2 12
H10 "079_Group79" 12 17 6 2 1
A11 "080_Group80" 15 27 18 14 17
B11 "081_Group81" 10 8 17 16 19
C11 "082_Group82" 19 11 8 9 10
D11 "083_Group83" 13 18 18 12 9
E11 "084_Group84" 16 11 16 13 11
F11 "085_Group85" 25 14 12 11 7
G11 "086_Group86" 9 14 8 8 9
H11 "087_Group87" 8 19 6 14 5
A12 "088_Group88" 13 15 10 10 2
B12 "089_Group89" 1 2 13 4 1
C12 "090_Group90" 1 2 14 2 0
D12 "091_Group91" 0 8 7 10 0
E12 "092_Group92" 0 2 8 5 1
F12 "093_Group93" 2 13 8 16 16
G12 "094_Group94" 7 5 6 3 2
H12 "095_Group95" 19 19 7 1 0

"<<<<<< Channel Activity >>>>>>"
Channel Well Group/Time[m] 2 4 6 8 10
CH0 A1.0 "000_Group0" 26 21 21 15 12
CH2 B1.0 "001_Group1" 26 16 17 23 25
CH4 C1.0 "002_Group2" 15 6 26 20 12
CH6 D1.0 "003_Group3" 28 21 24 22 4
CH8 E1.0 "004_Group4" 10 14 10 6 9
CH10 F1.0 "005_Group5" 13 27 26 20 9
CH12 G1.0 "006_Group6" 25 23 17 22 11
CH14 H1.0 "007_Group7" 18 11 6 19 13
CH32 A2.0 "008_Group8" 10 37 35 30 22
CH34 B2.0 "009_Group9" 11 8 4 12 10
CH36 C2.0 "010_Group10" 21 9 5 13 6
CH38 D2.0 "011_Group11" 11 21 11 10 9
CH40 E2.0 "012_Group12" 15 9 20 14 22
CH42 F2.0 "013_Group13" 15 6 11 14 9
CH44 G2.0 "014_Group14" 9 11 13 20 17
CH46 H2.0 "015_Group15" 4 15 23 21 18
CH64 A3.0 "016_Group16" 5 7 4 7 1
CH66 B3.0 "017_Group17" 4 8 6 4 2
CH68 C3.0 "018_Group18" 7 12 10 12 0
CH70 D3.0 "019_Group19" 5 8 4 1 2
CH72 E3.0 "020_Group20" 2 8 12 14 1
CH74 F3.0 "021_Group21" 5 21 4 3 1
CH76 G3.0 "022_Group22" 5 10 17 9 7
CH78 H3.0 "023_Group23" 0 0 0 0 0
CH96 A4.0 "024_Group24" 9 11 6 9 4
CH98 B4.0 "025_Group25" 12 14 17 24 3
CH100 C4.0 "026_Group26" 28 32 28 18 15
CH102 D4.0 "027_Group27" 19 14 20 15 16
CH104 E4.0 "028_Group28" 19 12 20 23 26
CH106 F4.0 "029_Group29" 32 19 15 9 14
CH108 G4.0 "030_Group30" 9 7 7 13 8
CH110 H4.0 "031_Group31" 9 12 9 7 9
CH128 A5.0 "032_Group32" 29 38 32 32 12
CH130 B5.0 "033_Group33" 25 27 28 13 5
CH132 C5.0 "034_Group34" 19 22 17 8 18
CH134 D5.0 "035_Group35" 26 26 7 2 4
CH136 E5.0 "036_Group36" 19 21 23 20 11
CH138 F5.0 "037_Group37" 27 34 16 15 3
CH140 G5.0 "038_Group38" 33 25 16 14 24
CH142 H5.0 "039_Group39" 28 18 3 10 8
CH160 A6.0 "040_Group40" 3 0 0 2 0
CH162 B6.0 "041_Group41" 2 0 1 0 0
CH164 C6.0 "042_Group42" 1 0 0 1 0
CH166 D6.0 "043_Group43" 4 12 9 4 0
CH168 E6.0 "044_Group44" 1 0 0 0 0
CH170 F6.0 "045_Group45" 10 3 0 0 0
CH172 G6.0 "046_Group46" 1 0 0 5 0
CH174 H6.0 "047_Group47" 0 0 0 0 0
CH192 A7.0 "048_Group48" 15 13 12 10 5
CH194 B7.0 "049_Group49" 9 9 7 14 4
CH196 C7.0 "050_Group50" 19 7 12 6 5
CH198 D7.0 "051_Group51" 18 11 18 8 19
CH200 E7.0 "052_Group52" 11 11 7 3 10
CH202 F7.0 "053_Group53" 11 12 7 8 14
CH204 G7.0 "054_Group54" 9 24 14 14 13
CH206 H7.0 "055_Group55" 16 22 5 12 17
CH224 A8.0 "056_Group56" 15 17 13 11 14
CH226 B8.0 "057_Group57" 12 21 12 13 5
CH228 C8.0 "058_Group58" 11 8 6 12 12
CH230 D8.0 "059_Group59" 19 4 14 28 9
CH232 E8.0 "060_Group60" 44 35 20 13 12
CH234 F8.0 "061_Group61" 21 17 14 6 17
CH236 G8.0 "062_Group62" 13 16 11 10 9
CH238 H8.0 "063_Group63" 13 17 11 8 14
CH256 A9.0 "064_Group64" 15 28 30 40 34
CH258 B9.0 "065_Group65" 11 14 37 22 29
CH260 C9.0 "066_Group66" 19 17 24 29 15
CH262 D9.0 "067_Group67" 40 40 33 29 19
CH264 E9.0 "068_Group68" 22 18 30 21 10
CH266 F9.0 "069_Group69" 12 19 17 21 25
CH268 G9.0 "070_Group70" 16 21 27 29 21
CH270 H9.0 "071_Group71" 15 25 27 26 24
CH288 A10.0 "072_Group72" 16 18 34 14 13
CH290 B10.0 "073_Group73" 33 23 29 20 12
CH292 C10.0 "074_Group74" 17 15 19 5 1
CH294 D10.0 "075_Group75" 9 16 24 21 22
CH296 E10.0 "076_Group76" 1 10 3 0 0
CH298 F10.0 "077_Group77" 11 17 13 12 7
CH300 G10.0 "078_Group78" 15 9 6 2 12
CH302 H10.0 "079_Group79" 12 17 6 2 1
CH320 A11.0 "080_Group80" 15 27 18 14 17
CH322 B11.0 "081_Group81" 10 8 17 16 19
CH324 C11.0 "082_Group82" 19 11 8 9 10
CH326 D11.0 "083_Group83" 13 18 18 12 9
CH328 E11.0 "084_Group84" 16 11 16 13 11
CH330 F11.0 "085_Group85" 25 14 12 11 7
CH332 G11.0 "086_Group86" 9 14 8 8 9
CH334 H11.0 "087_Group87" 8 19 6 14 5
CH352 A12.0 "088_Group88" 13 15 10 10 2
CH354 B12.0 "089_Group89" 1 2 13 4 1
CH356 C12.0 "090_Group90" 1 2 14 2 0
CH358 D12.0 "091_Group91" 0 8 7 10 0
CH360 E12.0 "092_Group92" 0 2 8 5 1
CH362 F12.0 "093_Group93" 2 13 8 16 16
CH364 G12.0 "094_Group94" 7 5 6 3 2
CH366 H12.0 "095_Group95" 19 19 7 1 0
