"DATE:" "2/4/2015 8:49:46 AM"
"FILE:" "C:\Users\AndersenLab\Desktop\wmicrotracker\p00011\20150204_0837"
"SUBPROJECT:" "20150204_Longevity_3_2mgmL"

"<<<<<< Group Activity: Average Activity Counts per Data Interval>>>>>>"
Group/Time[m] 2 4 6 8 10
"000_Group0" 22 21 17 24 18
"001_Group1" 46 43 30 34 23
"002_Group2" 22 18 18 29 17
"003_Group3" 26 21 25 26 23
"004_Group4" 10 19 12 15 2
"005_Group5" 14 20 21 29 29
"006_Group6" 20 25 20 19 16
"007_Group7" 13 31 17 18 12
"008_Group8" 11 14 11 11 11
"009_Group9" 12 6 11 11 9
"010_Group10" 15 13 9 11 13
"011_Group11" 25 37 36 18 26
"012_Group12" 14 11 15 10 7
"013_Group13" 19 17 33 14 24
"014_Group14" 15 27 21 24 22
"015_Group15" 9 13 12 22 9
"016_Group16" 13 27 26 22 13
"017_Group17" 0 15 13 8 3
"018_Group18" 6 7 9 15 10
"019_Group19" 10 10 24 27 11
"020_Group20" 9 10 5 7 3
"021_Group21" 12 7 17 11 28
"022_Group22" 5 15 4 1 6
"023_Group23" 6 16 8 8 8
"024_Group24" 22 20 24 21 31
"025_Group25" 26 52 21 15 6
"026_Group26" 20 44 27 14 22
"027_Group27" 13 16 14 9 6
"028_Group28" 15 22 11 8 6
"029_Group29" 11 4 8 16 11
"030_Group30" 21 20 7 10 14
"031_Group31" 14 15 7 7 4
"032_Group32" 39 25 33 20 17
"033_Group33" 33 26 11 12 11
"034_Group34" 14 27 20 11 4
"035_Group35" 22 24 1 8 5
"036_Group36" 16 12 14 10 4
"037_Group37" 20 27 16 9 16
"038_Group38" 19 10 21 14 3
"039_Group39" 19 12 7 4 6
"040_Group40" 0 0 0 0 3
"041_Group41" 0 2 1 5 0
"042_Group42" 4 5 7 2 4
"043_Group43" 6 10 6 3 4
"044_Group44" 0 0 0 0 0
"045_Group45" 0 0 0 0 0
"046_Group46" 5 4 2 2 0
"047_Group47" 0 4 5 10 0
"048_Group48" 6 16 15 14 16
"049_Group49" 10 13 28 18 14
"050_Group50" 40 32 29 1 23
"051_Group51" 24 11 9 6 16
"052_Group52" 13 13 13 16 4
"053_Group53" 10 14 17 11 19
"054_Group54" 21 22 15 13 12
"055_Group55" 20 19 22 8 18
"056_Group56" 17 16 23 16 15
"057_Group57" 13 13 9 17 13
"058_Group58" 10 5 12 10 12
"059_Group59" 12 15 14 10 7
"060_Group60" 21 39 18 12 16
"061_Group61" 13 16 8 11 10
"062_Group62" 35 18 12 22 9
"063_Group63" 40 18 15 9 12
"064_Group64" 16 29 27 22 28
"065_Group65" 18 26 25 24 36
"066_Group66" 16 25 32 25 12
"067_Group67" 26 25 23 23 16
"068_Group68" 15 27 27 15 12
"069_Group69" 26 43 25 9 26
"070_Group70" 20 25 47 26 21
"071_Group71" 16 30 20 23 10
"072_Group72" 14 23 19 14 19
"073_Group73" 15 10 15 13 11
"074_Group74" 25 22 29 5 0
"075_Group75" 4 7 2 2 7
"076_Group76" 6 6 5 5 3
"077_Group77" 12 21 29 14 7
"078_Group78" 10 11 25 7 1
"079_Group79" 7 10 10 9 10
"080_Group80" 18 25 18 10 22
"081_Group81" 15 12 7 7 9
"082_Group82" 17 12 8 13 6
"083_Group83" 11 14 12 10 12
"084_Group84" 9 9 7 11 10
"085_Group85" 19 14 9 10 11
"086_Group86" 11 11 9 10 15
"087_Group87" 11 21 4 9 12
"088_Group88" 1 2 8 2 4
"089_Group89" 0 1 2 0 0
"090_Group90" 0 5 0 3 3
"091_Group91" 1 6 6 9 4
"092_Group92" 5 4 2 0 3
"093_Group93" 5 3 9 8 6
"094_Group94" 8 12 6 15 12
"095_Group95" 3 1 4 4 2

"<<<<<< Group Activity: Number of wells/group >>>>>>"
Group/Time[m] 2 4 6 8 10
"000_Group0" 1 1 1 1 1
"001_Group1" 1 1 1 1 1
"002_Group2" 1 1 1 1 1
"003_Group3" 1 1 1 1 1
"004_Group4" 1 1 1 1 1
"005_Group5" 1 1 1 1 1
"006_Group6" 1 1 1 1 1
"007_Group7" 1 1 1 1 1
"008_Group8" 1 1 1 1 1
"009_Group9" 1 1 1 1 1
"010_Group10" 1 1 1 1 1
"011_Group11" 1 1 1 1 1
"012_Group12" 1 1 1 1 1
"013_Group13" 1 1 1 1 1
"014_Group14" 1 1 1 1 1
"015_Group15" 1 1 1 1 1
"016_Group16" 1 1 1 1 1
"017_Group17" 1 1 1 1 1
"018_Group18" 1 1 1 1 1
"019_Group19" 1 1 1 1 1
"020_Group20" 1 1 1 1 1
"021_Group21" 1 1 1 1 1
"022_Group22" 1 1 1 1 1
"023_Group23" 1 1 1 1 1
"024_Group24" 1 1 1 1 1
"025_Group25" 1 1 1 1 1
"026_Group26" 1 1 1 1 1
"027_Group27" 1 1 1 1 1
"028_Group28" 1 1 1 1 1
"029_Group29" 1 1 1 1 1
"030_Group30" 1 1 1 1 1
"031_Group31" 1 1 1 1 1
"032_Group32" 1 1 1 1 1
"033_Group33" 1 1 1 1 1
"034_Group34" 1 1 1 1 1
"035_Group35" 1 1 1 1 1
"036_Group36" 1 1 1 1 1
"037_Group37" 1 1 1 1 1
"038_Group38" 1 1 1 1 1
"039_Group39" 1 1 1 1 1
"040_Group40" 1 1 1 1 1
"041_Group41" 1 1 1 1 1
"042_Group42" 1 1 1 1 1
"043_Group43" 1 1 1 1 1
"044_Group44" 1 1 1 1 1
"045_Group45" 1 1 1 1 1
"046_Group46" 1 1 1 1 1
"047_Group47" 1 1 1 1 1
"048_Group48" 1 1 1 1 1
"049_Group49" 1 1 1 1 1
"050_Group50" 1 1 1 1 1
"051_Group51" 1 1 1 1 1
"052_Group52" 1 1 1 1 1
"053_Group53" 1 1 1 1 1
"054_Group54" 1 1 1 1 1
"055_Group55" 1 1 1 1 1
"056_Group56" 1 1 1 1 1
"057_Group57" 1 1 1 1 1
"058_Group58" 1 1 1 1 1
"059_Group59" 1 1 1 1 1
"060_Group60" 1 1 1 1 1
"061_Group61" 1 1 1 1 1
"062_Group62" 1 1 1 1 1
"063_Group63" 1 1 1 1 1
"064_Group64" 1 1 1 1 1
"065_Group65" 1 1 1 1 1
"066_Group66" 1 1 1 1 1
"067_Group67" 1 1 1 1 1
"068_Group68" 1 1 1 1 1
"069_Group69" 1 1 1 1 1
"070_Group70" 1 1 1 1 1
"071_Group71" 1 1 1 1 1
"072_Group72" 1 1 1 1 1
"073_Group73" 1 1 1 1 1
"074_Group74" 1 1 1 1 1
"075_Group75" 1 1 1 1 1
"076_Group76" 1 1 1 1 1
"077_Group77" 1 1 1 1 1
"078_Group78" 1 1 1 1 1
"079_Group79" 1 1 1 1 1
"080_Group80" 1 1 1 1 1
"081_Group81" 1 1 1 1 1
"082_Group82" 1 1 1 1 1
"083_Group83" 1 1 1 1 1
"084_Group84" 1 1 1 1 1
"085_Group85" 1 1 1 1 1
"086_Group86" 1 1 1 1 1
"087_Group87" 1 1 1 1 1
"088_Group88" 1 1 1 1 1
"089_Group89" 1 1 1 1 1
"090_Group90" 1 1 1 1 1
"091_Group91" 1 1 1 1 1
"092_Group92" 1 1 1 1 1
"093_Group93" 1 1 1 1 1
"094_Group94" 1 1 1 1 1
"095_Group95" 1 1 1 1 1

"<<<<<< Number of Samples per Acquisition Interval [1unit=500values] >>>>>>"
Time[m] 2 4 6 8 10 
#Samples 2 2 2 2 2 

"<<<<<< Average Temperature [°C] >>>>>>"
Time[m] 2 4 6 8 10 
Temp[°C] 21.8 21.8 21.8 21.8 21.8 

"<<<<<< Well Activity >>>>>>"
Well Group/Time[m] 2 4 6 8 10
A1 "000_Group0" 22 21 17 24 18
B1 "001_Group1" 46 43 30 34 23
C1 "002_Group2" 22 18 18 29 17
D1 "003_Group3" 26 21 25 26 23
E1 "004_Group4" 10 19 12 15 2
F1 "005_Group5" 14 20 21 29 29
G1 "006_Group6" 20 25 20 19 16
H1 "007_Group7" 13 31 17 18 12
A2 "008_Group8" 11 14 11 11 11
B2 "009_Group9" 12 6 11 11 9
C2 "010_Group10" 15 13 9 11 13
D2 "011_Group11" 25 37 36 18 26
E2 "012_Group12" 14 11 15 10 7
F2 "013_Group13" 19 17 33 14 24
G2 "014_Group14" 15 27 21 24 22
H2 "015_Group15" 9 13 12 22 9
A3 "016_Group16" 13 27 26 22 13
B3 "017_Group17" 0 15 13 8 3
C3 "018_Group18" 6 7 9 15 10
D3 "019_Group19" 10 10 24 27 11
E3 "020_Group20" 9 10 5 7 3
F3 "021_Group21" 12 7 17 11 28
G3 "022_Group22" 5 15 4 1 6
H3 "023_Group23" 6 16 8 8 8
A4 "024_Group24" 22 20 24 21 31
B4 "025_Group25" 26 52 21 15 6
C4 "026_Group26" 20 44 27 14 22
D4 "027_Group27" 13 16 14 9 6
E4 "028_Group28" 15 22 11 8 6
F4 "029_Group29" 11 4 8 16 11
G4 "030_Group30" 21 20 7 10 14
H4 "031_Group31" 14 15 7 7 4
A5 "032_Group32" 39 25 33 20 17
B5 "033_Group33" 33 26 11 12 11
C5 "034_Group34" 14 27 20 11 4
D5 "035_Group35" 22 24 1 8 5
E5 "036_Group36" 16 12 14 10 4
F5 "037_Group37" 20 27 16 9 16
G5 "038_Group38" 19 10 21 14 3
H5 "039_Group39" 19 12 7 4 6
A6 "040_Group40" 0 0 0 0 3
B6 "041_Group41" 0 2 1 5 0
C6 "042_Group42" 4 5 7 2 4
D6 "043_Group43" 6 10 6 3 4
E6 "044_Group44" 0 0 0 0 0
F6 "045_Group45" 0 0 0 0 0
G6 "046_Group46" 5 4 2 2 0
H6 "047_Group47" 0 4 5 10 0
A7 "048_Group48" 6 16 15 14 16
B7 "049_Group49" 10 13 28 18 14
C7 "050_Group50" 40 32 29 1 23
D7 "051_Group51" 24 11 9 6 16
E7 "052_Group52" 13 13 13 16 4
F7 "053_Group53" 10 14 17 11 19
G7 "054_Group54" 21 22 15 13 12
H7 "055_Group55" 20 19 22 8 18
A8 "056_Group56" 17 16 23 16 15
B8 "057_Group57" 13 13 9 17 13
C8 "058_Group58" 10 5 12 10 12
D8 "059_Group59" 12 15 14 10 7
E8 "060_Group60" 21 39 18 12 16
F8 "061_Group61" 13 16 8 11 10
G8 "062_Group62" 35 18 12 22 9
H8 "063_Group63" 40 18 15 9 12
A9 "064_Group64" 16 29 27 22 28
B9 "065_Group65" 18 26 25 24 36
C9 "066_Group66" 16 25 32 25 12
D9 "067_Group67" 26 25 23 23 16
E9 "068_Group68" 15 27 27 15 12
F9 "069_Group69" 26 43 25 9 26
G9 "070_Group70" 20 25 47 26 21
H9 "071_Group71" 16 30 20 23 10
A10 "072_Group72" 14 23 19 14 19
B10 "073_Group73" 15 10 15 13 11
C10 "074_Group74" 25 22 29 5 0
D10 "075_Group75" 4 7 2 2 7
E10 "076_Group76" 6 6 5 5 3
F10 "077_Group77" 12 21 29 14 7
G10 "078_Group78" 10 11 25 7 1
H10 "079_Group79" 7 10 10 9 10
A11 "080_Group80" 18 25 18 10 22
B11 "081_Group81" 15 12 7 7 9
C11 "082_Group82" 17 12 8 13 6
D11 "083_Group83" 11 14 12 10 12
E11 "084_Group84" 9 9 7 11 10
F11 "085_Group85" 19 14 9 10 11
G11 "086_Group86" 11 11 9 10 15
H11 "087_Group87" 11 21 4 9 12
A12 "088_Group88" 1 2 8 2 4
B12 "089_Group89" 0 1 2 0 0
C12 "090_Group90" 0 5 0 3 3
D12 "091_Group91" 1 6 6 9 4
E12 "092_Group92" 5 4 2 0 3
F12 "093_Group93" 5 3 9 8 6
G12 "094_Group94" 8 12 6 15 12
H12 "095_Group95" 3 1 4 4 2

"<<<<<< Channel Activity >>>>>>"
Channel Well Group/Time[m] 2 4 6 8 10
CH0 A1.0 "000_Group0" 22 21 17 24 18
CH2 B1.0 "001_Group1" 46 43 30 34 23
CH4 C1.0 "002_Group2" 22 18 18 29 17
CH6 D1.0 "003_Group3" 26 21 25 26 23
CH8 E1.0 "004_Group4" 10 19 12 15 2
CH10 F1.0 "005_Group5" 14 20 21 29 29
CH12 G1.0 "006_Group6" 20 25 20 19 16
CH14 H1.0 "007_Group7" 13 31 17 18 12
CH32 A2.0 "008_Group8" 11 14 11 11 11
CH34 B2.0 "009_Group9" 12 6 11 11 9
CH36 C2.0 "010_Group10" 15 13 9 11 13
CH38 D2.0 "011_Group11" 25 37 36 18 26
CH40 E2.0 "012_Group12" 14 11 15 10 7
CH42 F2.0 "013_Group13" 19 17 33 14 24
CH44 G2.0 "014_Group14" 15 27 21 24 22
CH46 H2.0 "015_Group15" 9 13 12 22 9
CH64 A3.0 "016_Group16" 13 27 26 22 13
CH66 B3.0 "017_Group17" 0 15 13 8 3
CH68 C3.0 "018_Group18" 6 7 9 15 10
CH70 D3.0 "019_Group19" 10 10 24 27 11
CH72 E3.0 "020_Group20" 9 10 5 7 3
CH74 F3.0 "021_Group21" 12 7 17 11 28
CH76 G3.0 "022_Group22" 5 15 4 1 6
CH78 H3.0 "023_Group23" 6 16 8 8 8
CH96 A4.0 "024_Group24" 22 20 24 21 31
CH98 B4.0 "025_Group25" 26 52 21 15 6
CH100 C4.0 "026_Group26" 20 44 27 14 22
CH102 D4.0 "027_Group27" 13 16 14 9 6
CH104 E4.0 "028_Group28" 15 22 11 8 6
CH106 F4.0 "029_Group29" 11 4 8 16 11
CH108 G4.0 "030_Group30" 21 20 7 10 14
CH110 H4.0 "031_Group31" 14 15 7 7 4
CH128 A5.0 "032_Group32" 39 25 33 20 17
CH130 B5.0 "033_Group33" 33 26 11 12 11
CH132 C5.0 "034_Group34" 14 27 20 11 4
CH134 D5.0 "035_Group35" 22 24 1 8 5
CH136 E5.0 "036_Group36" 16 12 14 10 4
CH138 F5.0 "037_Group37" 20 27 16 9 16
CH140 G5.0 "038_Group38" 19 10 21 14 3
CH142 H5.0 "039_Group39" 19 12 7 4 6
CH160 A6.0 "040_Group40" 0 0 0 0 3
CH162 B6.0 "041_Group41" 0 2 1 5 0
CH164 C6.0 "042_Group42" 4 5 7 2 4
CH166 D6.0 "043_Group43" 6 10 6 3 4
CH168 E6.0 "044_Group44" 0 0 0 0 0
CH170 F6.0 "045_Group45" 0 0 0 0 0
CH172 G6.0 "046_Group46" 5 4 2 2 0
CH174 H6.0 "047_Group47" 0 4 5 10 0
CH192 A7.0 "048_Group48" 6 16 15 14 16
CH194 B7.0 "049_Group49" 10 13 28 18 14
CH196 C7.0 "050_Group50" 40 32 29 1 23
CH198 D7.0 "051_Group51" 24 11 9 6 16
CH200 E7.0 "052_Group52" 13 13 13 16 4
CH202 F7.0 "053_Group53" 10 14 17 11 19
CH204 G7.0 "054_Group54" 21 22 15 13 12
CH206 H7.0 "055_Group55" 20 19 22 8 18
CH224 A8.0 "056_Group56" 17 16 23 16 15
CH226 B8.0 "057_Group57" 13 13 9 17 13
CH228 C8.0 "058_Group58" 10 5 12 10 12
CH230 D8.0 "059_Group59" 12 15 14 10 7
CH232 E8.0 "060_Group60" 21 39 18 12 16
CH234 F8.0 "061_Group61" 13 16 8 11 10
CH236 G8.0 "062_Group62" 35 18 12 22 9
CH238 H8.0 "063_Group63" 40 18 15 9 12
CH256 A9.0 "064_Group64" 16 29 27 22 28
CH258 B9.0 "065_Group65" 18 26 25 24 36
CH260 C9.0 "066_Group66" 16 25 32 25 12
CH262 D9.0 "067_Group67" 26 25 23 23 16
CH264 E9.0 "068_Group68" 15 27 27 15 12
CH266 F9.0 "069_Group69" 26 43 25 9 26
CH268 G9.0 "070_Group70" 20 25 47 26 21
CH270 H9.0 "071_Group71" 16 30 20 23 10
CH288 A10.0 "072_Group72" 14 23 19 14 19
CH290 B10.0 "073_Group73" 15 10 15 13 11
CH292 C10.0 "074_Group74" 25 22 29 5 0
CH294 D10.0 "075_Group75" 4 7 2 2 7
CH296 E10.0 "076_Group76" 6 6 5 5 3
CH298 F10.0 "077_Group77" 12 21 29 14 7
CH300 G10.0 "078_Group78" 10 11 25 7 1
CH302 H10.0 "079_Group79" 7 10 10 9 10
CH320 A11.0 "080_Group80" 18 25 18 10 22
CH322 B11.0 "081_Group81" 15 12 7 7 9
CH324 C11.0 "082_Group82" 17 12 8 13 6
CH326 D11.0 "083_Group83" 11 14 12 10 12
CH328 E11.0 "084_Group84" 9 9 7 11 10
CH330 F11.0 "085_Group85" 19 14 9 10 11
CH332 G11.0 "086_Group86" 11 11 9 10 15
CH334 H11.0 "087_Group87" 11 21 4 9 12
CH352 A12.0 "088_Group88" 1 2 8 2 4
CH354 B12.0 "089_Group89" 0 1 2 0 0
CH356 C12.0 "090_Group90" 0 5 0 3 3
CH358 D12.0 "091_Group91" 1 6 6 9 4
CH360 E12.0 "092_Group92" 5 4 2 0 3
CH362 F12.0 "093_Group93" 5 3 9 8 6
CH364 G12.0 "094_Group94" 8 12 6 15 12
CH366 H12.0 "095_Group95" 3 1 4 4 2
