"DATE:" "2/3/2015 8:53:27 AM"
"FILE:" "C:\Users\AndersenLab\Desktop\wmicrotracker\p00011\20150203_0841"
"SUBPROJECT:" "20150203_Longevity_3_2mgmL"

"<<<<<< Group Activity: Average Activity Counts per Data Interval>>>>>>"
Group/Time[m] 2 4 6 8 10
"000_Group0" 17 22 26 35 29
"001_Group1" 15 25 35 38 34
"002_Group2" 9 22 30 17 12
"003_Group3" 28 27 32 28 13
"004_Group4" 29 14 13 18 9
"005_Group5" 31 27 22 18 15
"006_Group6" 30 26 32 23 20
"007_Group7" 19 33 28 28 14
"008_Group8" 33 21 27 18 11
"009_Group9" 38 36 17 21 7
"010_Group10" 31 35 35 24 24
"011_Group11" 39 38 23 37 29
"012_Group12" 30 26 37 25 28
"013_Group13" 14 25 32 12 7
"014_Group14" 48 38 31 33 28
"015_Group15" 41 40 20 26 16
"016_Group16" 33 47 29 28 24
"017_Group17" 9 19 28 15 14
"018_Group18" 30 35 33 30 18
"019_Group19" 21 37 20 19 26
"020_Group20" 28 29 27 12 16
"021_Group21" 32 30 31 31 28
"022_Group22" 41 38 31 20 17
"023_Group23" 41 30 22 20 6
"024_Group24" 28 34 23 9 8
"025_Group25" 34 45 27 11 10
"026_Group26" 48 33 37 27 31
"027_Group27" 25 41 47 35 23
"028_Group28" 29 34 27 39 20
"029_Group29" 38 37 46 36 31
"030_Group30" 32 17 12 5 8
"031_Group31" 30 38 21 27 27
"032_Group32" 31 29 8 8 16
"033_Group33" 18 26 15 2 5
"034_Group34" 36 17 21 10 17
"035_Group35" 31 31 8 11 15
"036_Group36" 43 36 21 10 6
"037_Group37" 50 24 15 20 6
"038_Group38" 35 20 32 20 24
"039_Group39" 43 38 12 15 4
"040_Group40" 12 3 8 1 1
"041_Group41" 3 1 3 6 1
"042_Group42" 15 5 14 10 5
"043_Group43" 6 5 4 4 1
"044_Group44" 8 15 12 9 5
"045_Group45" 21 1 4 2 3
"046_Group46" 29 13 27 22 10
"047_Group47" 21 21 12 7 13
"048_Group48" 24 10 11 11 17
"049_Group49" 30 23 32 20 14
"050_Group50" 24 17 30 22 7
"051_Group51" 11 27 21 8 15
"052_Group52" 38 45 11 17 16
"053_Group53" 48 42 22 22 23
"054_Group54" 15 17 14 2 5
"055_Group55" 45 33 10 34 14
"056_Group56" 35 30 21 18 18
"057_Group57" 19 11 9 8 4
"058_Group58" 37 32 16 8 6
"059_Group59" 33 42 34 21 25
"060_Group60" 11 42 14 24 13
"061_Group61" 31 33 25 13 9
"062_Group62" 18 12 7 8 10
"063_Group63" 42 33 14 18 13
"064_Group64" 24 24 28 34 31
"065_Group65" 30 41 24 21 22
"066_Group66" 41 40 36 28 31
"067_Group67" 24 40 29 42 29
"068_Group68" 31 51 17 20 16
"069_Group69" 39 45 32 34 25
"070_Group70" 45 15 36 31 22
"071_Group71" 35 37 32 41 14
"072_Group72" 27 20 16 7 7
"073_Group73" 14 19 21 15 30
"074_Group74" 46 34 41 41 21
"075_Group75" 18 29 14 6 1
"076_Group76" 12 16 16 9 3
"077_Group77" 32 33 24 12 12
"078_Group78" 42 35 18 8 25
"079_Group79" 26 26 33 4 5
"080_Group80" 40 28 20 23 16
"081_Group81" 28 22 13 12 10
"082_Group82" 8 15 19 16 16
"083_Group83" 24 22 14 15 10
"084_Group84" 24 28 16 10 8
"085_Group85" 36 28 16 16 6
"086_Group86" 21 10 14 11 18
"087_Group87" 11 19 14 7 9
"088_Group88" 0 15 11 11 20
"089_Group89" 37 38 18 17 9
"090_Group90" 2 10 6 6 7
"091_Group91" 0 1 7 4 4
"092_Group92" 2 6 4 2 7
"093_Group93" 3 8 15 12 2
"094_Group94" 34 29 29 20 13
"095_Group95" 47 40 29 24 15

"<<<<<< Group Activity: Number of wells/group >>>>>>"
Group/Time[m] 2 4 6 8 10
"000_Group0" 1 1 1 1 1
"001_Group1" 1 1 1 1 1
"002_Group2" 1 1 1 1 1
"003_Group3" 1 1 1 1 1
"004_Group4" 1 1 1 1 1
"005_Group5" 1 1 1 1 1
"006_Group6" 1 1 1 1 1
"007_Group7" 1 1 1 1 1
"008_Group8" 1 1 1 1 1
"009_Group9" 1 1 1 1 1
"010_Group10" 1 1 1 1 1
"011_Group11" 1 1 1 1 1
"012_Group12" 1 1 1 1 1
"013_Group13" 1 1 1 1 1
"014_Group14" 1 1 1 1 1
"015_Group15" 1 1 1 1 1
"016_Group16" 1 1 1 1 1
"017_Group17" 1 1 1 1 1
"018_Group18" 1 1 1 1 1
"019_Group19" 1 1 1 1 1
"020_Group20" 1 1 1 1 1
"021_Group21" 1 1 1 1 1
"022_Group22" 1 1 1 1 1
"023_Group23" 1 1 1 1 1
"024_Group24" 1 1 1 1 1
"025_Group25" 1 1 1 1 1
"026_Group26" 1 1 1 1 1
"027_Group27" 1 1 1 1 1
"028_Group28" 1 1 1 1 1
"029_Group29" 1 1 1 1 1
"030_Group30" 1 1 1 1 1
"031_Group31" 1 1 1 1 1
"032_Group32" 1 1 1 1 1
"033_Group33" 1 1 1 1 1
"034_Group34" 1 1 1 1 1
"035_Group35" 1 1 1 1 1
"036_Group36" 1 1 1 1 1
"037_Group37" 1 1 1 1 1
"038_Group38" 1 1 1 1 1
"039_Group39" 1 1 1 1 1
"040_Group40" 1 1 1 1 1
"041_Group41" 1 1 1 1 1
"042_Group42" 1 1 1 1 1
"043_Group43" 1 1 1 1 1
"044_Group44" 1 1 1 1 1
"045_Group45" 1 1 1 1 1
"046_Group46" 1 1 1 1 1
"047_Group47" 1 1 1 1 1
"048_Group48" 1 1 1 1 1
"049_Group49" 1 1 1 1 1
"050_Group50" 1 1 1 1 1
"051_Group51" 1 1 1 1 1
"052_Group52" 1 1 1 1 1
"053_Group53" 1 1 1 1 1
"054_Group54" 1 1 1 1 1
"055_Group55" 1 1 1 1 1
"056_Group56" 1 1 1 1 1
"057_Group57" 1 1 1 1 1
"058_Group58" 1 1 1 1 1
"059_Group59" 1 1 1 1 1
"060_Group60" 1 1 1 1 1
"061_Group61" 1 1 1 1 1
"062_Group62" 1 1 1 1 1
"063_Group63" 1 1 1 1 1
"064_Group64" 1 1 1 1 1
"065_Group65" 1 1 1 1 1
"066_Group66" 1 1 1 1 1
"067_Group67" 1 1 1 1 1
"068_Group68" 1 1 1 1 1
"069_Group69" 1 1 1 1 1
"070_Group70" 1 1 1 1 1
"071_Group71" 1 1 1 1 1
"072_Group72" 1 1 1 1 1
"073_Group73" 1 1 1 1 1
"074_Group74" 1 1 1 1 1
"075_Group75" 1 1 1 1 1
"076_Group76" 1 1 1 1 1
"077_Group77" 1 1 1 1 1
"078_Group78" 1 1 1 1 1
"079_Group79" 1 1 1 1 1
"080_Group80" 1 1 1 1 1
"081_Group81" 1 1 1 1 1
"082_Group82" 1 1 1 1 1
"083_Group83" 1 1 1 1 1
"084_Group84" 1 1 1 1 1
"085_Group85" 1 1 1 1 1
"086_Group86" 1 1 1 1 1
"087_Group87" 1 1 1 1 1
"088_Group88" 1 1 1 1 1
"089_Group89" 1 1 1 1 1
"090_Group90" 1 1 1 1 1
"091_Group91" 1 1 1 1 1
"092_Group92" 1 1 1 1 1
"093_Group93" 1 1 1 1 1
"094_Group94" 1 1 1 1 1
"095_Group95" 1 1 1 1 1

"<<<<<< Number of Samples per Acquisition Interval [1unit=500values] >>>>>>"
Time[m] 2 4 6 8 10 
#Samples 2 2 2 2 2 

"<<<<<< Average Temperature [°C] >>>>>>"
Time[m] 2 4 6 8 10 
Temp[°C] 21.4 21.4 21.6 21.6 21.5 

"<<<<<< Well Activity >>>>>>"
Well Group/Time[m] 2 4 6 8 10
A1 "000_Group0" 17 22 26 35 29
B1 "001_Group1" 15 25 35 38 34
C1 "002_Group2" 9 22 30 17 12
D1 "003_Group3" 28 27 32 28 13
E1 "004_Group4" 29 14 13 18 9
F1 "005_Group5" 31 27 22 18 15
G1 "006_Group6" 30 26 32 23 20
H1 "007_Group7" 19 33 28 28 14
A2 "008_Group8" 33 21 27 18 11
B2 "009_Group9" 38 36 17 21 7
C2 "010_Group10" 31 35 35 24 24
D2 "011_Group11" 39 38 23 37 29
E2 "012_Group12" 30 26 37 25 28
F2 "013_Group13" 14 25 32 12 7
G2 "014_Group14" 48 38 31 33 28
H2 "015_Group15" 41 40 20 26 16
A3 "016_Group16" 33 47 29 28 24
B3 "017_Group17" 9 19 28 15 14
C3 "018_Group18" 30 35 33 30 18
D3 "019_Group19" 21 37 20 19 26
E3 "020_Group20" 28 29 27 12 16
F3 "021_Group21" 32 30 31 31 28
G3 "022_Group22" 41 38 31 20 17
H3 "023_Group23" 41 30 22 20 6
A4 "024_Group24" 28 34 23 9 8
B4 "025_Group25" 34 45 27 11 10
C4 "026_Group26" 48 33 37 27 31
D4 "027_Group27" 25 41 47 35 23
E4 "028_Group28" 29 34 27 39 20
F4 "029_Group29" 38 37 46 36 31
G4 "030_Group30" 32 17 12 5 8
H4 "031_Group31" 30 38 21 27 27
A5 "032_Group32" 31 29 8 8 16
B5 "033_Group33" 18 26 15 2 5
C5 "034_Group34" 36 17 21 10 17
D5 "035_Group35" 31 31 8 11 15
E5 "036_Group36" 43 36 21 10 6
F5 "037_Group37" 50 24 15 20 6
G5 "038_Group38" 35 20 32 20 24
H5 "039_Group39" 43 38 12 15 4
A6 "040_Group40" 12 3 8 1 1
B6 "041_Group41" 3 1 3 6 1
C6 "042_Group42" 15 5 14 10 5
D6 "043_Group43" 6 5 4 4 1
E6 "044_Group44" 8 15 12 9 5
F6 "045_Group45" 21 1 4 2 3
G6 "046_Group46" 29 13 27 22 10
H6 "047_Group47" 21 21 12 7 13
A7 "048_Group48" 24 10 11 11 17
B7 "049_Group49" 30 23 32 20 14
C7 "050_Group50" 24 17 30 22 7
D7 "051_Group51" 11 27 21 8 15
E7 "052_Group52" 38 45 11 17 16
F7 "053_Group53" 48 42 22 22 23
G7 "054_Group54" 15 17 14 2 5
H7 "055_Group55" 45 33 10 34 14
A8 "056_Group56" 35 30 21 18 18
B8 "057_Group57" 19 11 9 8 4
C8 "058_Group58" 37 32 16 8 6
D8 "059_Group59" 33 42 34 21 25
E8 "060_Group60" 11 42 14 24 13
F8 "061_Group61" 31 33 25 13 9
G8 "062_Group62" 18 12 7 8 10
H8 "063_Group63" 42 33 14 18 13
A9 "064_Group64" 24 24 28 34 31
B9 "065_Group65" 30 41 24 21 22
C9 "066_Group66" 41 40 36 28 31
D9 "067_Group67" 24 40 29 42 29
E9 "068_Group68" 31 51 17 20 16
F9 "069_Group69" 39 45 32 34 25
G9 "070_Group70" 45 15 36 31 22
H9 "071_Group71" 35 37 32 41 14
A10 "072_Group72" 27 20 16 7 7
B10 "073_Group73" 14 19 21 15 30
C10 "074_Group74" 46 34 41 41 21
D10 "075_Group75" 18 29 14 6 1
E10 "076_Group76" 12 16 16 9 3
F10 "077_Group77" 32 33 24 12 12
G10 "078_Group78" 42 35 18 8 25
H10 "079_Group79" 26 26 33 4 5
A11 "080_Group80" 40 28 20 23 16
B11 "081_Group81" 28 22 13 12 10
C11 "082_Group82" 8 15 19 16 16
D11 "083_Group83" 24 22 14 15 10
E11 "084_Group84" 24 28 16 10 8
F11 "085_Group85" 36 28 16 16 6
G11 "086_Group86" 21 10 14 11 18
H11 "087_Group87" 11 19 14 7 9
A12 "088_Group88" 0 15 11 11 20
B12 "089_Group89" 37 38 18 17 9
C12 "090_Group90" 2 10 6 6 7
D12 "091_Group91" 0 1 7 4 4
E12 "092_Group92" 2 6 4 2 7
F12 "093_Group93" 3 8 15 12 2
G12 "094_Group94" 34 29 29 20 13
H12 "095_Group95" 47 40 29 24 15

"<<<<<< Channel Activity >>>>>>"
Channel Well Group/Time[m] 2 4 6 8 10
CH0 A1.0 "000_Group0" 17 22 26 35 29
CH2 B1.0 "001_Group1" 15 25 35 38 34
CH4 C1.0 "002_Group2" 9 22 30 17 12
CH6 D1.0 "003_Group3" 28 27 32 28 13
CH8 E1.0 "004_Group4" 29 14 13 18 9
CH10 F1.0 "005_Group5" 31 27 22 18 15
CH12 G1.0 "006_Group6" 30 26 32 23 20
CH14 H1.0 "007_Group7" 19 33 28 28 14
CH32 A2.0 "008_Group8" 33 21 27 18 11
CH34 B2.0 "009_Group9" 38 36 17 21 7
CH36 C2.0 "010_Group10" 31 35 35 24 24
CH38 D2.0 "011_Group11" 39 38 23 37 29
CH40 E2.0 "012_Group12" 30 26 37 25 28
CH42 F2.0 "013_Group13" 14 25 32 12 7
CH44 G2.0 "014_Group14" 48 38 31 33 28
CH46 H2.0 "015_Group15" 41 40 20 26 16
CH64 A3.0 "016_Group16" 33 47 29 28 24
CH66 B3.0 "017_Group17" 9 19 28 15 14
CH68 C3.0 "018_Group18" 30 35 33 30 18
CH70 D3.0 "019_Group19" 21 37 20 19 26
CH72 E3.0 "020_Group20" 28 29 27 12 16
CH74 F3.0 "021_Group21" 32 30 31 31 28
CH76 G3.0 "022_Group22" 41 38 31 20 17
CH78 H3.0 "023_Group23" 41 30 22 20 6
CH96 A4.0 "024_Group24" 28 34 23 9 8
CH98 B4.0 "025_Group25" 34 45 27 11 10
CH100 C4.0 "026_Group26" 48 33 37 27 31
CH102 D4.0 "027_Group27" 25 41 47 35 23
CH104 E4.0 "028_Group28" 29 34 27 39 20
CH106 F4.0 "029_Group29" 38 37 46 36 31
CH108 G4.0 "030_Group30" 32 17 12 5 8
CH110 H4.0 "031_Group31" 30 38 21 27 27
CH128 A5.0 "032_Group32" 31 29 8 8 16
CH130 B5.0 "033_Group33" 18 26 15 2 5
CH132 C5.0 "034_Group34" 36 17 21 10 17
CH134 D5.0 "035_Group35" 31 31 8 11 15
CH136 E5.0 "036_Group36" 43 36 21 10 6
CH138 F5.0 "037_Group37" 50 24 15 20 6
CH140 G5.0 "038_Group38" 35 20 32 20 24
CH142 H5.0 "039_Group39" 43 38 12 15 4
CH160 A6.0 "040_Group40" 12 3 8 1 1
CH162 B6.0 "041_Group41" 3 1 3 6 1
CH164 C6.0 "042_Group42" 15 5 14 10 5
CH166 D6.0 "043_Group43" 6 5 4 4 1
CH168 E6.0 "044_Group44" 8 15 12 9 5
CH170 F6.0 "045_Group45" 21 1 4 2 3
CH172 G6.0 "046_Group46" 29 13 27 22 10
CH174 H6.0 "047_Group47" 21 21 12 7 13
CH192 A7.0 "048_Group48" 24 10 11 11 17
CH194 B7.0 "049_Group49" 30 23 32 20 14
CH196 C7.0 "050_Group50" 24 17 30 22 7
CH198 D7.0 "051_Group51" 11 27 21 8 15
CH200 E7.0 "052_Group52" 38 45 11 17 16
CH202 F7.0 "053_Group53" 48 42 22 22 23
CH204 G7.0 "054_Group54" 15 17 14 2 5
CH206 H7.0 "055_Group55" 45 33 10 34 14
CH224 A8.0 "056_Group56" 35 30 21 18 18
CH226 B8.0 "057_Group57" 19 11 9 8 4
CH228 C8.0 "058_Group58" 37 32 16 8 6
CH230 D8.0 "059_Group59" 33 42 34 21 25
CH232 E8.0 "060_Group60" 11 42 14 24 13
CH234 F8.0 "061_Group61" 31 33 25 13 9
CH236 G8.0 "062_Group62" 18 12 7 8 10
CH238 H8.0 "063_Group63" 42 33 14 18 13
CH256 A9.0 "064_Group64" 24 24 28 34 31
CH258 B9.0 "065_Group65" 30 41 24 21 22
CH260 C9.0 "066_Group66" 41 40 36 28 31
CH262 D9.0 "067_Group67" 24 40 29 42 29
CH264 E9.0 "068_Group68" 31 51 17 20 16
CH266 F9.0 "069_Group69" 39 45 32 34 25
CH268 G9.0 "070_Group70" 45 15 36 31 22
CH270 H9.0 "071_Group71" 35 37 32 41 14
CH288 A10.0 "072_Group72" 27 20 16 7 7
CH290 B10.0 "073_Group73" 14 19 21 15 30
CH292 C10.0 "074_Group74" 46 34 41 41 21
CH294 D10.0 "075_Group75" 18 29 14 6 1
CH296 E10.0 "076_Group76" 12 16 16 9 3
CH298 F10.0 "077_Group77" 32 33 24 12 12
CH300 G10.0 "078_Group78" 42 35 18 8 25
CH302 H10.0 "079_Group79" 26 26 33 4 5
CH320 A11.0 "080_Group80" 40 28 20 23 16
CH322 B11.0 "081_Group81" 28 22 13 12 10
CH324 C11.0 "082_Group82" 8 15 19 16 16
CH326 D11.0 "083_Group83" 24 22 14 15 10
CH328 E11.0 "084_Group84" 24 28 16 10 8
CH330 F11.0 "085_Group85" 36 28 16 16 6
CH332 G11.0 "086_Group86" 21 10 14 11 18
CH334 H11.0 "087_Group87" 11 19 14 7 9
CH352 A12.0 "088_Group88" 0 15 11 11 20
CH354 B12.0 "089_Group89" 37 38 18 17 9
CH356 C12.0 "090_Group90" 2 10 6 6 7
CH358 D12.0 "091_Group91" 0 1 7 4 4
CH360 E12.0 "092_Group92" 2 6 4 2 7
CH362 F12.0 "093_Group93" 3 8 15 12 2
CH364 G12.0 "094_Group94" 34 29 29 20 13
CH366 H12.0 "095_Group95" 47 40 29 24 15
