"DATE:" "2/8/2015 8:42:44 AM"
"FILE:" "C:\Users\AndersenLab\Desktop\wmicrotracker\p00011\20150208_0831"
"SUBPROJECT:" "20150208_Longevity_3_2mgmL"

"<<<<<< Group Activity: Average Activity Counts per Data Interval>>>>>>"
Group/Time[m] 2 4 6 8 10
"000_Group0" 22 12 20 15 3
"001_Group1" 14 23 16 15 1
"002_Group2" 13 12 20 3 15
"003_Group3" 19 23 11 26 10
"004_Group4" 7 2 7 10 12
"005_Group5" 10 20 9 1 7
"006_Group6" 22 15 17 4 2
"007_Group7" 9 18 16 6 1
"008_Group8" 12 24 38 23 31
"009_Group9" 12 22 23 20 30
"010_Group10" 7 32 14 29 22
"011_Group11" 25 27 33 30 27
"012_Group12" 10 19 28 30 24
"013_Group13" 19 38 31 28 36
"014_Group14" 8 25 29 6 17
"015_Group15" 14 27 39 26 25
"016_Group16" 4 3 5 11 12
"017_Group17" 0 12 10 7 15
"018_Group18" 9 12 11 18 11
"019_Group19" 10 11 9 1 4
"020_Group20" 11 13 4 8 3
"021_Group21" 10 15 16 3 3
"022_Group22" 3 12 9 6 2
"023_Group23" 11 11 5 6 2
"024_Group24" 23 16 30 7 19
"025_Group25" 13 21 16 8 2
"026_Group26" 14 10 24 11 9
"027_Group27" 29 23 28 23 16
"028_Group28" 18 25 32 8 12
"029_Group29" 33 22 17 14 20
"030_Group30" 24 37 23 19 5
"031_Group31" 11 15 15 5 9
"032_Group32" 26 29 25 23 20
"033_Group33" 8 18 20 5 4
"034_Group34" 19 20 10 1 3
"035_Group35" 9 22 10 4 5
"036_Group36" 28 30 10 10 32
"037_Group37" 20 22 31 12 10
"038_Group38" 20 28 23 15 27
"039_Group39" 14 27 17 10 17
"040_Group40" 0 2 1 0 0
"041_Group41" 7 5 0 0 0
"042_Group42" 0 0 0 0 0
"043_Group43" 2 0 0 0 0
"044_Group44" 0 0 0 0 0
"045_Group45" 7 0 0 0 0
"046_Group46" 0 0 0 0 0
"047_Group47" 1 9 0 0 0
"048_Group48" 21 18 5 9 10
"049_Group49" 10 12 14 10 8
"050_Group50" 10 9 10 5 6
"051_Group51" 19 11 9 6 4
"052_Group52" 11 13 2 4 6
"053_Group53" 40 10 12 6 15
"054_Group54" 10 6 7 7 5
"055_Group55" 16 10 12 17 6
"056_Group56" 13 28 24 15 10
"057_Group57" 11 16 8 8 12
"058_Group58" 18 18 10 14 9
"059_Group59" 10 22 20 16 5
"060_Group60" 16 11 8 20 11
"061_Group61" 18 28 12 10 10
"062_Group62" 24 15 11 12 5
"063_Group63" 35 30 13 17 7
"064_Group64" 20 40 35 33 26
"065_Group65" 12 34 36 22 26
"066_Group66" 32 11 20 21 9
"067_Group67" 24 31 38 35 24
"068_Group68" 16 31 37 24 22
"069_Group69" 27 34 32 20 22
"070_Group70" 18 30 34 25 26
"071_Group71" 14 31 29 24 24
"072_Group72" 18 19 22 19 13
"073_Group73" 17 33 15 14 1
"074_Group74" 7 8 0 0 0
"075_Group75" 10 13 8 0 1
"076_Group76" 7 12 7 1 2
"077_Group77" 13 18 2 2 0
"078_Group78" 5 1 8 5 7
"079_Group79" 10 18 0 0 0
"080_Group80" 18 32 28 24 13
"081_Group81" 23 17 16 25 18
"082_Group82" 25 23 19 10 20
"083_Group83" 30 33 12 9 10
"084_Group84" 30 19 13 5 8
"085_Group85" 25 29 11 8 7
"086_Group86" 32 17 13 6 12
"087_Group87" 21 28 6 2 7
"088_Group88" 2 8 0 0 3
"089_Group89" 13 15 8 11 10
"090_Group90" 7 0 7 8 2
"091_Group91" 7 0 3 0 0
"092_Group92" 9 5 0 1 7
"093_Group93" 8 5 2 0 0
"094_Group94" 8 2 0 1 0
"095_Group95" 13 9 8 3 6

"<<<<<< Group Activity: Number of wells/group >>>>>>"
Group/Time[m] 2 4 6 8 10
"000_Group0" 1 1 1 1 1
"001_Group1" 1 1 1 1 1
"002_Group2" 1 1 1 1 1
"003_Group3" 1 1 1 1 1
"004_Group4" 1 1 1 1 1
"005_Group5" 1 1 1 1 1
"006_Group6" 1 1 1 1 1
"007_Group7" 1 1 1 1 1
"008_Group8" 1 1 1 1 1
"009_Group9" 1 1 1 1 1
"010_Group10" 1 1 1 1 1
"011_Group11" 1 1 1 1 1
"012_Group12" 1 1 1 1 1
"013_Group13" 1 1 1 1 1
"014_Group14" 1 1 1 1 1
"015_Group15" 1 1 1 1 1
"016_Group16" 1 1 1 1 1
"017_Group17" 1 1 1 1 1
"018_Group18" 1 1 1 1 1
"019_Group19" 1 1 1 1 1
"020_Group20" 1 1 1 1 1
"021_Group21" 1 1 1 1 1
"022_Group22" 1 1 1 1 1
"023_Group23" 1 1 1 1 1
"024_Group24" 1 1 1 1 1
"025_Group25" 1 1 1 1 1
"026_Group26" 1 1 1 1 1
"027_Group27" 1 1 1 1 1
"028_Group28" 1 1 1 1 1
"029_Group29" 1 1 1 1 1
"030_Group30" 1 1 1 1 1
"031_Group31" 1 1 1 1 1
"032_Group32" 1 1 1 1 1
"033_Group33" 1 1 1 1 1
"034_Group34" 1 1 1 1 1
"035_Group35" 1 1 1 1 1
"036_Group36" 1 1 1 1 1
"037_Group37" 1 1 1 1 1
"038_Group38" 1 1 1 1 1
"039_Group39" 1 1 1 1 1
"040_Group40" 1 1 1 1 1
"041_Group41" 1 1 1 1 1
"042_Group42" 1 1 1 1 1
"043_Group43" 1 1 1 1 1
"044_Group44" 1 1 1 1 1
"045_Group45" 1 1 1 1 1
"046_Group46" 1 1 1 1 1
"047_Group47" 1 1 1 1 1
"048_Group48" 1 1 1 1 1
"049_Group49" 1 1 1 1 1
"050_Group50" 1 1 1 1 1
"051_Group51" 1 1 1 1 1
"052_Group52" 1 1 1 1 1
"053_Group53" 1 1 1 1 1
"054_Group54" 1 1 1 1 1
"055_Group55" 1 1 1 1 1
"056_Group56" 1 1 1 1 1
"057_Group57" 1 1 1 1 1
"058_Group58" 1 1 1 1 1
"059_Group59" 1 1 1 1 1
"060_Group60" 1 1 1 1 1
"061_Group61" 1 1 1 1 1
"062_Group62" 1 1 1 1 1
"063_Group63" 1 1 1 1 1
"064_Group64" 1 1 1 1 1
"065_Group65" 1 1 1 1 1
"066_Group66" 1 1 1 1 1
"067_Group67" 1 1 1 1 1
"068_Group68" 1 1 1 1 1
"069_Group69" 1 1 1 1 1
"070_Group70" 1 1 1 1 1
"071_Group71" 1 1 1 1 1
"072_Group72" 1 1 1 1 1
"073_Group73" 1 1 1 1 1
"074_Group74" 1 1 1 1 1
"075_Group75" 1 1 1 1 1
"076_Group76" 1 1 1 1 1
"077_Group77" 1 1 1 1 1
"078_Group78" 1 1 1 1 1
"079_Group79" 1 1 1 1 1
"080_Group80" 1 1 1 1 1
"081_Group81" 1 1 1 1 1
"082_Group82" 1 1 1 1 1
"083_Group83" 1 1 1 1 1
"084_Group84" 1 1 1 1 1
"085_Group85" 1 1 1 1 1
"086_Group86" 1 1 1 1 1
"087_Group87" 1 1 1 1 1
"088_Group88" 1 1 1 1 1
"089_Group89" 1 1 1 1 1
"090_Group90" 1 1 1 1 1
"091_Group91" 1 1 1 1 1
"092_Group92" 1 1 1 1 1
"093_Group93" 1 1 1 1 1
"094_Group94" 1 1 1 1 1
"095_Group95" 1 1 1 1 1

"<<<<<< Number of Samples per Acquisition Interval [1unit=500values] >>>>>>"
Time[m] 2 4 6 8 10 
#Samples 2 2 2 2 2 

"<<<<<< Average Temperature [°C] >>>>>>"
Time[m] 2 4 6 8 10 
Temp[°C] 21.8 21.8 21.8 21.8 21.8 

"<<<<<< Well Activity >>>>>>"
Well Group/Time[m] 2 4 6 8 10
A1 "000_Group0" 22 12 20 15 3
B1 "001_Group1" 14 23 16 15 1
C1 "002_Group2" 13 12 20 3 15
D1 "003_Group3" 19 23 11 26 10
E1 "004_Group4" 7 2 7 10 12
F1 "005_Group5" 10 20 9 1 7
G1 "006_Group6" 22 15 17 4 2
H1 "007_Group7" 9 18 16 6 1
A2 "008_Group8" 12 24 38 23 31
B2 "009_Group9" 12 22 23 20 30
C2 "010_Group10" 7 32 14 29 22
D2 "011_Group11" 25 27 33 30 27
E2 "012_Group12" 10 19 28 30 24
F2 "013_Group13" 19 38 31 28 36
G2 "014_Group14" 8 25 29 6 17
H2 "015_Group15" 14 27 39 26 25
A3 "016_Group16" 4 3 5 11 12
B3 "017_Group17" 0 12 10 7 15
C3 "018_Group18" 9 12 11 18 11
D3 "019_Group19" 10 11 9 1 4
E3 "020_Group20" 11 13 4 8 3
F3 "021_Group21" 10 15 16 3 3
G3 "022_Group22" 3 12 9 6 2
H3 "023_Group23" 11 11 5 6 2
A4 "024_Group24" 23 16 30 7 19
B4 "025_Group25" 13 21 16 8 2
C4 "026_Group26" 14 10 24 11 9
D4 "027_Group27" 29 23 28 23 16
E4 "028_Group28" 18 25 32 8 12
F4 "029_Group29" 33 22 17 14 20
G4 "030_Group30" 24 37 23 19 5
H4 "031_Group31" 11 15 15 5 9
A5 "032_Group32" 26 29 25 23 20
B5 "033_Group33" 8 18 20 5 4
C5 "034_Group34" 19 20 10 1 3
D5 "035_Group35" 9 22 10 4 5
E5 "036_Group36" 28 30 10 10 32
F5 "037_Group37" 20 22 31 12 10
G5 "038_Group38" 20 28 23 15 27
H5 "039_Group39" 14 27 17 10 17
A6 "040_Group40" 0 2 1 0 0
B6 "041_Group41" 7 5 0 0 0
C6 "042_Group42" 0 0 0 0 0
D6 "043_Group43" 2 0 0 0 0
E6 "044_Group44" 0 0 0 0 0
F6 "045_Group45" 7 0 0 0 0
G6 "046_Group46" 0 0 0 0 0
H6 "047_Group47" 1 9 0 0 0
A7 "048_Group48" 21 18 5 9 10
B7 "049_Group49" 10 12 14 10 8
C7 "050_Group50" 10 9 10 5 6
D7 "051_Group51" 19 11 9 6 4
E7 "052_Group52" 11 13 2 4 6
F7 "053_Group53" 40 10 12 6 15
G7 "054_Group54" 10 6 7 7 5
H7 "055_Group55" 16 10 12 17 6
A8 "056_Group56" 13 28 24 15 10
B8 "057_Group57" 11 16 8 8 12
C8 "058_Group58" 18 18 10 14 9
D8 "059_Group59" 10 22 20 16 5
E8 "060_Group60" 16 11 8 20 11
F8 "061_Group61" 18 28 12 10 10
G8 "062_Group62" 24 15 11 12 5
H8 "063_Group63" 35 30 13 17 7
A9 "064_Group64" 20 40 35 33 26
B9 "065_Group65" 12 34 36 22 26
C9 "066_Group66" 32 11 20 21 9
D9 "067_Group67" 24 31 38 35 24
E9 "068_Group68" 16 31 37 24 22
F9 "069_Group69" 27 34 32 20 22
G9 "070_Group70" 18 30 34 25 26
H9 "071_Group71" 14 31 29 24 24
A10 "072_Group72" 18 19 22 19 13
B10 "073_Group73" 17 33 15 14 1
C10 "074_Group74" 7 8 0 0 0
D10 "075_Group75" 10 13 8 0 1
E10 "076_Group76" 7 12 7 1 2
F10 "077_Group77" 13 18 2 2 0
G10 "078_Group78" 5 1 8 5 7
H10 "079_Group79" 10 18 0 0 0
A11 "080_Group80" 18 32 28 24 13
B11 "081_Group81" 23 17 16 25 18
C11 "082_Group82" 25 23 19 10 20
D11 "083_Group83" 30 33 12 9 10
E11 "084_Group84" 30 19 13 5 8
F11 "085_Group85" 25 29 11 8 7
G11 "086_Group86" 32 17 13 6 12
H11 "087_Group87" 21 28 6 2 7
A12 "088_Group88" 2 8 0 0 3
B12 "089_Group89" 13 15 8 11 10
C12 "090_Group90" 7 0 7 8 2
D12 "091_Group91" 7 0 3 0 0
E12 "092_Group92" 9 5 0 1 7
F12 "093_Group93" 8 5 2 0 0
G12 "094_Group94" 8 2 0 1 0
H12 "095_Group95" 13 9 8 3 6

"<<<<<< Channel Activity >>>>>>"
Channel Well Group/Time[m] 2 4 6 8 10
CH0 A1.0 "000_Group0" 22 12 20 15 3
CH2 B1.0 "001_Group1" 14 23 16 15 1
CH4 C1.0 "002_Group2" 13 12 20 3 15
CH6 D1.0 "003_Group3" 19 23 11 26 10
CH8 E1.0 "004_Group4" 7 2 7 10 12
CH10 F1.0 "005_Group5" 10 20 9 1 7
CH12 G1.0 "006_Group6" 22 15 17 4 2
CH14 H1.0 "007_Group7" 9 18 16 6 1
CH32 A2.0 "008_Group8" 12 24 38 23 31
CH34 B2.0 "009_Group9" 12 22 23 20 30
CH36 C2.0 "010_Group10" 7 32 14 29 22
CH38 D2.0 "011_Group11" 25 27 33 30 27
CH40 E2.0 "012_Group12" 10 19 28 30 24
CH42 F2.0 "013_Group13" 19 38 31 28 36
CH44 G2.0 "014_Group14" 8 25 29 6 17
CH46 H2.0 "015_Group15" 14 27 39 26 25
CH64 A3.0 "016_Group16" 4 3 5 11 12
CH66 B3.0 "017_Group17" 0 12 10 7 15
CH68 C3.0 "018_Group18" 9 12 11 18 11
CH70 D3.0 "019_Group19" 10 11 9 1 4
CH72 E3.0 "020_Group20" 11 13 4 8 3
CH74 F3.0 "021_Group21" 10 15 16 3 3
CH76 G3.0 "022_Group22" 3 12 9 6 2
CH78 H3.0 "023_Group23" 11 11 5 6 2
CH96 A4.0 "024_Group24" 23 16 30 7 19
CH98 B4.0 "025_Group25" 13 21 16 8 2
CH100 C4.0 "026_Group26" 14 10 24 11 9
CH102 D4.0 "027_Group27" 29 23 28 23 16
CH104 E4.0 "028_Group28" 18 25 32 8 12
CH106 F4.0 "029_Group29" 33 22 17 14 20
CH108 G4.0 "030_Group30" 24 37 23 19 5
CH110 H4.0 "031_Group31" 11 15 15 5 9
CH128 A5.0 "032_Group32" 26 29 25 23 20
CH130 B5.0 "033_Group33" 8 18 20 5 4
CH132 C5.0 "034_Group34" 19 20 10 1 3
CH134 D5.0 "035_Group35" 9 22 10 4 5
CH136 E5.0 "036_Group36" 28 30 10 10 32
CH138 F5.0 "037_Group37" 20 22 31 12 10
CH140 G5.0 "038_Group38" 20 28 23 15 27
CH142 H5.0 "039_Group39" 14 27 17 10 17
CH160 A6.0 "040_Group40" 0 2 1 0 0
CH162 B6.0 "041_Group41" 7 5 0 0 0
CH164 C6.0 "042_Group42" 0 0 0 0 0
CH166 D6.0 "043_Group43" 2 0 0 0 0
CH168 E6.0 "044_Group44" 0 0 0 0 0
CH170 F6.0 "045_Group45" 7 0 0 0 0
CH172 G6.0 "046_Group46" 0 0 0 0 0
CH174 H6.0 "047_Group47" 1 9 0 0 0
CH192 A7.0 "048_Group48" 21 18 5 9 10
CH194 B7.0 "049_Group49" 10 12 14 10 8
CH196 C7.0 "050_Group50" 10 9 10 5 6
CH198 D7.0 "051_Group51" 19 11 9 6 4
CH200 E7.0 "052_Group52" 11 13 2 4 6
CH202 F7.0 "053_Group53" 40 10 12 6 15
CH204 G7.0 "054_Group54" 10 6 7 7 5
CH206 H7.0 "055_Group55" 16 10 12 17 6
CH224 A8.0 "056_Group56" 13 28 24 15 10
CH226 B8.0 "057_Group57" 11 16 8 8 12
CH228 C8.0 "058_Group58" 18 18 10 14 9
CH230 D8.0 "059_Group59" 10 22 20 16 5
CH232 E8.0 "060_Group60" 16 11 8 20 11
CH234 F8.0 "061_Group61" 18 28 12 10 10
CH236 G8.0 "062_Group62" 24 15 11 12 5
CH238 H8.0 "063_Group63" 35 30 13 17 7
CH256 A9.0 "064_Group64" 20 40 35 33 26
CH258 B9.0 "065_Group65" 12 34 36 22 26
CH260 C9.0 "066_Group66" 32 11 20 21 9
CH262 D9.0 "067_Group67" 24 31 38 35 24
CH264 E9.0 "068_Group68" 16 31 37 24 22
CH266 F9.0 "069_Group69" 27 34 32 20 22
CH268 G9.0 "070_Group70" 18 30 34 25 26
CH270 H9.0 "071_Group71" 14 31 29 24 24
CH288 A10.0 "072_Group72" 18 19 22 19 13
CH290 B10.0 "073_Group73" 17 33 15 14 1
CH292 C10.0 "074_Group74" 7 8 0 0 0
CH294 D10.0 "075_Group75" 10 13 8 0 1
CH296 E10.0 "076_Group76" 7 12 7 1 2
CH298 F10.0 "077_Group77" 13 18 2 2 0
CH300 G10.0 "078_Group78" 5 1 8 5 7
CH302 H10.0 "079_Group79" 10 18 0 0 0
CH320 A11.0 "080_Group80" 18 32 28 24 13
CH322 B11.0 "081_Group81" 23 17 16 25 18
CH324 C11.0 "082_Group82" 25 23 19 10 20
CH326 D11.0 "083_Group83" 30 33 12 9 10
CH328 E11.0 "084_Group84" 30 19 13 5 8
CH330 F11.0 "085_Group85" 25 29 11 8 7
CH332 G11.0 "086_Group86" 32 17 13 6 12
CH334 H11.0 "087_Group87" 21 28 6 2 7
CH352 A12.0 "088_Group88" 2 8 0 0 3
CH354 B12.0 "089_Group89" 13 15 8 11 10
CH356 C12.0 "090_Group90" 7 0 7 8 2
CH358 D12.0 "091_Group91" 7 0 3 0 0
CH360 E12.0 "092_Group92" 9 5 0 1 7
CH362 F12.0 "093_Group93" 8 5 2 0 0
CH364 G12.0 "094_Group94" 8 2 0 1 0
CH366 H12.0 "095_Group95" 13 9 8 3 6
