"DATE:" "1/29/2015 9:38:17 AM"
"FILE:" "C:\Users\AndersenLab\Desktop\wmicrotracker\p00011\20150129_0926"
"SUBPROJECT:" "20150129_Longevity_3_2mgmL"

"<<<<<< Group Activity: Average Activity Counts per Data Interval>>>>>>"
Group/Time[m] 2 4 6 8 10
"000_Group0" 23 38 36 40 35
"001_Group1" 34 30 46 42 37
"002_Group2" 14 37 30 34 25
"003_Group3" 37 23 24 26 27
"004_Group4" 27 44 32 15 14
"005_Group5" 32 50 41 34 32
"006_Group6" 36 33 38 32 31
"007_Group7" 35 28 29 21 23
"008_Group8" 30 33 30 26 32
"009_Group9" 22 19 23 31 32
"010_Group10" 19 24 26 27 40
"011_Group11" 22 23 25 33 20
"012_Group12" 11 23 23 24 20
"013_Group13" 30 36 31 30 30
"014_Group14" 13 29 41 20 19
"015_Group15" 33 18 18 30 31
"016_Group16" 35 38 20 38 46
"017_Group17" 26 45 41 24 18
"018_Group18" 25 51 37 38 24
"019_Group19" 23 26 34 37 34
"020_Group20" 25 22 19 17 30
"021_Group21" 34 40 25 31 26
"022_Group22" 41 40 32 44 29
"023_Group23" 31 30 28 20 25
"024_Group24" 23 32 20 24 40
"025_Group25" 26 10 11 29 13
"026_Group26" 25 37 20 37 23
"027_Group27" 26 15 24 15 35
"028_Group28" 20 16 17 28 34
"029_Group29" 32 40 18 23 22
"030_Group30" 15 24 15 30 24
"031_Group31" 26 22 26 27 39
"032_Group32" 25 50 28 28 25
"033_Group33" 35 22 25 29 21
"034_Group34" 29 24 24 16 34
"035_Group35" 35 16 26 16 32
"036_Group36" 34 30 28 23 20
"037_Group37" 28 38 21 27 25
"038_Group38" 28 42 33 20 32
"039_Group39" 39 23 27 25 20
"040_Group40" 27 36 54 46 39
"041_Group41" 42 50 33 46 38
"042_Group42" 29 27 32 37 18
"043_Group43" 40 32 44 30 27
"044_Group44" 32 20 29 32 28
"045_Group45" 31 39 46 45 28
"046_Group46" 33 34 32 25 33
"047_Group47" 30 17 25 35 27
"048_Group48" 36 39 38 33 42
"049_Group49" 41 40 45 39 43
"050_Group50" 46 41 40 41 12
"051_Group51" 33 30 39 45 31
"052_Group52" 28 44 32 24 38
"053_Group53" 33 47 46 34 40
"054_Group54" 38 45 43 40 37
"055_Group55" 18 43 55 22 38
"056_Group56" 48 35 38 39 28
"057_Group57" 11 15 30 24 15
"058_Group58" 39 43 44 29 31
"059_Group59" 30 28 36 24 38
"060_Group60" 34 38 33 32 21
"061_Group61" 27 24 26 21 26
"062_Group62" 34 33 31 30 30
"063_Group63" 21 42 34 25 26
"064_Group64" 52 52 43 42 54
"065_Group65" 44 51 24 26 17
"066_Group66" 24 25 26 28 22
"067_Group67" 17 30 38 28 24
"068_Group68" 38 46 35 43 36
"069_Group69" 14 35 29 39 27
"070_Group70" 15 33 35 32 25
"071_Group71" 34 18 15 34 50
"072_Group72" 13 26 17 22 24
"073_Group73" 39 25 30 30 36
"074_Group74" 25 9 24 24 22
"075_Group75" 25 22 26 14 23
"076_Group76" 17 31 32 12 29
"077_Group77" 33 32 25 18 24
"078_Group78" 27 31 25 22 38
"079_Group79" 16 39 23 25 18
"080_Group80" 39 47 28 31 30
"081_Group81" 21 27 19 24 25
"082_Group82" 25 19 14 25 29
"083_Group83" 32 38 37 26 36
"084_Group84" 25 24 21 24 27
"085_Group85" 18 16 20 15 18
"086_Group86" 40 30 37 17 43
"087_Group87" 28 17 14 20 18
"088_Group88" 25 30 29 28 27
"089_Group89" 23 40 33 35 27
"090_Group90" 26 21 30 23 32
"091_Group91" 22 31 27 22 20
"092_Group92" 18 10 16 24 33
"093_Group93" 27 32 37 40 25
"094_Group94" 47 43 37 40 23
"095_Group95" 42 30 20 36 28

"<<<<<< Group Activity: Number of wells/group >>>>>>"
Group/Time[m] 2 4 6 8 10
"000_Group0" 1 1 1 1 1
"001_Group1" 1 1 1 1 1
"002_Group2" 1 1 1 1 1
"003_Group3" 1 1 1 1 1
"004_Group4" 1 1 1 1 1
"005_Group5" 1 1 1 1 1
"006_Group6" 1 1 1 1 1
"007_Group7" 1 1 1 1 1
"008_Group8" 1 1 1 1 1
"009_Group9" 1 1 1 1 1
"010_Group10" 1 1 1 1 1
"011_Group11" 1 1 1 1 1
"012_Group12" 1 1 1 1 1
"013_Group13" 1 1 1 1 1
"014_Group14" 1 1 1 1 1
"015_Group15" 1 1 1 1 1
"016_Group16" 1 1 1 1 1
"017_Group17" 1 1 1 1 1
"018_Group18" 1 1 1 1 1
"019_Group19" 1 1 1 1 1
"020_Group20" 1 1 1 1 1
"021_Group21" 1 1 1 1 1
"022_Group22" 1 1 1 1 1
"023_Group23" 1 1 1 1 1
"024_Group24" 1 1 1 1 1
"025_Group25" 1 1 1 1 1
"026_Group26" 1 1 1 1 1
"027_Group27" 1 1 1 1 1
"028_Group28" 1 1 1 1 1
"029_Group29" 1 1 1 1 1
"030_Group30" 1 1 1 1 1
"031_Group31" 1 1 1 1 1
"032_Group32" 1 1 1 1 1
"033_Group33" 1 1 1 1 1
"034_Group34" 1 1 1 1 1
"035_Group35" 1 1 1 1 1
"036_Group36" 1 1 1 1 1
"037_Group37" 1 1 1 1 1
"038_Group38" 1 1 1 1 1
"039_Group39" 1 1 1 1 1
"040_Group40" 1 1 1 1 1
"041_Group41" 1 1 1 1 1
"042_Group42" 1 1 1 1 1
"043_Group43" 1 1 1 1 1
"044_Group44" 1 1 1 1 1
"045_Group45" 1 1 1 1 1
"046_Group46" 1 1 1 1 1
"047_Group47" 1 1 1 1 1
"048_Group48" 1 1 1 1 1
"049_Group49" 1 1 1 1 1
"050_Group50" 1 1 1 1 1
"051_Group51" 1 1 1 1 1
"052_Group52" 1 1 1 1 1
"053_Group53" 1 1 1 1 1
"054_Group54" 1 1 1 1 1
"055_Group55" 1 1 1 1 1
"056_Group56" 1 1 1 1 1
"057_Group57" 1 1 1 1 1
"058_Group58" 1 1 1 1 1
"059_Group59" 1 1 1 1 1
"060_Group60" 1 1 1 1 1
"061_Group61" 1 1 1 1 1
"062_Group62" 1 1 1 1 1
"063_Group63" 1 1 1 1 1
"064_Group64" 1 1 1 1 1
"065_Group65" 1 1 1 1 1
"066_Group66" 1 1 1 1 1
"067_Group67" 1 1 1 1 1
"068_Group68" 1 1 1 1 1
"069_Group69" 1 1 1 1 1
"070_Group70" 1 1 1 1 1
"071_Group71" 1 1 1 1 1
"072_Group72" 1 1 1 1 1
"073_Group73" 1 1 1 1 1
"074_Group74" 1 1 1 1 1
"075_Group75" 1 1 1 1 1
"076_Group76" 1 1 1 1 1
"077_Group77" 1 1 1 1 1
"078_Group78" 1 1 1 1 1
"079_Group79" 1 1 1 1 1
"080_Group80" 1 1 1 1 1
"081_Group81" 1 1 1 1 1
"082_Group82" 1 1 1 1 1
"083_Group83" 1 1 1 1 1
"084_Group84" 1 1 1 1 1
"085_Group85" 1 1 1 1 1
"086_Group86" 1 1 1 1 1
"087_Group87" 1 1 1 1 1
"088_Group88" 1 1 1 1 1
"089_Group89" 1 1 1 1 1
"090_Group90" 1 1 1 1 1
"091_Group91" 1 1 1 1 1
"092_Group92" 1 1 1 1 1
"093_Group93" 1 1 1 1 1
"094_Group94" 1 1 1 1 1
"095_Group95" 1 1 1 1 1

"<<<<<< Number of Samples per Acquisition Interval [1unit=500values] >>>>>>"
Time[m] 2 4 6 8 10 
#Samples 2 2 2 2 2 

"<<<<<< Average Temperature [°C] >>>>>>"
Time[m] 2 4 6 8 10 
Temp[°C] 22.2 22.2 22.2 22.2 22.2 

"<<<<<< Well Activity >>>>>>"
Well Group/Time[m] 2 4 6 8 10
A1 "000_Group0" 23 38 36 40 35
B1 "001_Group1" 34 30 46 42 37
C1 "002_Group2" 14 37 30 34 25
D1 "003_Group3" 37 23 24 26 27
E1 "004_Group4" 27 44 32 15 14
F1 "005_Group5" 32 50 41 34 32
G1 "006_Group6" 36 33 38 32 31
H1 "007_Group7" 35 28 29 21 23
A2 "008_Group8" 30 33 30 26 32
B2 "009_Group9" 22 19 23 31 32
C2 "010_Group10" 19 24 26 27 40
D2 "011_Group11" 22 23 25 33 20
E2 "012_Group12" 11 23 23 24 20
F2 "013_Group13" 30 36 31 30 30
G2 "014_Group14" 13 29 41 20 19
H2 "015_Group15" 33 18 18 30 31
A3 "016_Group16" 35 38 20 38 46
B3 "017_Group17" 26 45 41 24 18
C3 "018_Group18" 25 51 37 38 24
D3 "019_Group19" 23 26 34 37 34
E3 "020_Group20" 25 22 19 17 30
F3 "021_Group21" 34 40 25 31 26
G3 "022_Group22" 41 40 32 44 29
H3 "023_Group23" 31 30 28 20 25
A4 "024_Group24" 23 32 20 24 40
B4 "025_Group25" 26 10 11 29 13
C4 "026_Group26" 25 37 20 37 23
D4 "027_Group27" 26 15 24 15 35
E4 "028_Group28" 20 16 17 28 34
F4 "029_Group29" 32 40 18 23 22
G4 "030_Group30" 15 24 15 30 24
H4 "031_Group31" 26 22 26 27 39
A5 "032_Group32" 25 50 28 28 25
B5 "033_Group33" 35 22 25 29 21
C5 "034_Group34" 29 24 24 16 34
D5 "035_Group35" 35 16 26 16 32
E5 "036_Group36" 34 30 28 23 20
F5 "037_Group37" 28 38 21 27 25
G5 "038_Group38" 28 42 33 20 32
H5 "039_Group39" 39 23 27 25 20
A6 "040_Group40" 27 36 54 46 39
B6 "041_Group41" 42 50 33 46 38
C6 "042_Group42" 29 27 32 37 18
D6 "043_Group43" 40 32 44 30 27
E6 "044_Group44" 32 20 29 32 28
F6 "045_Group45" 31 39 46 45 28
G6 "046_Group46" 33 34 32 25 33
H6 "047_Group47" 30 17 25 35 27
A7 "048_Group48" 36 39 38 33 42
B7 "049_Group49" 41 40 45 39 43
C7 "050_Group50" 46 41 40 41 12
D7 "051_Group51" 33 30 39 45 31
E7 "052_Group52" 28 44 32 24 38
F7 "053_Group53" 33 47 46 34 40
G7 "054_Group54" 38 45 43 40 37
H7 "055_Group55" 18 43 55 22 38
A8 "056_Group56" 48 35 38 39 28
B8 "057_Group57" 11 15 30 24 15
C8 "058_Group58" 39 43 44 29 31
D8 "059_Group59" 30 28 36 24 38
E8 "060_Group60" 34 38 33 32 21
F8 "061_Group61" 27 24 26 21 26
G8 "062_Group62" 34 33 31 30 30
H8 "063_Group63" 21 42 34 25 26
A9 "064_Group64" 52 52 43 42 54
B9 "065_Group65" 44 51 24 26 17
C9 "066_Group66" 24 25 26 28 22
D9 "067_Group67" 17 30 38 28 24
E9 "068_Group68" 38 46 35 43 36
F9 "069_Group69" 14 35 29 39 27
G9 "070_Group70" 15 33 35 32 25
H9 "071_Group71" 34 18 15 34 50
A10 "072_Group72" 13 26 17 22 24
B10 "073_Group73" 39 25 30 30 36
C10 "074_Group74" 25 9 24 24 22
D10 "075_Group75" 25 22 26 14 23
E10 "076_Group76" 17 31 32 12 29
F10 "077_Group77" 33 32 25 18 24
G10 "078_Group78" 27 31 25 22 38
H10 "079_Group79" 16 39 23 25 18
A11 "080_Group80" 39 47 28 31 30
B11 "081_Group81" 21 27 19 24 25
C11 "082_Group82" 25 19 14 25 29
D11 "083_Group83" 32 38 37 26 36
E11 "084_Group84" 25 24 21 24 27
F11 "085_Group85" 18 16 20 15 18
G11 "086_Group86" 40 30 37 17 43
H11 "087_Group87" 28 17 14 20 18
A12 "088_Group88" 25 30 29 28 27
B12 "089_Group89" 23 40 33 35 27
C12 "090_Group90" 26 21 30 23 32
D12 "091_Group91" 22 31 27 22 20
E12 "092_Group92" 18 10 16 24 33
F12 "093_Group93" 27 32 37 40 25
G12 "094_Group94" 47 43 37 40 23
H12 "095_Group95" 42 30 20 36 28

"<<<<<< Channel Activity >>>>>>"
Channel Well Group/Time[m] 2 4 6 8 10
CH0 A1.0 "000_Group0" 23 38 36 40 35
CH2 B1.0 "001_Group1" 34 30 46 42 37
CH4 C1.0 "002_Group2" 14 37 30 34 25
CH6 D1.0 "003_Group3" 37 23 24 26 27
CH8 E1.0 "004_Group4" 27 44 32 15 14
CH10 F1.0 "005_Group5" 32 50 41 34 32
CH12 G1.0 "006_Group6" 36 33 38 32 31
CH14 H1.0 "007_Group7" 35 28 29 21 23
CH32 A2.0 "008_Group8" 30 33 30 26 32
CH34 B2.0 "009_Group9" 22 19 23 31 32
CH36 C2.0 "010_Group10" 19 24 26 27 40
CH38 D2.0 "011_Group11" 22 23 25 33 20
CH40 E2.0 "012_Group12" 11 23 23 24 20
CH42 F2.0 "013_Group13" 30 36 31 30 30
CH44 G2.0 "014_Group14" 13 29 41 20 19
CH46 H2.0 "015_Group15" 33 18 18 30 31
CH64 A3.0 "016_Group16" 35 38 20 38 46
CH66 B3.0 "017_Group17" 26 45 41 24 18
CH68 C3.0 "018_Group18" 25 51 37 38 24
CH70 D3.0 "019_Group19" 23 26 34 37 34
CH72 E3.0 "020_Group20" 25 22 19 17 30
CH74 F3.0 "021_Group21" 34 40 25 31 26
CH76 G3.0 "022_Group22" 41 40 32 44 29
CH78 H3.0 "023_Group23" 31 30 28 20 25
CH96 A4.0 "024_Group24" 23 32 20 24 40
CH98 B4.0 "025_Group25" 26 10 11 29 13
CH100 C4.0 "026_Group26" 25 37 20 37 23
CH102 D4.0 "027_Group27" 26 15 24 15 35
CH104 E4.0 "028_Group28" 20 16 17 28 34
CH106 F4.0 "029_Group29" 32 40 18 23 22
CH108 G4.0 "030_Group30" 15 24 15 30 24
CH110 H4.0 "031_Group31" 26 22 26 27 39
CH128 A5.0 "032_Group32" 25 50 28 28 25
CH130 B5.0 "033_Group33" 35 22 25 29 21
CH132 C5.0 "034_Group34" 29 24 24 16 34
CH134 D5.0 "035_Group35" 35 16 26 16 32
CH136 E5.0 "036_Group36" 34 30 28 23 20
CH138 F5.0 "037_Group37" 28 38 21 27 25
CH140 G5.0 "038_Group38" 28 42 33 20 32
CH142 H5.0 "039_Group39" 39 23 27 25 20
CH160 A6.0 "040_Group40" 27 36 54 46 39
CH162 B6.0 "041_Group41" 42 50 33 46 38
CH164 C6.0 "042_Group42" 29 27 32 37 18
CH166 D6.0 "043_Group43" 40 32 44 30 27
CH168 E6.0 "044_Group44" 32 20 29 32 28
CH170 F6.0 "045_Group45" 31 39 46 45 28
CH172 G6.0 "046_Group46" 33 34 32 25 33
CH174 H6.0 "047_Group47" 30 17 25 35 27
CH192 A7.0 "048_Group48" 36 39 38 33 42
CH194 B7.0 "049_Group49" 41 40 45 39 43
CH196 C7.0 "050_Group50" 46 41 40 41 12
CH198 D7.0 "051_Group51" 33 30 39 45 31
CH200 E7.0 "052_Group52" 28 44 32 24 38
CH202 F7.0 "053_Group53" 33 47 46 34 40
CH204 G7.0 "054_Group54" 38 45 43 40 37
CH206 H7.0 "055_Group55" 18 43 55 22 38
CH224 A8.0 "056_Group56" 48 35 38 39 28
CH226 B8.0 "057_Group57" 11 15 30 24 15
CH228 C8.0 "058_Group58" 39 43 44 29 31
CH230 D8.0 "059_Group59" 30 28 36 24 38
CH232 E8.0 "060_Group60" 34 38 33 32 21
CH234 F8.0 "061_Group61" 27 24 26 21 26
CH236 G8.0 "062_Group62" 34 33 31 30 30
CH238 H8.0 "063_Group63" 21 42 34 25 26
CH256 A9.0 "064_Group64" 52 52 43 42 54
CH258 B9.0 "065_Group65" 44 51 24 26 17
CH260 C9.0 "066_Group66" 24 25 26 28 22
CH262 D9.0 "067_Group67" 17 30 38 28 24
CH264 E9.0 "068_Group68" 38 46 35 43 36
CH266 F9.0 "069_Group69" 14 35 29 39 27
CH268 G9.0 "070_Group70" 15 33 35 32 25
CH270 H9.0 "071_Group71" 34 18 15 34 50
CH288 A10.0 "072_Group72" 13 26 17 22 24
CH290 B10.0 "073_Group73" 39 25 30 30 36
CH292 C10.0 "074_Group74" 25 9 24 24 22
CH294 D10.0 "075_Group75" 25 22 26 14 23
CH296 E10.0 "076_Group76" 17 31 32 12 29
CH298 F10.0 "077_Group77" 33 32 25 18 24
CH300 G10.0 "078_Group78" 27 31 25 22 38
CH302 H10.0 "079_Group79" 16 39 23 25 18
CH320 A11.0 "080_Group80" 39 47 28 31 30
CH322 B11.0 "081_Group81" 21 27 19 24 25
CH324 C11.0 "082_Group82" 25 19 14 25 29
CH326 D11.0 "083_Group83" 32 38 37 26 36
CH328 E11.0 "084_Group84" 25 24 21 24 27
CH330 F11.0 "085_Group85" 18 16 20 15 18
CH332 G11.0 "086_Group86" 40 30 37 17 43
CH334 H11.0 "087_Group87" 28 17 14 20 18
CH352 A12.0 "088_Group88" 25 30 29 28 27
CH354 B12.0 "089_Group89" 23 40 33 35 27
CH356 C12.0 "090_Group90" 26 21 30 23 32
CH358 D12.0 "091_Group91" 22 31 27 22 20
CH360 E12.0 "092_Group92" 18 10 16 24 33
CH362 F12.0 "093_Group93" 27 32 37 40 25
CH364 G12.0 "094_Group94" 47 43 37 40 23
CH366 H12.0 "095_Group95" 42 30 20 36 28
