"DATE:" "2/7/2015 8:46:26 AM"
"FILE:" "C:\Users\AndersenLab\Desktop\wmicrotracker\p00011\20150207_0833"
"SUBPROJECT:" "20150207_Longevity_3_2mgmL"

"<<<<<< Group Activity: Average Activity Counts per Data Interval>>>>>>"
Group/Time[m] 2 4 6 8 10
"000_Group0" 14 17 28 19 19
"001_Group1" 37 26 19 6 4
"002_Group2" 17 7 31 19 11
"003_Group3" 20 24 30 15 0
"004_Group4" 10 22 19 10 14
"005_Group5" 21 16 17 29 13
"006_Group6" 10 11 28 24 14
"007_Group7" 24 25 18 13 10
"008_Group8" 18 26 30 35 16
"009_Group9" 40 42 37 28 41
"010_Group10" 22 42 17 29 28
"011_Group11" 17 30 30 35 23
"012_Group12" 14 22 29 31 13
"013_Group13" 32 16 40 22 24
"014_Group14" 10 7 15 21 22
"015_Group15" 35 21 29 25 28
"016_Group16" 14 7 12 0 5
"017_Group17" 5 21 11 10 10
"018_Group18" 8 10 10 10 7
"019_Group19" 33 15 16 9 18
"020_Group20" 24 14 14 10 8
"021_Group21" 28 7 7 10 3
"022_Group22" 10 12 14 2 3
"023_Group23" 12 12 13 8 4
"024_Group24" 17 25 26 20 11
"025_Group25" 22 30 25 18 15
"026_Group26" 30 25 37 28 26
"027_Group27" 36 33 15 26 27
"028_Group28" 17 28 32 11 8
"029_Group29" 26 24 15 13 7
"030_Group30" 43 31 26 23 13
"031_Group31" 27 15 16 17 23
"032_Group32" 29 31 38 23 30
"033_Group33" 31 14 11 21 0
"034_Group34" 23 30 19 20 14
"035_Group35" 27 31 12 9 3
"036_Group36" 21 22 29 13 4
"037_Group37" 19 11 9 9 18
"038_Group38" 35 28 16 18 16
"039_Group39" 24 9 9 0 8
"040_Group40" 2 8 2 0 0
"041_Group41" 15 3 5 0 0
"042_Group42" 2 5 5 0 0
"043_Group43" 0 1 0 0 0
"044_Group44" 7 0 0 0 0
"045_Group45" 5 0 0 0 0
"046_Group46" 11 0 0 1 2
"047_Group47" 3 4 3 0 0
"048_Group48" 28 18 5 9 11
"049_Group49" 29 20 12 27 14
"050_Group50" 22 16 14 7 8
"051_Group51" 9 8 11 12 7
"052_Group52" 19 5 10 8 7
"053_Group53" 18 27 24 16 16
"054_Group54" 12 16 10 19 12
"055_Group55" 21 9 3 9 3
"056_Group56" 27 20 13 11 12
"057_Group57" 24 13 13 15 8
"058_Group58" 29 21 17 12 16
"059_Group59" 18 22 19 10 13
"060_Group60" 15 14 9 13 11
"061_Group61" 12 19 15 7 5
"062_Group62" 15 18 18 12 9
"063_Group63" 20 15 24 15 15
"064_Group64" 18 21 23 19 35
"065_Group65" 30 31 38 26 29
"066_Group66" 20 31 33 32 16
"067_Group67" 18 25 21 32 22
"068_Group68" 20 21 20 28 21
"069_Group69" 23 40 40 30 26
"070_Group70" 18 35 31 36 38
"071_Group71" 23 25 29 29 13
"072_Group72" 28 22 17 10 12
"073_Group73" 34 20 14 12 26
"074_Group74" 11 12 15 5 0
"075_Group75" 7 28 28 18 20
"076_Group76" 0 6 1 0 0
"077_Group77" 27 37 19 25 13
"078_Group78" 10 4 4 8 4
"079_Group79" 17 14 18 10 1
"080_Group80" 24 24 8 16 18
"081_Group81" 21 16 15 21 11
"082_Group82" 21 13 18 5 11
"083_Group83" 28 20 17 15 8
"084_Group84" 22 19 17 8 15
"085_Group85" 22 18 14 7 12
"086_Group86" 34 15 29 9 9
"087_Group87" 17 16 17 5 11
"088_Group88" 0 0 0 0 0
"089_Group89" 19 16 7 2 0
"090_Group90" 0 0 2 4 3
"091_Group91" 9 6 5 0 0
"092_Group92" 3 3 16 1 2
"093_Group93" 0 0 2 1 0
"094_Group94" 8 6 6 2 0
"095_Group95" 23 5 3 7 4

"<<<<<< Group Activity: Number of wells/group >>>>>>"
Group/Time[m] 2 4 6 8 10
"000_Group0" 1 1 1 1 1
"001_Group1" 1 1 1 1 1
"002_Group2" 1 1 1 1 1
"003_Group3" 1 1 1 1 1
"004_Group4" 1 1 1 1 1
"005_Group5" 1 1 1 1 1
"006_Group6" 1 1 1 1 1
"007_Group7" 1 1 1 1 1
"008_Group8" 1 1 1 1 1
"009_Group9" 1 1 1 1 1
"010_Group10" 1 1 1 1 1
"011_Group11" 1 1 1 1 1
"012_Group12" 1 1 1 1 1
"013_Group13" 1 1 1 1 1
"014_Group14" 1 1 1 1 1
"015_Group15" 1 1 1 1 1
"016_Group16" 1 1 1 1 1
"017_Group17" 1 1 1 1 1
"018_Group18" 1 1 1 1 1
"019_Group19" 1 1 1 1 1
"020_Group20" 1 1 1 1 1
"021_Group21" 1 1 1 1 1
"022_Group22" 1 1 1 1 1
"023_Group23" 1 1 1 1 1
"024_Group24" 1 1 1 1 1
"025_Group25" 1 1 1 1 1
"026_Group26" 1 1 1 1 1
"027_Group27" 1 1 1 1 1
"028_Group28" 1 1 1 1 1
"029_Group29" 1 1 1 1 1
"030_Group30" 1 1 1 1 1
"031_Group31" 1 1 1 1 1
"032_Group32" 1 1 1 1 1
"033_Group33" 1 1 1 1 1
"034_Group34" 1 1 1 1 1
"035_Group35" 1 1 1 1 1
"036_Group36" 1 1 1 1 1
"037_Group37" 1 1 1 1 1
"038_Group38" 1 1 1 1 1
"039_Group39" 1 1 1 1 1
"040_Group40" 1 1 1 1 1
"041_Group41" 1 1 1 1 1
"042_Group42" 1 1 1 1 1
"043_Group43" 1 1 1 1 1
"044_Group44" 1 1 1 1 1
"045_Group45" 1 1 1 1 1
"046_Group46" 1 1 1 1 1
"047_Group47" 1 1 1 1 1
"048_Group48" 1 1 1 1 1
"049_Group49" 1 1 1 1 1
"050_Group50" 1 1 1 1 1
"051_Group51" 1 1 1 1 1
"052_Group52" 1 1 1 1 1
"053_Group53" 1 1 1 1 1
"054_Group54" 1 1 1 1 1
"055_Group55" 1 1 1 1 1
"056_Group56" 1 1 1 1 1
"057_Group57" 1 1 1 1 1
"058_Group58" 1 1 1 1 1
"059_Group59" 1 1 1 1 1
"060_Group60" 1 1 1 1 1
"061_Group61" 1 1 1 1 1
"062_Group62" 1 1 1 1 1
"063_Group63" 1 1 1 1 1
"064_Group64" 1 1 1 1 1
"065_Group65" 1 1 1 1 1
"066_Group66" 1 1 1 1 1
"067_Group67" 1 1 1 1 1
"068_Group68" 1 1 1 1 1
"069_Group69" 1 1 1 1 1
"070_Group70" 1 1 1 1 1
"071_Group71" 1 1 1 1 1
"072_Group72" 1 1 1 1 1
"073_Group73" 1 1 1 1 1
"074_Group74" 1 1 1 1 1
"075_Group75" 1 1 1 1 1
"076_Group76" 1 1 1 1 1
"077_Group77" 1 1 1 1 1
"078_Group78" 1 1 1 1 1
"079_Group79" 1 1 1 1 1
"080_Group80" 1 1 1 1 1
"081_Group81" 1 1 1 1 1
"082_Group82" 1 1 1 1 1
"083_Group83" 1 1 1 1 1
"084_Group84" 1 1 1 1 1
"085_Group85" 1 1 1 1 1
"086_Group86" 1 1 1 1 1
"087_Group87" 1 1 1 1 1
"088_Group88" 1 1 1 1 1
"089_Group89" 1 1 1 1 1
"090_Group90" 1 1 1 1 1
"091_Group91" 1 1 1 1 1
"092_Group92" 1 1 1 1 1
"093_Group93" 1 1 1 1 1
"094_Group94" 1 1 1 1 1
"095_Group95" 1 1 1 1 1

"<<<<<< Number of Samples per Acquisition Interval [1unit=500values] >>>>>>"
Time[m] 2 4 6 8 10 
#Samples 2 2 2 2 2 

"<<<<<< Average Temperature [°C] >>>>>>"
Time[m] 2 4 6 8 10 
Temp[°C] 21.5 21.6 21.6 21.6 21.6 

"<<<<<< Well Activity >>>>>>"
Well Group/Time[m] 2 4 6 8 10
A1 "000_Group0" 14 17 28 19 19
B1 "001_Group1" 37 26 19 6 4
C1 "002_Group2" 17 7 31 19 11
D1 "003_Group3" 20 24 30 15 0
E1 "004_Group4" 10 22 19 10 14
F1 "005_Group5" 21 16 17 29 13
G1 "006_Group6" 10 11 28 24 14
H1 "007_Group7" 24 25 18 13 10
A2 "008_Group8" 18 26 30 35 16
B2 "009_Group9" 40 42 37 28 41
C2 "010_Group10" 22 42 17 29 28
D2 "011_Group11" 17 30 30 35 23
E2 "012_Group12" 14 22 29 31 13
F2 "013_Group13" 32 16 40 22 24
G2 "014_Group14" 10 7 15 21 22
H2 "015_Group15" 35 21 29 25 28
A3 "016_Group16" 14 7 12 0 5
B3 "017_Group17" 5 21 11 10 10
C3 "018_Group18" 8 10 10 10 7
D3 "019_Group19" 33 15 16 9 18
E3 "020_Group20" 24 14 14 10 8
F3 "021_Group21" 28 7 7 10 3
G3 "022_Group22" 10 12 14 2 3
H3 "023_Group23" 12 12 13 8 4
A4 "024_Group24" 17 25 26 20 11
B4 "025_Group25" 22 30 25 18 15
C4 "026_Group26" 30 25 37 28 26
D4 "027_Group27" 36 33 15 26 27
E4 "028_Group28" 17 28 32 11 8
F4 "029_Group29" 26 24 15 13 7
G4 "030_Group30" 43 31 26 23 13
H4 "031_Group31" 27 15 16 17 23
A5 "032_Group32" 29 31 38 23 30
B5 "033_Group33" 31 14 11 21 0
C5 "034_Group34" 23 30 19 20 14
D5 "035_Group35" 27 31 12 9 3
E5 "036_Group36" 21 22 29 13 4
F5 "037_Group37" 19 11 9 9 18
G5 "038_Group38" 35 28 16 18 16
H5 "039_Group39" 24 9 9 0 8
A6 "040_Group40" 2 8 2 0 0
B6 "041_Group41" 15 3 5 0 0
C6 "042_Group42" 2 5 5 0 0
D6 "043_Group43" 0 1 0 0 0
E6 "044_Group44" 7 0 0 0 0
F6 "045_Group45" 5 0 0 0 0
G6 "046_Group46" 11 0 0 1 2
H6 "047_Group47" 3 4 3 0 0
A7 "048_Group48" 28 18 5 9 11
B7 "049_Group49" 29 20 12 27 14
C7 "050_Group50" 22 16 14 7 8
D7 "051_Group51" 9 8 11 12 7
E7 "052_Group52" 19 5 10 8 7
F7 "053_Group53" 18 27 24 16 16
G7 "054_Group54" 12 16 10 19 12
H7 "055_Group55" 21 9 3 9 3
A8 "056_Group56" 27 20 13 11 12
B8 "057_Group57" 24 13 13 15 8
C8 "058_Group58" 29 21 17 12 16
D8 "059_Group59" 18 22 19 10 13
E8 "060_Group60" 15 14 9 13 11
F8 "061_Group61" 12 19 15 7 5
G8 "062_Group62" 15 18 18 12 9
H8 "063_Group63" 20 15 24 15 15
A9 "064_Group64" 18 21 23 19 35
B9 "065_Group65" 30 31 38 26 29
C9 "066_Group66" 20 31 33 32 16
D9 "067_Group67" 18 25 21 32 22
E9 "068_Group68" 20 21 20 28 21
F9 "069_Group69" 23 40 40 30 26
G9 "070_Group70" 18 35 31 36 38
H9 "071_Group71" 23 25 29 29 13
A10 "072_Group72" 28 22 17 10 12
B10 "073_Group73" 34 20 14 12 26
C10 "074_Group74" 11 12 15 5 0
D10 "075_Group75" 7 28 28 18 20
E10 "076_Group76" 0 6 1 0 0
F10 "077_Group77" 27 37 19 25 13
G10 "078_Group78" 10 4 4 8 4
H10 "079_Group79" 17 14 18 10 1
A11 "080_Group80" 24 24 8 16 18
B11 "081_Group81" 21 16 15 21 11
C11 "082_Group82" 21 13 18 5 11
D11 "083_Group83" 28 20 17 15 8
E11 "084_Group84" 22 19 17 8 15
F11 "085_Group85" 22 18 14 7 12
G11 "086_Group86" 34 15 29 9 9
H11 "087_Group87" 17 16 17 5 11
A12 "088_Group88" 0 0 0 0 0
B12 "089_Group89" 19 16 7 2 0
C12 "090_Group90" 0 0 2 4 3
D12 "091_Group91" 9 6 5 0 0
E12 "092_Group92" 3 3 16 1 2
F12 "093_Group93" 0 0 2 1 0
G12 "094_Group94" 8 6 6 2 0
H12 "095_Group95" 23 5 3 7 4

"<<<<<< Channel Activity >>>>>>"
Channel Well Group/Time[m] 2 4 6 8 10
CH0 A1.0 "000_Group0" 14 17 28 19 19
CH2 B1.0 "001_Group1" 37 26 19 6 4
CH4 C1.0 "002_Group2" 17 7 31 19 11
CH6 D1.0 "003_Group3" 20 24 30 15 0
CH8 E1.0 "004_Group4" 10 22 19 10 14
CH10 F1.0 "005_Group5" 21 16 17 29 13
CH12 G1.0 "006_Group6" 10 11 28 24 14
CH14 H1.0 "007_Group7" 24 25 18 13 10
CH32 A2.0 "008_Group8" 18 26 30 35 16
CH34 B2.0 "009_Group9" 40 42 37 28 41
CH36 C2.0 "010_Group10" 22 42 17 29 28
CH38 D2.0 "011_Group11" 17 30 30 35 23
CH40 E2.0 "012_Group12" 14 22 29 31 13
CH42 F2.0 "013_Group13" 32 16 40 22 24
CH44 G2.0 "014_Group14" 10 7 15 21 22
CH46 H2.0 "015_Group15" 35 21 29 25 28
CH64 A3.0 "016_Group16" 14 7 12 0 5
CH66 B3.0 "017_Group17" 5 21 11 10 10
CH68 C3.0 "018_Group18" 8 10 10 10 7
CH70 D3.0 "019_Group19" 33 15 16 9 18
CH72 E3.0 "020_Group20" 24 14 14 10 8
CH74 F3.0 "021_Group21" 28 7 7 10 3
CH76 G3.0 "022_Group22" 10 12 14 2 3
CH78 H3.0 "023_Group23" 12 12 13 8 4
CH96 A4.0 "024_Group24" 17 25 26 20 11
CH98 B4.0 "025_Group25" 22 30 25 18 15
CH100 C4.0 "026_Group26" 30 25 37 28 26
CH102 D4.0 "027_Group27" 36 33 15 26 27
CH104 E4.0 "028_Group28" 17 28 32 11 8
CH106 F4.0 "029_Group29" 26 24 15 13 7
CH108 G4.0 "030_Group30" 43 31 26 23 13
CH110 H4.0 "031_Group31" 27 15 16 17 23
CH128 A5.0 "032_Group32" 29 31 38 23 30
CH130 B5.0 "033_Group33" 31 14 11 21 0
CH132 C5.0 "034_Group34" 23 30 19 20 14
CH134 D5.0 "035_Group35" 27 31 12 9 3
CH136 E5.0 "036_Group36" 21 22 29 13 4
CH138 F5.0 "037_Group37" 19 11 9 9 18
CH140 G5.0 "038_Group38" 35 28 16 18 16
CH142 H5.0 "039_Group39" 24 9 9 0 8
CH160 A6.0 "040_Group40" 2 8 2 0 0
CH162 B6.0 "041_Group41" 15 3 5 0 0
CH164 C6.0 "042_Group42" 2 5 5 0 0
CH166 D6.0 "043_Group43" 0 1 0 0 0
CH168 E6.0 "044_Group44" 7 0 0 0 0
CH170 F6.0 "045_Group45" 5 0 0 0 0
CH172 G6.0 "046_Group46" 11 0 0 1 2
CH174 H6.0 "047_Group47" 3 4 3 0 0
CH192 A7.0 "048_Group48" 28 18 5 9 11
CH194 B7.0 "049_Group49" 29 20 12 27 14
CH196 C7.0 "050_Group50" 22 16 14 7 8
CH198 D7.0 "051_Group51" 9 8 11 12 7
CH200 E7.0 "052_Group52" 19 5 10 8 7
CH202 F7.0 "053_Group53" 18 27 24 16 16
CH204 G7.0 "054_Group54" 12 16 10 19 12
CH206 H7.0 "055_Group55" 21 9 3 9 3
CH224 A8.0 "056_Group56" 27 20 13 11 12
CH226 B8.0 "057_Group57" 24 13 13 15 8
CH228 C8.0 "058_Group58" 29 21 17 12 16
CH230 D8.0 "059_Group59" 18 22 19 10 13
CH232 E8.0 "060_Group60" 15 14 9 13 11
CH234 F8.0 "061_Group61" 12 19 15 7 5
CH236 G8.0 "062_Group62" 15 18 18 12 9
CH238 H8.0 "063_Group63" 20 15 24 15 15
CH256 A9.0 "064_Group64" 18 21 23 19 35
CH258 B9.0 "065_Group65" 30 31 38 26 29
CH260 C9.0 "066_Group66" 20 31 33 32 16
CH262 D9.0 "067_Group67" 18 25 21 32 22
CH264 E9.0 "068_Group68" 20 21 20 28 21
CH266 F9.0 "069_Group69" 23 40 40 30 26
CH268 G9.0 "070_Group70" 18 35 31 36 38
CH270 H9.0 "071_Group71" 23 25 29 29 13
CH288 A10.0 "072_Group72" 28 22 17 10 12
CH290 B10.0 "073_Group73" 34 20 14 12 26
CH292 C10.0 "074_Group74" 11 12 15 5 0
CH294 D10.0 "075_Group75" 7 28 28 18 20
CH296 E10.0 "076_Group76" 0 6 1 0 0
CH298 F10.0 "077_Group77" 27 37 19 25 13
CH300 G10.0 "078_Group78" 10 4 4 8 4
CH302 H10.0 "079_Group79" 17 14 18 10 1
CH320 A11.0 "080_Group80" 24 24 8 16 18
CH322 B11.0 "081_Group81" 21 16 15 21 11
CH324 C11.0 "082_Group82" 21 13 18 5 11
CH326 D11.0 "083_Group83" 28 20 17 15 8
CH328 E11.0 "084_Group84" 22 19 17 8 15
CH330 F11.0 "085_Group85" 22 18 14 7 12
CH332 G11.0 "086_Group86" 34 15 29 9 9
CH334 H11.0 "087_Group87" 17 16 17 5 11
CH352 A12.0 "088_Group88" 0 0 0 0 0
CH354 B12.0 "089_Group89" 19 16 7 2 0
CH356 C12.0 "090_Group90" 0 0 2 4 3
CH358 D12.0 "091_Group91" 9 6 5 0 0
CH360 E12.0 "092_Group92" 3 3 16 1 2
CH362 F12.0 "093_Group93" 0 0 2 1 0
CH364 G12.0 "094_Group94" 8 6 6 2 0
CH366 H12.0 "095_Group95" 23 5 3 7 4
