"DATE:" "2/13/2015 8:46:40 AM"
"FILE:" "C:\Users\AndersenLab\Desktop\wmicrotracker\p00011\20150213_0833"
"SUBPROJECT:" "20150213_Longevity_3_2mgmL"

"<<<<<< Group Activity: Average Activity Counts per Data Interval>>>>>>"
Group/Time[m] 2 4 6 8 10
"000_Group0" 0 0 0 0 0
"001_Group1" 13 12 8 3 0
"002_Group2" 10 6 1 0 0
"003_Group3" 6 13 11 0 0
"004_Group4" 1 10 1 2 0
"005_Group5" 5 11 13 5 2
"006_Group6" 6 7 14 1 0
"007_Group7" 4 19 11 9 9
"008_Group8" 6 7 8 1 2
"009_Group9" 8 4 10 7 5
"010_Group10" 10 11 9 5 6
"011_Group11" 13 8 14 1 0
"012_Group12" 13 15 12 9 8
"013_Group13" 10 6 9 4 3
"014_Group14" 8 18 6 6 8
"015_Group15" 9 14 6 6 1
"016_Group16" 8 5 9 0 0
"017_Group17" 2 6 15 5 1
"018_Group18" 1 4 14 1 0
"019_Group19" 0 2 0 0 0
"020_Group20" 1 0 6 0 0
"021_Group21" 6 3 3 0 0
"022_Group22" 4 9 5 1 0
"023_Group23" 3 6 1 1 0
"024_Group24" 9 10 19 7 3
"025_Group25" 9 14 9 11 3
"026_Group26" 8 2 6 6 8
"027_Group27" 8 3 6 3 0
"028_Group28" 9 8 4 7 3
"029_Group29" 2 15 6 3 12
"030_Group30" 10 9 5 6 0
"031_Group31" 7 13 5 2 2
"032_Group32" 15 17 26 19 1
"033_Group33" 20 19 28 5 11
"034_Group34" 6 18 13 27 13
"035_Group35" 12 25 19 1 0
"036_Group36" 19 14 6 8 0
"037_Group37" 19 30 12 12 10
"038_Group38" 26 30 13 3 3
"039_Group39" 10 12 15 7 2
"040_Group40" 0 0 0 0 0
"041_Group41" 0 0 0 0 0
"042_Group42" 0 0 0 0 0
"043_Group43" 0 0 0 0 0
"044_Group44" 0 0 0 0 0
"045_Group45" 0 0 0 0 0
"046_Group46" 0 0 0 0 0
"047_Group47" 0 0 0 0 0
"048_Group48" 11 12 7 0 10
"049_Group49" 23 10 14 5 4
"050_Group50" 0 3 6 2 9
"051_Group51" 10 13 7 8 4
"052_Group52" 5 10 9 2 2
"053_Group53" 14 13 11 5 1
"054_Group54" 6 29 12 4 0
"055_Group55" 6 9 12 6 2
"056_Group56" 16 11 10 1 0
"057_Group57" 3 11 5 9 4
"058_Group58" 8 14 10 10 4
"059_Group59" 11 10 10 2 4
"060_Group60" 5 8 1 1 5
"061_Group61" 12 12 8 0 11
"062_Group62" 13 5 7 1 0
"063_Group63" 0 0 2 0 0
"064_Group64" 13 5 8 0 9
"065_Group65" 13 11 3 0 1
"066_Group66" 20 15 15 7 13
"067_Group67" 10 14 14 14 4
"068_Group68" 11 12 3 2 3
"069_Group69" 12 10 20 5 1
"070_Group70" 14 10 6 3 5
"071_Group71" 18 12 2 7 3
"072_Group72" 12 11 15 15 10
"073_Group73" 10 14 7 7 1
"074_Group74" 8 6 6 3 3
"075_Group75" 0 5 1 0 0
"076_Group76" 0 0 0 0 0
"077_Group77" 6 8 6 0 0
"078_Group78" 7 12 7 4 6
"079_Group79" 0 1 2 0 0
"080_Group80" 7 10 4 4 6
"081_Group81" 11 17 10 2 6
"082_Group82" 13 11 0 3 12
"083_Group83" 8 8 15 9 2
"084_Group84" 11 8 6 7 3
"085_Group85" 15 19 8 14 6
"086_Group86" 13 11 13 4 5
"087_Group87" 14 8 6 0 0
"088_Group88" 0 0 0 2 2
"089_Group89" 1 9 6 4 0
"090_Group90" 0 0 0 0 0
"091_Group91" 0 0 0 0 0
"092_Group92" 0 0 0 0 0
"093_Group93" 1 0 2 0 0
"094_Group94" 1 0 0 1 0
"095_Group95" 3 6 0 2 0

"<<<<<< Group Activity: Number of wells/group >>>>>>"
Group/Time[m] 2 4 6 8 10
"000_Group0" 1 1 1 1 1
"001_Group1" 1 1 1 1 1
"002_Group2" 1 1 1 1 1
"003_Group3" 1 1 1 1 1
"004_Group4" 1 1 1 1 1
"005_Group5" 1 1 1 1 1
"006_Group6" 1 1 1 1 1
"007_Group7" 1 1 1 1 1
"008_Group8" 1 1 1 1 1
"009_Group9" 1 1 1 1 1
"010_Group10" 1 1 1 1 1
"011_Group11" 1 1 1 1 1
"012_Group12" 1 1 1 1 1
"013_Group13" 1 1 1 1 1
"014_Group14" 1 1 1 1 1
"015_Group15" 1 1 1 1 1
"016_Group16" 1 1 1 1 1
"017_Group17" 1 1 1 1 1
"018_Group18" 1 1 1 1 1
"019_Group19" 1 1 1 1 1
"020_Group20" 1 1 1 1 1
"021_Group21" 1 1 1 1 1
"022_Group22" 1 1 1 1 1
"023_Group23" 1 1 1 1 1
"024_Group24" 1 1 1 1 1
"025_Group25" 1 1 1 1 1
"026_Group26" 1 1 1 1 1
"027_Group27" 1 1 1 1 1
"028_Group28" 1 1 1 1 1
"029_Group29" 1 1 1 1 1
"030_Group30" 1 1 1 1 1
"031_Group31" 1 1 1 1 1
"032_Group32" 1 1 1 1 1
"033_Group33" 1 1 1 1 1
"034_Group34" 1 1 1 1 1
"035_Group35" 1 1 1 1 1
"036_Group36" 1 1 1 1 1
"037_Group37" 1 1 1 1 1
"038_Group38" 1 1 1 1 1
"039_Group39" 1 1 1 1 1
"040_Group40" 1 1 1 1 1
"041_Group41" 1 1 1 1 1
"042_Group42" 1 1 1 1 1
"043_Group43" 1 1 1 1 1
"044_Group44" 1 1 1 1 1
"045_Group45" 1 1 1 1 1
"046_Group46" 1 1 1 1 1
"047_Group47" 1 1 1 1 1
"048_Group48" 1 1 1 1 1
"049_Group49" 1 1 1 1 1
"050_Group50" 1 1 1 1 1
"051_Group51" 1 1 1 1 1
"052_Group52" 1 1 1 1 1
"053_Group53" 1 1 1 1 1
"054_Group54" 1 1 1 1 1
"055_Group55" 1 1 1 1 1
"056_Group56" 1 1 1 1 1
"057_Group57" 1 1 1 1 1
"058_Group58" 1 1 1 1 1
"059_Group59" 1 1 1 1 1
"060_Group60" 1 1 1 1 1
"061_Group61" 1 1 1 1 1
"062_Group62" 1 1 1 1 1
"063_Group63" 1 1 1 1 1
"064_Group64" 1 1 1 1 1
"065_Group65" 1 1 1 1 1
"066_Group66" 1 1 1 1 1
"067_Group67" 1 1 1 1 1
"068_Group68" 1 1 1 1 1
"069_Group69" 1 1 1 1 1
"070_Group70" 1 1 1 1 1
"071_Group71" 1 1 1 1 1
"072_Group72" 1 1 1 1 1
"073_Group73" 1 1 1 1 1
"074_Group74" 1 1 1 1 1
"075_Group75" 1 1 1 1 1
"076_Group76" 1 1 1 1 1
"077_Group77" 1 1 1 1 1
"078_Group78" 1 1 1 1 1
"079_Group79" 1 1 1 1 1
"080_Group80" 1 1 1 1 1
"081_Group81" 1 1 1 1 1
"082_Group82" 1 1 1 1 1
"083_Group83" 1 1 1 1 1
"084_Group84" 1 1 1 1 1
"085_Group85" 1 1 1 1 1
"086_Group86" 1 1 1 1 1
"087_Group87" 1 1 1 1 1
"088_Group88" 1 1 1 1 1
"089_Group89" 1 1 1 1 1
"090_Group90" 1 1 1 1 1
"091_Group91" 1 1 1 1 1
"092_Group92" 1 1 1 1 1
"093_Group93" 1 1 1 1 1
"094_Group94" 1 1 1 1 1
"095_Group95" 1 1 1 1 1

"<<<<<< Number of Samples per Acquisition Interval [1unit=500values] >>>>>>"
Time[m] 2 4 6 8 10 
#Samples 2 2 2 2 2 

"<<<<<< Average Temperature [°C] >>>>>>"
Time[m] 2 4 6 8 10 
Temp[°C] 20.3 20.4 20.5 20.5 20.5 

"<<<<<< Well Activity >>>>>>"
Well Group/Time[m] 2 4 6 8 10
A1 "000_Group0" 0 0 0 0 0
B1 "001_Group1" 13 12 8 3 0
C1 "002_Group2" 10 6 1 0 0
D1 "003_Group3" 6 13 11 0 0
E1 "004_Group4" 1 10 1 2 0
F1 "005_Group5" 5 11 13 5 2
G1 "006_Group6" 6 7 14 1 0
H1 "007_Group7" 4 19 11 9 9
A2 "008_Group8" 6 7 8 1 2
B2 "009_Group9" 8 4 10 7 5
C2 "010_Group10" 10 11 9 5 6
D2 "011_Group11" 13 8 14 1 0
E2 "012_Group12" 13 15 12 9 8
F2 "013_Group13" 10 6 9 4 3
G2 "014_Group14" 8 18 6 6 8
H2 "015_Group15" 9 14 6 6 1
A3 "016_Group16" 8 5 9 0 0
B3 "017_Group17" 2 6 15 5 1
C3 "018_Group18" 1 4 14 1 0
D3 "019_Group19" 0 2 0 0 0
E3 "020_Group20" 1 0 6 0 0
F3 "021_Group21" 6 3 3 0 0
G3 "022_Group22" 4 9 5 1 0
H3 "023_Group23" 3 6 1 1 0
A4 "024_Group24" 9 10 19 7 3
B4 "025_Group25" 9 14 9 11 3
C4 "026_Group26" 8 2 6 6 8
D4 "027_Group27" 8 3 6 3 0
E4 "028_Group28" 9 8 4 7 3
F4 "029_Group29" 2 15 6 3 12
G4 "030_Group30" 10 9 5 6 0
H4 "031_Group31" 7 13 5 2 2
A5 "032_Group32" 15 17 26 19 1
B5 "033_Group33" 20 19 28 5 11
C5 "034_Group34" 6 18 13 27 13
D5 "035_Group35" 12 25 19 1 0
E5 "036_Group36" 19 14 6 8 0
F5 "037_Group37" 19 30 12 12 10
G5 "038_Group38" 26 30 13 3 3
H5 "039_Group39" 10 12 15 7 2
A6 "040_Group40" 0 0 0 0 0
B6 "041_Group41" 0 0 0 0 0
C6 "042_Group42" 0 0 0 0 0
D6 "043_Group43" 0 0 0 0 0
E6 "044_Group44" 0 0 0 0 0
F6 "045_Group45" 0 0 0 0 0
G6 "046_Group46" 0 0 0 0 0
H6 "047_Group47" 0 0 0 0 0
A7 "048_Group48" 11 12 7 0 10
B7 "049_Group49" 23 10 14 5 4
C7 "050_Group50" 0 3 6 2 9
D7 "051_Group51" 10 13 7 8 4
E7 "052_Group52" 5 10 9 2 2
F7 "053_Group53" 14 13 11 5 1
G7 "054_Group54" 6 29 12 4 0
H7 "055_Group55" 6 9 12 6 2
A8 "056_Group56" 16 11 10 1 0
B8 "057_Group57" 3 11 5 9 4
C8 "058_Group58" 8 14 10 10 4
D8 "059_Group59" 11 10 10 2 4
E8 "060_Group60" 5 8 1 1 5
F8 "061_Group61" 12 12 8 0 11
G8 "062_Group62" 13 5 7 1 0
H8 "063_Group63" 0 0 2 0 0
A9 "064_Group64" 13 5 8 0 9
B9 "065_Group65" 13 11 3 0 1
C9 "066_Group66" 20 15 15 7 13
D9 "067_Group67" 10 14 14 14 4
E9 "068_Group68" 11 12 3 2 3
F9 "069_Group69" 12 10 20 5 1
G9 "070_Group70" 14 10 6 3 5
H9 "071_Group71" 18 12 2 7 3
A10 "072_Group72" 12 11 15 15 10
B10 "073_Group73" 10 14 7 7 1
C10 "074_Group74" 8 6 6 3 3
D10 "075_Group75" 0 5 1 0 0
E10 "076_Group76" 0 0 0 0 0
F10 "077_Group77" 6 8 6 0 0
G10 "078_Group78" 7 12 7 4 6
H10 "079_Group79" 0 1 2 0 0
A11 "080_Group80" 7 10 4 4 6
B11 "081_Group81" 11 17 10 2 6
C11 "082_Group82" 13 11 0 3 12
D11 "083_Group83" 8 8 15 9 2
E11 "084_Group84" 11 8 6 7 3
F11 "085_Group85" 15 19 8 14 6
G11 "086_Group86" 13 11 13 4 5
H11 "087_Group87" 14 8 6 0 0
A12 "088_Group88" 0 0 0 2 2
B12 "089_Group89" 1 9 6 4 0
C12 "090_Group90" 0 0 0 0 0
D12 "091_Group91" 0 0 0 0 0
E12 "092_Group92" 0 0 0 0 0
F12 "093_Group93" 1 0 2 0 0
G12 "094_Group94" 1 0 0 1 0
H12 "095_Group95" 3 6 0 2 0

"<<<<<< Channel Activity >>>>>>"
Channel Well Group/Time[m] 2 4 6 8 10
CH0 A1.0 "000_Group0" 0 0 0 0 0
CH2 B1.0 "001_Group1" 13 12 8 3 0
CH4 C1.0 "002_Group2" 10 6 1 0 0
CH6 D1.0 "003_Group3" 6 13 11 0 0
CH8 E1.0 "004_Group4" 1 10 1 2 0
CH10 F1.0 "005_Group5" 5 11 13 5 2
CH12 G1.0 "006_Group6" 6 7 14 1 0
CH14 H1.0 "007_Group7" 4 19 11 9 9
CH32 A2.0 "008_Group8" 6 7 8 1 2
CH34 B2.0 "009_Group9" 8 4 10 7 5
CH36 C2.0 "010_Group10" 10 11 9 5 6
CH38 D2.0 "011_Group11" 13 8 14 1 0
CH40 E2.0 "012_Group12" 13 15 12 9 8
CH42 F2.0 "013_Group13" 10 6 9 4 3
CH44 G2.0 "014_Group14" 8 18 6 6 8
CH46 H2.0 "015_Group15" 9 14 6 6 1
CH64 A3.0 "016_Group16" 8 5 9 0 0
CH66 B3.0 "017_Group17" 2 6 15 5 1
CH68 C3.0 "018_Group18" 1 4 14 1 0
CH70 D3.0 "019_Group19" 0 2 0 0 0
CH72 E3.0 "020_Group20" 1 0 6 0 0
CH74 F3.0 "021_Group21" 6 3 3 0 0
CH76 G3.0 "022_Group22" 4 9 5 1 0
CH78 H3.0 "023_Group23" 3 6 1 1 0
CH96 A4.0 "024_Group24" 9 10 19 7 3
CH98 B4.0 "025_Group25" 9 14 9 11 3
CH100 C4.0 "026_Group26" 8 2 6 6 8
CH102 D4.0 "027_Group27" 8 3 6 3 0
CH104 E4.0 "028_Group28" 9 8 4 7 3
CH106 F4.0 "029_Group29" 2 15 6 3 12
CH108 G4.0 "030_Group30" 10 9 5 6 0
CH110 H4.0 "031_Group31" 7 13 5 2 2
CH128 A5.0 "032_Group32" 15 17 26 19 1
CH130 B5.0 "033_Group33" 20 19 28 5 11
CH132 C5.0 "034_Group34" 6 18 13 27 13
CH134 D5.0 "035_Group35" 12 25 19 1 0
CH136 E5.0 "036_Group36" 19 14 6 8 0
CH138 F5.0 "037_Group37" 19 30 12 12 10
CH140 G5.0 "038_Group38" 26 30 13 3 3
CH142 H5.0 "039_Group39" 10 12 15 7 2
CH160 A6.0 "040_Group40" 0 0 0 0 0
CH162 B6.0 "041_Group41" 0 0 0 0 0
CH164 C6.0 "042_Group42" 0 0 0 0 0
CH166 D6.0 "043_Group43" 0 0 0 0 0
CH168 E6.0 "044_Group44" 0 0 0 0 0
CH170 F6.0 "045_Group45" 0 0 0 0 0
CH172 G6.0 "046_Group46" 0 0 0 0 0
CH174 H6.0 "047_Group47" 0 0 0 0 0
CH192 A7.0 "048_Group48" 11 12 7 0 10
CH194 B7.0 "049_Group49" 23 10 14 5 4
CH196 C7.0 "050_Group50" 0 3 6 2 9
CH198 D7.0 "051_Group51" 10 13 7 8 4
CH200 E7.0 "052_Group52" 5 10 9 2 2
CH202 F7.0 "053_Group53" 14 13 11 5 1
CH204 G7.0 "054_Group54" 6 29 12 4 0
CH206 H7.0 "055_Group55" 6 9 12 6 2
CH224 A8.0 "056_Group56" 16 11 10 1 0
CH226 B8.0 "057_Group57" 3 11 5 9 4
CH228 C8.0 "058_Group58" 8 14 10 10 4
CH230 D8.0 "059_Group59" 11 10 10 2 4
CH232 E8.0 "060_Group60" 5 8 1 1 5
CH234 F8.0 "061_Group61" 12 12 8 0 11
CH236 G8.0 "062_Group62" 13 5 7 1 0
CH238 H8.0 "063_Group63" 0 0 2 0 0
CH256 A9.0 "064_Group64" 13 5 8 0 9
CH258 B9.0 "065_Group65" 13 11 3 0 1
CH260 C9.0 "066_Group66" 20 15 15 7 13
CH262 D9.0 "067_Group67" 10 14 14 14 4
CH264 E9.0 "068_Group68" 11 12 3 2 3
CH266 F9.0 "069_Group69" 12 10 20 5 1
CH268 G9.0 "070_Group70" 14 10 6 3 5
CH270 H9.0 "071_Group71" 18 12 2 7 3
CH288 A10.0 "072_Group72" 12 11 15 15 10
CH290 B10.0 "073_Group73" 10 14 7 7 1
CH292 C10.0 "074_Group74" 8 6 6 3 3
CH294 D10.0 "075_Group75" 0 5 1 0 0
CH296 E10.0 "076_Group76" 0 0 0 0 0
CH298 F10.0 "077_Group77" 6 8 6 0 0
CH300 G10.0 "078_Group78" 7 12 7 4 6
CH302 H10.0 "079_Group79" 0 1 2 0 0
CH320 A11.0 "080_Group80" 7 10 4 4 6
CH322 B11.0 "081_Group81" 11 17 10 2 6
CH324 C11.0 "082_Group82" 13 11 0 3 12
CH326 D11.0 "083_Group83" 8 8 15 9 2
CH328 E11.0 "084_Group84" 11 8 6 7 3
CH330 F11.0 "085_Group85" 15 19 8 14 6
CH332 G11.0 "086_Group86" 13 11 13 4 5
CH334 H11.0 "087_Group87" 14 8 6 0 0
CH352 A12.0 "088_Group88" 0 0 0 2 2
CH354 B12.0 "089_Group89" 1 9 6 4 0
CH356 C12.0 "090_Group90" 0 0 0 0 0
CH358 D12.0 "091_Group91" 0 0 0 0 0
CH360 E12.0 "092_Group92" 0 0 0 0 0
CH362 F12.0 "093_Group93" 1 0 2 0 0
CH364 G12.0 "094_Group94" 1 0 0 1 0
CH366 H12.0 "095_Group95" 3 6 0 2 0
