"DATE:" "1/27/2015 9:46:52 AM"
"FILE:" "C:\Users\AndersenLab\Desktop\wmicrotracker\p00011\20150127_0935"
"SUBPROJECT:" "20150127_Longevity_2_4mgmL"

"<<<<<< Group Activity: Average Activity Counts per Data Interval>>>>>>"
Group/Time[m] 2 4 6 8 10
"000_Group0" 0 0 0 0 0
"001_Group1" 5 2 0 0 0
"002_Group2" 2 0 0 0 1
"003_Group3" 0 1 0 0 0
"004_Group4" 4 1 3 0 0
"005_Group5" 0 0 0 0 0
"006_Group6" 0 0 0 0 0
"007_Group7" 1 0 0 0 0
"008_Group8" 0 0 1 0 0
"009_Group9" 1 0 0 0 1
"010_Group10" 0 0 2 0 0
"011_Group11" 0 0 0 0 0
"012_Group12" 9 2 0 3 2
"013_Group13" 0 0 0 0 0
"014_Group14" 0 0 0 0 0
"015_Group15" 0 0 3 1 0
"016_Group16" 9 8 21 8 5
"017_Group17" 40 35 21 17 9
"018_Group18" 32 35 40 31 20
"019_Group19" 22 14 7 8 11
"020_Group20" 34 26 11 11 2
"021_Group21" 33 32 26 29 20
"022_Group22" 26 30 20 10 18
"023_Group23" 10 27 25 12 3
"024_Group24" 0 0 0 0 0
"025_Group25" 4 0 0 0 0
"026_Group26" 4 6 1 6 2
"027_Group27" 3 0 0 4 1
"028_Group28" 0 0 0 0 0
"029_Group29" 0 0 0 0 0
"030_Group30" 3 0 5 2 0
"031_Group31" 0 0 0 0 0
"032_Group32" 20 22 10 19 11
"033_Group33" 19 7 14 7 13
"034_Group34" 19 29 34 27 32
"035_Group35" 18 18 27 23 12
"036_Group36" 15 29 20 12 16
"037_Group37" 15 14 31 20 9
"038_Group38" 22 27 23 18 12
"039_Group39" 33 33 17 14 15
"040_Group40" 0 0 0 0 0
"041_Group41" 0 0 0 0 0
"042_Group42" 0 0 0 0 0
"043_Group43" 0 0 0 0 0
"044_Group44" 0 0 0 0 0
"045_Group45" 0 0 0 0 0
"046_Group46" 0 0 2 0 0
"047_Group47" 0 0 0 0 0
"048_Group48" 0 0 0 0 0
"049_Group49" 0 0 0 0 0
"050_Group50" 0 0 0 0 0
"051_Group51" 0 0 0 0 0
"052_Group52" 0 0 0 0 0
"053_Group53" 0 0 1 0 0
"054_Group54" 0 1 0 0 0
"055_Group55" 0 0 0 0 0
"056_Group56" 0 0 0 0 0
"057_Group57" 17 16 10 16 11
"058_Group58" 12 8 15 15 11
"059_Group59" 40 27 35 11 11
"060_Group60" 20 11 9 17 14
"061_Group61" 40 29 15 7 12
"062_Group62" 41 25 16 14 11
"063_Group63" 47 21 13 8 14
"064_Group64" 17 10 15 7 19
"065_Group65" 28 26 50 16 36
"066_Group66" 42 35 29 26 21
"067_Group67" 26 45 26 11 14
"068_Group68" 23 39 20 13 17
"069_Group69" 25 41 35 27 28
"070_Group70" 33 32 37 19 19
"071_Group71" 28 33 39 37 14
"072_Group72" 26 29 14 11 13
"073_Group73" 31 28 25 16 18
"074_Group74" 14 11 14 15 8
"075_Group75" 13 42 26 13 13
"076_Group76" 25 42 34 33 35
"077_Group77" 43 34 23 18 25
"078_Group78" 43 24 35 14 30
"079_Group79" 17 8 14 7 12
"080_Group80" 15 9 11 5 10
"081_Group81" 7 18 20 9 16
"082_Group82" 17 19 10 11 11
"083_Group83" 16 14 9 7 16
"084_Group84" 12 17 9 14 13
"085_Group85" 31 24 15 11 15
"086_Group86" 11 8 19 9 15
"087_Group87" 19 14 17 6 8
"088_Group88" 1 0 0 0 0
"089_Group89" 0 0 2 0 1
"090_Group90" 0 0 2 0 0
"091_Group91" 0 0 0 0 0
"092_Group92" 0 0 0 0 0
"093_Group93" 0 0 0 0 0
"094_Group94" 0 0 1 0 0
"095_Group95" 0 0 0 0 0

"<<<<<< Group Activity: Number of wells/group >>>>>>"
Group/Time[m] 2 4 6 8 10
"000_Group0" 1 1 1 1 1
"001_Group1" 1 1 1 1 1
"002_Group2" 1 1 1 1 1
"003_Group3" 1 1 1 1 1
"004_Group4" 1 1 1 1 1
"005_Group5" 1 1 1 1 1
"006_Group6" 1 1 1 1 1
"007_Group7" 1 1 1 1 1
"008_Group8" 1 1 1 1 1
"009_Group9" 1 1 1 1 1
"010_Group10" 1 1 1 1 1
"011_Group11" 1 1 1 1 1
"012_Group12" 1 1 1 1 1
"013_Group13" 1 1 1 1 1
"014_Group14" 1 1 1 1 1
"015_Group15" 1 1 1 1 1
"016_Group16" 1 1 1 1 1
"017_Group17" 1 1 1 1 1
"018_Group18" 1 1 1 1 1
"019_Group19" 1 1 1 1 1
"020_Group20" 1 1 1 1 1
"021_Group21" 1 1 1 1 1
"022_Group22" 1 1 1 1 1
"023_Group23" 1 1 1 1 1
"024_Group24" 1 1 1 1 1
"025_Group25" 1 1 1 1 1
"026_Group26" 1 1 1 1 1
"027_Group27" 1 1 1 1 1
"028_Group28" 1 1 1 1 1
"029_Group29" 1 1 1 1 1
"030_Group30" 1 1 1 1 1
"031_Group31" 1 1 1 1 1
"032_Group32" 1 1 1 1 1
"033_Group33" 1 1 1 1 1
"034_Group34" 1 1 1 1 1
"035_Group35" 1 1 1 1 1
"036_Group36" 1 1 1 1 1
"037_Group37" 1 1 1 1 1
"038_Group38" 1 1 1 1 1
"039_Group39" 1 1 1 1 1
"040_Group40" 1 1 1 1 1
"041_Group41" 1 1 1 1 1
"042_Group42" 1 1 1 1 1
"043_Group43" 1 1 1 1 1
"044_Group44" 1 1 1 1 1
"045_Group45" 1 1 1 1 1
"046_Group46" 1 1 1 1 1
"047_Group47" 1 1 1 1 1
"048_Group48" 1 1 1 1 1
"049_Group49" 1 1 1 1 1
"050_Group50" 1 1 1 1 1
"051_Group51" 1 1 1 1 1
"052_Group52" 1 1 1 1 1
"053_Group53" 1 1 1 1 1
"054_Group54" 1 1 1 1 1
"055_Group55" 1 1 1 1 1
"056_Group56" 1 1 1 1 1
"057_Group57" 1 1 1 1 1
"058_Group58" 1 1 1 1 1
"059_Group59" 1 1 1 1 1
"060_Group60" 1 1 1 1 1
"061_Group61" 1 1 1 1 1
"062_Group62" 1 1 1 1 1
"063_Group63" 1 1 1 1 1
"064_Group64" 1 1 1 1 1
"065_Group65" 1 1 1 1 1
"066_Group66" 1 1 1 1 1
"067_Group67" 1 1 1 1 1
"068_Group68" 1 1 1 1 1
"069_Group69" 1 1 1 1 1
"070_Group70" 1 1 1 1 1
"071_Group71" 1 1 1 1 1
"072_Group72" 1 1 1 1 1
"073_Group73" 1 1 1 1 1
"074_Group74" 1 1 1 1 1
"075_Group75" 1 1 1 1 1
"076_Group76" 1 1 1 1 1
"077_Group77" 1 1 1 1 1
"078_Group78" 1 1 1 1 1
"079_Group79" 1 1 1 1 1
"080_Group80" 1 1 1 1 1
"081_Group81" 1 1 1 1 1
"082_Group82" 1 1 1 1 1
"083_Group83" 1 1 1 1 1
"084_Group84" 1 1 1 1 1
"085_Group85" 1 1 1 1 1
"086_Group86" 1 1 1 1 1
"087_Group87" 1 1 1 1 1
"088_Group88" 1 1 1 1 1
"089_Group89" 1 1 1 1 1
"090_Group90" 1 1 1 1 1
"091_Group91" 1 1 1 1 1
"092_Group92" 1 1 1 1 1
"093_Group93" 1 1 1 1 1
"094_Group94" 1 1 1 1 1
"095_Group95" 1 1 1 1 1

"<<<<<< Number of Samples per Acquisition Interval [1unit=500values] >>>>>>"
Time[m] 2 4 6 8 10 
#Samples 2 2 2 2 2 

"<<<<<< Average Temperature [°C] >>>>>>"
Time[m] 2 4 6 8 10 
Temp[°C] 21.8 21.8 21.8 21.8 21.8 

"<<<<<< Well Activity >>>>>>"
Well Group/Time[m] 2 4 6 8 10
A1 "000_Group0" 0 0 0 0 0
B1 "001_Group1" 5 2 0 0 0
C1 "002_Group2" 2 0 0 0 1
D1 "003_Group3" 0 1 0 0 0
E1 "004_Group4" 4 1 3 0 0
F1 "005_Group5" 0 0 0 0 0
G1 "006_Group6" 0 0 0 0 0
H1 "007_Group7" 1 0 0 0 0
A2 "008_Group8" 0 0 1 0 0
B2 "009_Group9" 1 0 0 0 1
C2 "010_Group10" 0 0 2 0 0
D2 "011_Group11" 0 0 0 0 0
E2 "012_Group12" 9 2 0 3 2
F2 "013_Group13" 0 0 0 0 0
G2 "014_Group14" 0 0 0 0 0
H2 "015_Group15" 0 0 3 1 0
A3 "016_Group16" 9 8 21 8 5
B3 "017_Group17" 40 35 21 17 9
C3 "018_Group18" 32 35 40 31 20
D3 "019_Group19" 22 14 7 8 11
E3 "020_Group20" 34 26 11 11 2
F3 "021_Group21" 33 32 26 29 20
G3 "022_Group22" 26 30 20 10 18
H3 "023_Group23" 10 27 25 12 3
A4 "024_Group24" 0 0 0 0 0
B4 "025_Group25" 4 0 0 0 0
C4 "026_Group26" 4 6 1 6 2
D4 "027_Group27" 3 0 0 4 1
E4 "028_Group28" 0 0 0 0 0
F4 "029_Group29" 0 0 0 0 0
G4 "030_Group30" 3 0 5 2 0
H4 "031_Group31" 0 0 0 0 0
A5 "032_Group32" 20 22 10 19 11
B5 "033_Group33" 19 7 14 7 13
C5 "034_Group34" 19 29 34 27 32
D5 "035_Group35" 18 18 27 23 12
E5 "036_Group36" 15 29 20 12 16
F5 "037_Group37" 15 14 31 20 9
G5 "038_Group38" 22 27 23 18 12
H5 "039_Group39" 33 33 17 14 15
A6 "040_Group40" 0 0 0 0 0
B6 "041_Group41" 0 0 0 0 0
C6 "042_Group42" 0 0 0 0 0
D6 "043_Group43" 0 0 0 0 0
E6 "044_Group44" 0 0 0 0 0
F6 "045_Group45" 0 0 0 0 0
G6 "046_Group46" 0 0 2 0 0
H6 "047_Group47" 0 0 0 0 0
A7 "048_Group48" 0 0 0 0 0
B7 "049_Group49" 0 0 0 0 0
C7 "050_Group50" 0 0 0 0 0
D7 "051_Group51" 0 0 0 0 0
E7 "052_Group52" 0 0 0 0 0
F7 "053_Group53" 0 0 1 0 0
G7 "054_Group54" 0 1 0 0 0
H7 "055_Group55" 0 0 0 0 0
A8 "056_Group56" 0 0 0 0 0
B8 "057_Group57" 17 16 10 16 11
C8 "058_Group58" 12 8 15 15 11
D8 "059_Group59" 40 27 35 11 11
E8 "060_Group60" 20 11 9 17 14
F8 "061_Group61" 40 29 15 7 12
G8 "062_Group62" 41 25 16 14 11
H8 "063_Group63" 47 21 13 8 14
A9 "064_Group64" 17 10 15 7 19
B9 "065_Group65" 28 26 50 16 36
C9 "066_Group66" 42 35 29 26 21
D9 "067_Group67" 26 45 26 11 14
E9 "068_Group68" 23 39 20 13 17
F9 "069_Group69" 25 41 35 27 28
G9 "070_Group70" 33 32 37 19 19
H9 "071_Group71" 28 33 39 37 14
A10 "072_Group72" 26 29 14 11 13
B10 "073_Group73" 31 28 25 16 18
C10 "074_Group74" 14 11 14 15 8
D10 "075_Group75" 13 42 26 13 13
E10 "076_Group76" 25 42 34 33 35
F10 "077_Group77" 43 34 23 18 25
G10 "078_Group78" 43 24 35 14 30
H10 "079_Group79" 17 8 14 7 12
A11 "080_Group80" 15 9 11 5 10
B11 "081_Group81" 7 18 20 9 16
C11 "082_Group82" 17 19 10 11 11
D11 "083_Group83" 16 14 9 7 16
E11 "084_Group84" 12 17 9 14 13
F11 "085_Group85" 31 24 15 11 15
G11 "086_Group86" 11 8 19 9 15
H11 "087_Group87" 19 14 17 6 8
A12 "088_Group88" 1 0 0 0 0
B12 "089_Group89" 0 0 2 0 1
C12 "090_Group90" 0 0 2 0 0
D12 "091_Group91" 0 0 0 0 0
E12 "092_Group92" 0 0 0 0 0
F12 "093_Group93" 0 0 0 0 0
G12 "094_Group94" 0 0 1 0 0
H12 "095_Group95" 0 0 0 0 0

"<<<<<< Channel Activity >>>>>>"
Channel Well Group/Time[m] 2 4 6 8 10
CH0 A1.0 "000_Group0" 0 0 0 0 0
CH2 B1.0 "001_Group1" 5 2 0 0 0
CH4 C1.0 "002_Group2" 2 0 0 0 1
CH6 D1.0 "003_Group3" 0 1 0 0 0
CH8 E1.0 "004_Group4" 4 1 3 0 0
CH10 F1.0 "005_Group5" 0 0 0 0 0
CH12 G1.0 "006_Group6" 0 0 0 0 0
CH14 H1.0 "007_Group7" 1 0 0 0 0
CH32 A2.0 "008_Group8" 0 0 1 0 0
CH34 B2.0 "009_Group9" 1 0 0 0 1
CH36 C2.0 "010_Group10" 0 0 2 0 0
CH38 D2.0 "011_Group11" 0 0 0 0 0
CH40 E2.0 "012_Group12" 9 2 0 3 2
CH42 F2.0 "013_Group13" 0 0 0 0 0
CH44 G2.0 "014_Group14" 0 0 0 0 0
CH46 H2.0 "015_Group15" 0 0 3 1 0
CH64 A3.0 "016_Group16" 9 8 21 8 5
CH66 B3.0 "017_Group17" 40 35 21 17 9
CH68 C3.0 "018_Group18" 32 35 40 31 20
CH70 D3.0 "019_Group19" 22 14 7 8 11
CH72 E3.0 "020_Group20" 34 26 11 11 2
CH74 F3.0 "021_Group21" 33 32 26 29 20
CH76 G3.0 "022_Group22" 26 30 20 10 18
CH78 H3.0 "023_Group23" 10 27 25 12 3
CH96 A4.0 "024_Group24" 0 0 0 0 0
CH98 B4.0 "025_Group25" 4 0 0 0 0
CH100 C4.0 "026_Group26" 4 6 1 6 2
CH102 D4.0 "027_Group27" 3 0 0 4 1
CH104 E4.0 "028_Group28" 0 0 0 0 0
CH106 F4.0 "029_Group29" 0 0 0 0 0
CH108 G4.0 "030_Group30" 3 0 5 2 0
CH110 H4.0 "031_Group31" 0 0 0 0 0
CH128 A5.0 "032_Group32" 20 22 10 19 11
CH130 B5.0 "033_Group33" 19 7 14 7 13
CH132 C5.0 "034_Group34" 19 29 34 27 32
CH134 D5.0 "035_Group35" 18 18 27 23 12
CH136 E5.0 "036_Group36" 15 29 20 12 16
CH138 F5.0 "037_Group37" 15 14 31 20 9
CH140 G5.0 "038_Group38" 22 27 23 18 12
CH142 H5.0 "039_Group39" 33 33 17 14 15
CH160 A6.0 "040_Group40" 0 0 0 0 0
CH162 B6.0 "041_Group41" 0 0 0 0 0
CH164 C6.0 "042_Group42" 0 0 0 0 0
CH166 D6.0 "043_Group43" 0 0 0 0 0
CH168 E6.0 "044_Group44" 0 0 0 0 0
CH170 F6.0 "045_Group45" 0 0 0 0 0
CH172 G6.0 "046_Group46" 0 0 2 0 0
CH174 H6.0 "047_Group47" 0 0 0 0 0
CH192 A7.0 "048_Group48" 0 0 0 0 0
CH194 B7.0 "049_Group49" 0 0 0 0 0
CH196 C7.0 "050_Group50" 0 0 0 0 0
CH198 D7.0 "051_Group51" 0 0 0 0 0
CH200 E7.0 "052_Group52" 0 0 0 0 0
CH202 F7.0 "053_Group53" 0 0 1 0 0
CH204 G7.0 "054_Group54" 0 1 0 0 0
CH206 H7.0 "055_Group55" 0 0 0 0 0
CH224 A8.0 "056_Group56" 0 0 0 0 0
CH226 B8.0 "057_Group57" 17 16 10 16 11
CH228 C8.0 "058_Group58" 12 8 15 15 11
CH230 D8.0 "059_Group59" 40 27 35 11 11
CH232 E8.0 "060_Group60" 20 11 9 17 14
CH234 F8.0 "061_Group61" 40 29 15 7 12
CH236 G8.0 "062_Group62" 41 25 16 14 11
CH238 H8.0 "063_Group63" 47 21 13 8 14
CH256 A9.0 "064_Group64" 17 10 15 7 19
CH258 B9.0 "065_Group65" 28 26 50 16 36
CH260 C9.0 "066_Group66" 42 35 29 26 21
CH262 D9.0 "067_Group67" 26 45 26 11 14
CH264 E9.0 "068_Group68" 23 39 20 13 17
CH266 F9.0 "069_Group69" 25 41 35 27 28
CH268 G9.0 "070_Group70" 33 32 37 19 19
CH270 H9.0 "071_Group71" 28 33 39 37 14
CH288 A10.0 "072_Group72" 26 29 14 11 13
CH290 B10.0 "073_Group73" 31 28 25 16 18
CH292 C10.0 "074_Group74" 14 11 14 15 8
CH294 D10.0 "075_Group75" 13 42 26 13 13
CH296 E10.0 "076_Group76" 25 42 34 33 35
CH298 F10.0 "077_Group77" 43 34 23 18 25
CH300 G10.0 "078_Group78" 43 24 35 14 30
CH302 H10.0 "079_Group79" 17 8 14 7 12
CH320 A11.0 "080_Group80" 15 9 11 5 10
CH322 B11.0 "081_Group81" 7 18 20 9 16
CH324 C11.0 "082_Group82" 17 19 10 11 11
CH326 D11.0 "083_Group83" 16 14 9 7 16
CH328 E11.0 "084_Group84" 12 17 9 14 13
CH330 F11.0 "085_Group85" 31 24 15 11 15
CH332 G11.0 "086_Group86" 11 8 19 9 15
CH334 H11.0 "087_Group87" 19 14 17 6 8
CH352 A12.0 "088_Group88" 1 0 0 0 0
CH354 B12.0 "089_Group89" 0 0 2 0 1
CH356 C12.0 "090_Group90" 0 0 2 0 0
CH358 D12.0 "091_Group91" 0 0 0 0 0
CH360 E12.0 "092_Group92" 0 0 0 0 0
CH362 F12.0 "093_Group93" 0 0 0 0 0
CH364 G12.0 "094_Group94" 0 0 1 0 0
CH366 H12.0 "095_Group95" 0 0 0 0 0
